/*--------------------------------*- C++ -*----------------------------------*\
  =========                 |
  \\      /  F ield         | OpenFOAM: The Open Source CFD Toolbox
   \\    /   O peration     | Website:  https://openfoam.org
    \\  /    A nd           | Version:  7
     \\/     M anipulation  |
\*---------------------------------------------------------------------------*/
FoamFile
{
    version     2.0;
    format      ascii;
    class       volVectorField;
    location    "5.5";
    object      U;
}
// * * * * * * * * * * * * * * * * * * * * * * * * * * * * * * * * * * * * * //

dimensions      [0 1 -1 0 0 0 0];

internalField   nonuniform List<vector> 
2413
(
(1.32381 0.088499 0)
(1.32389 0.0881545 0)
(1.32434 0.0878938 0)
(1.3249 0.0876202 0)
(1.32555 0.087248 0)
(1.32616 0.0868611 0)
(1.32667 0.0865496 0)
(1.32711 0.0862885 0)
(1.32741 0.0860262 0)
(1.32747 0.0856514 0)
(1.32766 0.0852242 0)
(1.32816 0.0849301 0)
(1.32879 0.0845968 0)
(1.3295 0.0841876 0)
(1.33007 0.0838534 0)
(1.33053 0.0835579 0)
(1.33087 0.0831625 0)
(1.33115 0.0826613 0)
(1.33152 0.0822159 0)
(1.33193 0.0818479 0)
(1.3323 0.0814666 0)
(1.33258 0.0809892 0)
(1.33289 0.0804775 0)
(1.33332 0.0800546 0)
(1.33379 0.0797052 0)
(1.33424 0.0793928 0)
(1.33466 0.0790901 0)
(1.33502 0.0787744 0)
(1.33532 0.0784426 0)
(1.3356 0.0781258 0)
(1.33586 0.0778548 0)
(1.33608 0.0776213 0)
(1.33626 0.0773697 0)
(1.33656 0.0771055 0)
(1.33697 0.0768606 0)
(1.33744 0.0765383 0)
(1.33798 0.0760902 0)
(1.33845 0.0756277 0)
(1.33881 0.0752426 0)
(1.33902 0.0748851 0)
(1.33892 0.0744837 0)
(1.33887 0.0741127 0)
(1.33921 0.0739014 0)
(1.33965 0.0736922 0)
(1.34023 0.0734051 0)
(1.34091 0.0730376 0)
(1.34141 0.0727207 0)
(1.34179 0.0724505 0)
(1.34203 0.0721269 0)
(1.34191 0.0716554 0)
(1.34189 0.0711685 0)
(1.34223 0.0708815 0)
(1.34268 0.070539 0)
(1.34319 0.0701216 0)
(1.34356 0.0697686 0)
(1.34381 0.0694669 0)
(1.34387 0.0691207 0)
(1.34357 0.068633 0)
(1.34349 0.0681847 0)
(1.34375 0.0679349 0)
(1.34419 0.0676002 0)
(1.34468 0.0671993 0)
(1.34501 0.0669638 0)
(1.3453 0.0667811 0)
(1.34544 0.0665253 0)
(1.34557 0.0661192 0)
(1.34604 0.0657363 0)
(1.34664 0.0653029 0)
(1.34727 0.064838 0)
(1.34786 0.0643469 0)
(1.34834 0.0637437 0)
(1.34896 0.0631234 0)
(1.34984 0.0626092 0)
(1.35086 0.062104 0)
(1.35195 0.0615681 0)
(1.35304 0.0610311 0)
(1.35407 0.0605272 0)
(1.35495 0.0600644 0)
(1.35548 0.0595724 0)
(1.35572 0.0589163 0)
(1.35638 0.0583567 0)
(1.35718 0.0579421 0)
(1.35799 0.0574636 0)
(1.35866 0.0570038 0)
(1.35898 0.0567296 0)
(1.35899 0.0566361 0)
(1.35861 0.0566307 0)
(1.35774 0.0567385 0)
(1.35726 0.0568036 0)
(1.35682 0.0568339 0)
(1.35647 0.0569266 0)
(1.35612 0.0570638 0)
(1.35546 0.0572088 0)
(1.35462 0.0573666 0)
(1.35359 0.057652 0)
(1.35238 0.0581353 0)
(1.351 0.058672 0)
(1.34934 0.0594726 0)
(1.34741 0.060694 0)
(1.34511 0.0619778 0)
(1.3424 0.0633879 0)
(1.33892 0.0653761 0)
(1.33554 0.06705 0)
(1.33219 0.0684408 0)
(1.32871 0.0707982 0)
(1.32586 0.0726856 0)
(1.32353 0.0737525 0)
(1.32101 0.0752202 0)
(1.31809 0.0767742 0)
(1.31557 0.0780548 0)
(1.31362 0.0788474 0)
(1.31251 0.0798063 0)
(1.31136 0.0807208 0)
(1.30984 0.0811747 0)
(1.3084 0.0816895 0)
(1.30732 0.081952 0)
(1.31479 0.0964398 0)
(1.31497 0.0961496 0)
(1.31507 0.0957582 0)
(1.3155 0.0954382 0)
(1.31602 0.0951327 0)
(1.31654 0.0948067 0)
(1.317 0.0945189 0)
(1.31733 0.0942401 0)
(1.31738 0.0938868 0)
(1.3176 0.0935391 0)
(1.31811 0.0933113 0)
(1.31866 0.0930565 0)
(1.31919 0.0927835 0)
(1.31966 0.0925018 0)
(1.32004 0.0921668 0)
(1.32032 0.0917716 0)
(1.32064 0.0914109 0)
(1.32101 0.0911189 0)
(1.32139 0.090812 0)
(1.32185 0.0904904 0)
(1.3224 0.0901806 0)
(1.32302 0.0898141 0)
(1.32362 0.0894213 0)
(1.32413 0.0890826 0)
(1.32452 0.0887681 0)
(1.32466 0.0883939 0)
(1.32481 0.087995 0)
(1.3253 0.0877417 0)
(1.32592 0.0874447 0)
(1.32668 0.0870009 0)
(1.32726 0.0866171 0)
(1.3277 0.0862792 0)
(1.32799 0.0858182 0)
(1.32834 0.0853612 0)
(1.32877 0.0850099 0)
(1.32915 0.0846796 0)
(1.32939 0.0842711 0)
(1.32959 0.0837895 0)
(1.33001 0.0834415 0)
(1.3305 0.0831511 0)
(1.33097 0.0828657 0)
(1.33139 0.0826091 0)
(1.33169 0.0823438 0)
(1.33176 0.0819748 0)
(1.33198 0.0815905 0)
(1.33244 0.0813272 0)
(1.33293 0.0810491 0)
(1.33342 0.0807784 0)
(1.33386 0.0805543 0)
(1.33424 0.0803519 0)
(1.33446 0.080073 0)
(1.33457 0.0796234 0)
(1.33496 0.0792236 0)
(1.3355 0.0787807 0)
(1.33603 0.0782723 0)
(1.33644 0.0778787 0)
(1.33672 0.0775451 0)
(1.3368 0.0771627 0)
(1.337 0.0767868 0)
(1.33744 0.0765313 0)
(1.33799 0.0762081 0)
(1.33861 0.0757939 0)
(1.33908 0.0754486 0)
(1.33944 0.0751462 0)
(1.33959 0.0747577 0)
(1.33956 0.0742528 0)
(1.33983 0.0738945 0)
(1.34024 0.0735948 0)
(1.34074 0.0732087 0)
(1.34116 0.0728392 0)
(1.34145 0.072554 0)
(1.34162 0.0722859 0)
(1.34152 0.0719599 0)
(1.34113 0.0715463 0)
(1.34115 0.0712485 0)
(1.34137 0.0710468 0)
(1.34174 0.0707681 0)
(1.34217 0.0704445 0)
(1.34241 0.0702489 0)
(1.34264 0.0701053 0)
(1.34278 0.0699594 0)
(1.34266 0.0697627 0)
(1.34248 0.0694391 0)
(1.34279 0.0691454 0)
(1.34332 0.0688204 0)
(1.34397 0.0683686 0)
(1.34461 0.0679694 0)
(1.34525 0.0676385 0)
(1.34587 0.0672999 0)
(1.34639 0.0668905 0)
(1.34684 0.0663663 0)
(1.34757 0.0658429 0)
(1.3485 0.0653452 0)
(1.34949 0.0647991 0)
(1.35044 0.0642477 0)
(1.35128 0.0637419 0)
(1.3519 0.063172 0)
(1.35256 0.062451 0)
(1.35357 0.0618342 0)
(1.35465 0.0611876 0)
(1.35563 0.060542 0)
(1.35636 0.0600798 0)
(1.35683 0.0597266 0)
(1.3568 0.0593871 0)
(1.35647 0.0591005 0)
(1.35651 0.0590019 0)
(1.35655 0.0588832 0)
(1.35667 0.0585865 0)
(1.3566 0.0584683 0)
(1.35619 0.0585028 0)
(1.3557 0.0585954 0)
(1.35492 0.0587724 0)
(1.35415 0.0589672 0)
(1.35334 0.0591562 0)
(1.35254 0.0594435 0)
(1.35183 0.0597936 0)
(1.35114 0.0602577 0)
(1.34972 0.0610134 0)
(1.34775 0.0618422 0)
(1.34543 0.0626992 0)
(1.34268 0.0640393 0)
(1.33975 0.0656408 0)
(1.33683 0.0669633 0)
(1.33388 0.0685681 0)
(1.33073 0.0706351 0)
(1.32764 0.0724095 0)
(1.32485 0.0736973 0)
(1.32251 0.0754347 0)
(1.32026 0.077379 0)
(1.3179 0.0787744 0)
(1.3155 0.079754 0)
(1.31333 0.0806724 0)
(1.31129 0.0990043 0)
(1.31166 0.0986957 0)
(1.31182 0.0982869 0)
(1.31218 0.097901 0)
(1.31275 0.0975913 0)
(1.31337 0.0972091 0)
(1.31392 0.0968612 0)
(1.31437 0.0965702 0)
(1.3146 0.0962193 0)
(1.31478 0.0957937 0)
(1.3153 0.0955101 0)
(1.31591 0.0951907 0)
(1.31647 0.0948846 0)
(1.31695 0.0946379 0)
(1.31723 0.0942994 0)
(1.31751 0.0938591 0)
(1.31805 0.0935273 0)
(1.31861 0.0931777 0)
(1.31911 0.0928784 0)
(1.31951 0.0926008 0)
(1.31982 0.0922276 0)
(1.32027 0.0918659 0)
(1.3208 0.0915324 0)
(1.32133 0.091183 0)
(1.32179 0.0908821 0)
(1.32214 0.0906038 0)
(1.32232 0.090259 0)
(1.32269 0.0899515 0)
(1.32323 0.0897129 0)
(1.32383 0.0893756 0)
(1.32436 0.0890529 0)
(1.32479 0.0887602 0)
(1.32509 0.0883739 0)
(1.32543 0.0879476 0)
(1.32585 0.0875941 0)
(1.32625 0.0872808 0)
(1.32652 0.0869372 0)
(1.32668 0.0865089 0)
(1.32708 0.0861651 0)
(1.32761 0.0858632 0)
(1.32814 0.0855166 0)
(1.32861 0.0851893 0)
(1.32897 0.0848673 0)
(1.32911 0.0844563 0)
(1.32931 0.0840182 0)
(1.32979 0.08371 0)
(1.33038 0.0833592 0)
(1.33107 0.0829249 0)
(1.33162 0.0825597 0)
(1.33206 0.0822695 0)
(1.33233 0.0819432 0)
(1.33234 0.0815031 0)
(1.33257 0.0811015 0)
(1.33304 0.0808046 0)
(1.33365 0.0803951 0)
(1.33425 0.0799606 0)
(1.33468 0.0796833 0)
(1.33501 0.0794569 0)
(1.33509 0.0791837 0)
(1.33516 0.0788507 0)
(1.33555 0.0786213 0)
(1.336 0.0783335 0)
(1.33642 0.0780189 0)
(1.33676 0.0777555 0)
(1.33698 0.0774876 0)
(1.33698 0.0771299 0)
(1.33716 0.0767804 0)
(1.33751 0.0765057 0)
(1.33791 0.0761633 0)
(1.33827 0.0758292 0)
(1.33855 0.0755675 0)
(1.33873 0.0753337 0)
(1.33867 0.0750694 0)
(1.33834 0.0747288 0)
(1.33835 0.0744343 0)
(1.33857 0.0742122 0)
(1.33891 0.0739084 0)
(1.33934 0.0735328 0)
(1.33962 0.0732654 0)
(1.33987 0.0730776 0)
(1.34003 0.0728849 0)
(1.33994 0.0726298 0)
(1.33981 0.0723293 0)
(1.34007 0.0721086 0)
(1.34048 0.0718872 0)
(1.34105 0.0715656 0)
(1.34175 0.0711427 0)
(1.34233 0.0707883 0)
(1.34284 0.0705026 0)
(1.34325 0.0702148 0)
(1.34333 0.0698465 0)
(1.34344 0.0693675 0)
(1.34412 0.0690053 0)
(1.34497 0.068605 0)
(1.34588 0.068139 0)
(1.34679 0.0676826 0)
(1.34763 0.0672265 0)
(1.34829 0.0667276 0)
(1.3488 0.0660879 0)
(1.3496 0.0654401 0)
(1.35062 0.0648624 0)
(1.35163 0.0642721 0)
(1.35253 0.0637309 0)
(1.35317 0.0632449 0)
(1.35337 0.0626887 0)
(1.35362 0.0620867 0)
(1.35422 0.0617185 0)
(1.35483 0.0613196 0)
(1.35546 0.0608052 0)
(1.35576 0.0603867 0)
(1.35575 0.0601976 0)
(1.35539 0.0601205 0)
(1.35461 0.060136 0)
(1.35411 0.0601592 0)
(1.35356 0.060158 0)
(1.35311 0.060202 0)
(1.35292 0.0603606 0)
(1.35288 0.060564 0)
(1.35243 0.0607113 0)
(1.35157 0.060847 0)
(1.35048 0.0610954 0)
(1.34911 0.06156 0)
(1.34743 0.0621791 0)
(1.34541 0.0629578 0)
(1.34314 0.0640033 0)
(1.34087 0.0651899 0)
(1.33872 0.0667015 0)
(1.33637 0.0686351 0)
(1.33375 0.0703588 0)
(1.33105 0.0719257 0)
(1.32809 0.0736366 0)
(1.32491 0.0754357 0)
(1.30847 0.100913 0)
(1.30893 0.100615 0)
(1.30923 0.10028 0)
(1.30944 0.0998494 0)
(1.30994 0.0995184 0)
(1.31055 0.0991683 0)
(1.31115 0.0987884 0)
(1.31166 0.0984945 0)
(1.31203 0.098214 0)
(1.3122 0.0978529 0)
(1.31259 0.0975327 0)
(1.31315 0.0972789 0)
(1.31373 0.0969818 0)
(1.31424 0.0967154 0)
(1.31464 0.0964651 0)
(1.31482 0.0961198 0)
(1.31515 0.0957423 0)
(1.31571 0.0954393 0)
(1.31632 0.0950474 0)
(1.31684 0.0947286 0)
(1.31726 0.0944873 0)
(1.31749 0.0941666 0)
(1.31778 0.0937752 0)
(1.31833 0.0934742 0)
(1.31894 0.0930857 0)
(1.31945 0.0927628 0)
(1.31984 0.0924558 0)
(1.32014 0.0920413 0)
(1.32063 0.0917001 0)
(1.32122 0.0913568 0)
(1.32175 0.0910089 0)
(1.32218 0.0906746 0)
(1.32251 0.0902309 0)
(1.32295 0.0897927 0)
(1.32346 0.0894134 0)
(1.32395 0.0890475 0)
(1.32434 0.0887002 0)
(1.32457 0.088304 0)
(1.32484 0.0878943 0)
(1.32531 0.0875874 0)
(1.32579 0.0872883 0)
(1.32623 0.0869834 0)
(1.32656 0.0866564 0)
(1.3267 0.0862268 0)
(1.32699 0.0858209 0)
(1.32748 0.0855374 0)
(1.32807 0.0852014 0)
(1.32865 0.0848543 0)
(1.32912 0.0845918 0)
(1.3295 0.0843598 0)
(1.32971 0.0840891 0)
(1.32969 0.0837324 0)
(1.32992 0.0834229 0)
(1.33034 0.0831855 0)
(1.33086 0.0828718 0)
(1.33147 0.0824638 0)
(1.33197 0.0821184 0)
(1.33238 0.0818786 0)
(1.33267 0.0816693 0)
(1.33267 0.0814448 0)
(1.33248 0.0811322 0)
(1.33276 0.0808922 0)
(1.33321 0.0806578 0)
(1.33371 0.0803088 0)
(1.33411 0.0800045 0)
(1.33441 0.0797475 0)
(1.33451 0.0794064 0)
(1.33458 0.0789414 0)
(1.33491 0.0785925 0)
(1.33531 0.078249 0)
(1.33566 0.0779464 0)
(1.33593 0.0777134 0)
(1.33611 0.0775019 0)
(1.33606 0.0772573 0)
(1.3359 0.0769244 0)
(1.33607 0.0766438 0)
(1.33637 0.0763529 0)
(1.33683 0.075921 0)
(1.33719 0.075532 0)
(1.33747 0.0752895 0)
(1.33766 0.0750733 0)
(1.33764 0.0748212 0)
(1.33769 0.0745863 0)
(1.338 0.0744429 0)
(1.33838 0.0742911 0)
(1.33888 0.0740673 0)
(1.33945 0.0737594 0)
(1.33991 0.0734758 0)
(1.3403 0.0732188 0)
(1.34062 0.0729481 0)
(1.34063 0.0726239 0)
(1.34043 0.0722314 0)
(1.3408 0.0719509 0)
(1.34142 0.0717008 0)
(1.34215 0.0713369 0)
(1.34287 0.0709773 0)
(1.34357 0.0706302 0)
(1.34419 0.0702318 0)
(1.3446 0.0697098 0)
(1.34507 0.0691081 0)
(1.34588 0.0685964 0)
(1.34678 0.0680868 0)
(1.34767 0.0675337 0)
(1.34841 0.0669519 0)
(1.34885 0.0662668 0)
(1.34928 0.0655156 0)
(1.35009 0.064924 0)
(1.35103 0.0643681 0)
(1.35202 0.0636807 0)
(1.35284 0.0630086 0)
(1.35336 0.0625571 0)
(1.35358 0.0621838 0)
(1.3533 0.0617515 0)
(1.35302 0.0614532 0)
(1.35303 0.0613941 0)
(1.353 0.0613224 0)
(1.35305 0.0611932 0)
(1.35336 0.0611306 0)
(1.35332 0.0611609 0)
(1.35285 0.0611997 0)
(1.35233 0.0612276 0)
(1.35166 0.0612779 0)
(1.35074 0.0614106 0)
(1.34999 0.0615734 0)
(1.34923 0.0617817 0)
(1.34842 0.0621495 0)
(1.34769 0.0626835 0)
(1.34705 0.0634528 0)
(1.34558 0.0643816 0)
(1.34351 0.0653886 0)
(1.34116 0.0665903 0)
(1.3386 0.0679195 0)
(1.30568 0.10325 0)
(1.30623 0.102905 0)
(1.30666 0.10261 0)
(1.30688 0.102221 0)
(1.30717 0.101775 0)
(1.30773 0.10144 0)
(1.30835 0.101048 0)
(1.30891 0.100699 0)
(1.30938 0.100421 0)
(1.30966 0.100095 0)
(1.30995 0.0997209 0)
(1.31048 0.0994497 0)
(1.31108 0.099165 0)
(1.31166 0.0988622 0)
(1.31216 0.0985954 0)
(1.31251 0.098314 0)
(1.31262 0.0979182 0)
(1.313 0.0975427 0)
(1.31359 0.0972174 0)
(1.31424 0.0967853 0)
(1.31479 0.0964315 0)
(1.31523 0.0961556 0)
(1.31543 0.0958097 0)
(1.31568 0.0953945 0)
(1.31626 0.0950972 0)
(1.31691 0.0946706 0)
(1.31743 0.094312 0)
(1.31785 0.0939301 0)
(1.31829 0.0935132 0)
(1.31878 0.0931466 0)
(1.31924 0.0927957 0)
(1.31964 0.0923919 0)
(1.32006 0.0919613 0)
(1.32056 0.0915961 0)
(1.3211 0.0912404 0)
(1.32161 0.0908851 0)
(1.32206 0.0905722 0)
(1.3224 0.0902951 0)
(1.3226 0.0900157 0)
(1.32281 0.0897251 0)
(1.32317 0.0894774 0)
(1.32356 0.0892514 0)
(1.32388 0.0889966 0)
(1.32401 0.0886341 0)
(1.32421 0.0882055 0)
(1.32468 0.0878823 0)
(1.32525 0.0875174 0)
(1.3258 0.0871604 0)
(1.32628 0.0869238 0)
(1.32669 0.0867421 0)
(1.32696 0.0865562 0)
(1.32694 0.0863022 0)
(1.32695 0.085961 0)
(1.32732 0.0856776 0)
(1.32781 0.0853624 0)
(1.32846 0.0849218 0)
(1.32915 0.0844173 0)
(1.32962 0.0840579 0)
(1.32999 0.0837869 0)
(1.33012 0.0834986 0)
(1.32992 0.0831703 0)
(1.33008 0.0829269 0)
(1.33048 0.0827652 0)
(1.33098 0.0824937 0)
(1.3315 0.0821352 0)
(1.33188 0.0818284 0)
(1.33213 0.0815287 0)
(1.3321 0.0811327 0)
(1.33211 0.0807015 0)
(1.33244 0.0804365 0)
(1.3328 0.080193 0)
(1.33313 0.0799973 0)
(1.33341 0.0798395 0)
(1.33362 0.0796828 0)
(1.3336 0.0794771 0)
(1.33346 0.0791523 0)
(1.3337 0.0788762 0)
(1.33408 0.0785376 0)
(1.33449 0.0781178 0)
(1.33481 0.0778262 0)
(1.33504 0.0775987 0)
(1.3351 0.0773521 0)
(1.33526 0.0771389 0)
(1.33563 0.0770168 0)
(1.33605 0.0768711 0)
(1.33656 0.0766514 0)
(1.33708 0.0763712 0)
(1.3375 0.0761094 0)
(1.33785 0.0758511 0)
(1.33808 0.0755647 0)
(1.33796 0.0751872 0)
(1.33778 0.0747634 0)
(1.33811 0.0745182 0)
(1.3386 0.074286 0)
(1.33925 0.0739415 0)
(1.33983 0.0736062 0)
(1.34033 0.0733401 0)
(1.34074 0.0729981 0)
(1.34097 0.0724615 0)
(1.34138 0.0719017 0)
(1.34202 0.071437 0)
(1.3427 0.0709611 0)
(1.34338 0.070482 0)
(1.34397 0.0699934 0)
(1.34435 0.0694221 0)
(1.34472 0.0687684 0)
(1.34545 0.0682 0)
(1.34635 0.0676576 0)
(1.34734 0.0670171 0)
(1.34832 0.0663149 0)
(1.34915 0.0656751 0)
(1.34976 0.0651251 0)
(1.34994 0.0645632 0)
(1.34986 0.0639822 0)
(1.35032 0.0636581 0)
(1.35085 0.0634317 0)
(1.35139 0.063197 0)
(1.35205 0.0629673 0)
(1.35243 0.062749 0)
(1.3525 0.0626064 0)
(1.35236 0.0624443 0)
(1.35181 0.0622285 0)
(1.35112 0.0620529 0)
(1.35085 0.0620116 0)
(1.35057 0.0619762 0)
(1.35042 0.0620082 0)
(1.35061 0.0621993 0)
(1.35065 0.0625162 0)
(1.35016 0.0627329 0)
(1.34946 0.0629194 0)
(1.34847 0.0632137 0)
(1.34717 0.0637563 0)
(1.30298 0.10599 0)
(1.30359 0.105604 0)
(1.30408 0.105289 0)
(1.30439 0.104934 0)
(1.30453 0.104449 0)
(1.30499 0.104072 0)
(1.30563 0.103697 0)
(1.30628 0.10325 0)
(1.30681 0.102911 0)
(1.30719 0.102561 0)
(1.30746 0.102112 0)
(1.30796 0.101758 0)
(1.30856 0.101445 0)
(1.30918 0.101101 0)
(1.30973 0.1008 0)
(1.31019 0.100528 0)
(1.31041 0.100201 0)
(1.31053 0.0997778 0)
(1.311 0.0994517 0)
(1.3116 0.0990889 0)
(1.31222 0.0986563 0)
(1.31273 0.0983196 0)
(1.31312 0.0980458 0)
(1.31323 0.0977337 0)
(1.31339 0.0973687 0)
(1.31392 0.0971085 0)
(1.31451 0.096784 0)
(1.31507 0.0964794 0)
(1.31556 0.096247 0)
(1.31598 0.0960273 0)
(1.31621 0.0957283 0)
(1.3163 0.0952859 0)
(1.31672 0.0949448 0)
(1.3173 0.0946143 0)
(1.31792 0.0942037 0)
(1.31843 0.0938618 0)
(1.31883 0.0935595 0)
(1.31906 0.0931924 0)
(1.31929 0.0927928 0)
(1.31972 0.0925143 0)
(1.32021 0.0922656 0)
(1.32069 0.0919887 0)
(1.32112 0.0917067 0)
(1.32142 0.0913878 0)
(1.32152 0.0909172 0)
(1.3218 0.0904213 0)
(1.32232 0.0900285 0)
(1.32294 0.0895858 0)
(1.32346 0.089257 0)
(1.32391 0.0890672 0)
(1.32428 0.0889077 0)
(1.32442 0.0887218 0)
(1.32431 0.0884516 0)
(1.32456 0.0881896 0)
(1.32501 0.0879582 0)
(1.32555 0.0875875 0)
(1.32603 0.0871678 0)
(1.32641 0.0868292 0)
(1.32663 0.0865079 0)
(1.32659 0.0861298 0)
(1.32675 0.0858345 0)
(1.32714 0.0856891 0)
(1.32758 0.0855204 0)
(1.32803 0.0852958 0)
(1.32843 0.0850371 0)
(1.32875 0.0847359 0)
(1.32888 0.0842979 0)
(1.32896 0.0837504 0)
(1.32928 0.0833695 0)
(1.32965 0.0830865 0)
(1.33001 0.0828402 0)
(1.33036 0.0826182 0)
(1.3307 0.0824002 0)
(1.331 0.0821817 0)
(1.33123 0.08195 0)
(1.33127 0.0816347 0)
(1.33145 0.0812659 0)
(1.33186 0.0809446 0)
(1.33232 0.0805181 0)
(1.33271 0.0801215 0)
(1.333 0.0798007 0)
(1.3332 0.0794928 0)
(1.3335 0.079273 0)
(1.33391 0.079142 0)
(1.33435 0.0789957 0)
(1.33481 0.0787982 0)
(1.33525 0.0785562 0)
(1.33563 0.0783004 0)
(1.33594 0.0780461 0)
(1.33609 0.0777776 0)
(1.33588 0.0774415 0)
(1.33566 0.0770931 0)
(1.33591 0.0768972 0)
(1.33626 0.0766992 0)
(1.33676 0.0764038 0)
(1.33723 0.0760748 0)
(1.33757 0.0758362 0)
(1.33782 0.0755784 0)
(1.33784 0.0751638 0)
(1.338 0.0746771 0)
(1.33845 0.0742686 0)
(1.33897 0.0737934 0)
(1.33947 0.0733607 0)
(1.33994 0.0729805 0)
(1.3403 0.0725649 0)
(1.34056 0.0720452 0)
(1.34107 0.0715295 0)
(1.34181 0.0710474 0)
(1.34268 0.0704719 0)
(1.34359 0.0698193 0)
(1.34444 0.0691842 0)
(1.34516 0.0685798 0)
(1.34555 0.0679103 0)
(1.34577 0.0671817 0)
(1.3465 0.0667089 0)
(1.3474 0.0663645 0)
(1.34835 0.0659769 0)
(1.34922 0.0655721 0)
(1.34994 0.065212 0)
(1.35046 0.0649067 0)
(1.35061 0.0645477 0)
(1.35029 0.0640333 0)
(1.35039 0.0636831 0)
(1.35061 0.0635227 0)
(1.35086 0.0633894 0)
(1.35117 0.0633326 0)
(1.35129 0.0633389 0)
(1.35114 0.0633196 0)
(1.35089 0.0633052 0)
(1.35045 0.0633683 0)
(1.34982 0.0635743 0)
(1.34931 0.0637025 0)
(1.30036 0.109015 0)
(1.30093 0.108702 0)
(1.30143 0.108421 0)
(1.3018 0.108137 0)
(1.30192 0.10775 0)
(1.30222 0.107363 0)
(1.30279 0.107068 0)
(1.30342 0.106672 0)
(1.30398 0.106294 0)
(1.30441 0.105958 0)
(1.30461 0.105519 0)
(1.30489 0.105035 0)
(1.30547 0.104702 0)
(1.30614 0.104326 0)
(1.30675 0.103972 0)
(1.30727 0.103699 0)
(1.30766 0.10342 0)
(1.30779 0.103037 0)
(1.30808 0.10263 0)
(1.30861 0.102302 0)
(1.30925 0.101855 0)
(1.30984 0.101385 0)
(1.31031 0.101017 0)
(1.31058 0.10065 0)
(1.31067 0.100241 0)
(1.31107 0.099962 0)
(1.31163 0.0997507 0)
(1.31223 0.0994792 0)
(1.31278 0.0992158 0)
(1.31326 0.0989806 0)
(1.31356 0.0987133 0)
(1.31358 0.0983269 0)
(1.31388 0.0979566 0)
(1.31442 0.0976458 0)
(1.315 0.0972402 0)
(1.3155 0.0968896 0)
(1.31591 0.0966267 0)
(1.31611 0.0963748 0)
(1.31603 0.0960598 0)
(1.31629 0.0957838 0)
(1.31681 0.0955925 0)
(1.31745 0.095285 0)
(1.31808 0.0949135 0)
(1.31858 0.0945917 0)
(1.31894 0.0942521 0)
(1.31903 0.0937663 0)
(1.3192 0.0931979 0)
(1.3197 0.0928111 0)
(1.32032 0.0923915 0)
(1.32086 0.0920516 0)
(1.32131 0.091844 0)
(1.32167 0.0916512 0)
(1.32178 0.0913805 0)
(1.32196 0.091056 0)
(1.3224 0.0907982 0)
(1.32285 0.0904533 0)
(1.32322 0.0900802 0)
(1.32344 0.0896874 0)
(1.32354 0.0892479 0)
(1.32384 0.088945 0)
(1.32425 0.088773 0)
(1.32467 0.0886033 0)
(1.32506 0.08842 0)
(1.32535 0.0881938 0)
(1.32544 0.0878207 0)
(1.32556 0.087317 0)
(1.32596 0.0869293 0)
(1.32647 0.0865566 0)
(1.32695 0.0862141 0)
(1.32734 0.0859806 0)
(1.32763 0.0857685 0)
(1.32767 0.0854512 0)
(1.32787 0.0850992 0)
(1.32834 0.084837 0)
(1.32881 0.0845358 0)
(1.32925 0.0842914 0)
(1.32963 0.084094 0)
(1.32991 0.0838232 0)
(1.3301 0.08337 0)
(1.33049 0.0829276 0)
(1.33097 0.0825336 0)
(1.33144 0.0822165 0)
(1.33185 0.0820181 0)
(1.33222 0.0818662 0)
(1.33251 0.0816758 0)
(1.33276 0.0814109 0)
(1.33308 0.0811471 0)
(1.33342 0.0808745 0)
(1.3337 0.0805917 0)
(1.3339 0.0803286 0)
(1.33388 0.0800691 0)
(1.33367 0.0797881 0)
(1.33374 0.0795748 0)
(1.33396 0.0794234 0)
(1.33425 0.0791984 0)
(1.33462 0.0788905 0)
(1.33488 0.078614 0)
(1.33507 0.0783785 0)
(1.33514 0.0781098 0)
(1.33496 0.0777095 0)
(1.33504 0.0772886 0)
(1.33542 0.0769367 0)
(1.33588 0.0764929 0)
(1.33628 0.0761327 0)
(1.33663 0.0758112 0)
(1.33685 0.0753937 0)
(1.3372 0.0749291 0)
(1.33779 0.0745214 0)
(1.33851 0.0740242 0)
(1.33928 0.0734588 0)
(1.34001 0.0729179 0)
(1.34065 0.0723847 0)
(1.3411 0.071784 0)
(1.34149 0.0711362 0)
(1.34223 0.0706311 0)
(1.34316 0.0702099 0)
(1.34415 0.0697537 0)
(1.34514 0.0692815 0)
(1.34607 0.0688345 0)
(1.34685 0.0684086 0)
(1.34724 0.0679078 0)
(1.34717 0.0672558 0)
(1.34771 0.066767 0)
(1.34849 0.0664312 0)
(1.34933 0.0659605 0)
(1.35001 0.065487 0)
(1.35037 0.0652514 0)
(1.3505 0.0650924 0)
(1.35025 0.0648311 0)
(1.35 0.0645965 0)
(1.34992 0.0645527 0)
(1.3498 0.0644847 0)
(1.29784 0.112236 0)
(1.2984 0.111921 0)
(1.2989 0.111654 0)
(1.29928 0.111376 0)
(1.29949 0.111021 0)
(1.29983 0.110693 0)
(1.30036 0.110442 0)
(1.3009 0.110151 0)
(1.3014 0.109836 0)
(1.30179 0.109496 0)
(1.30193 0.109022 0)
(1.3022 0.108529 0)
(1.30272 0.108197 0)
(1.30328 0.107898 0)
(1.30379 0.10765 0)
(1.30425 0.107444 0)
(1.30456 0.107217 0)
(1.3046 0.106885 0)
(1.30485 0.106541 0)
(1.30538 0.106283 0)
(1.30601 0.105887 0)
(1.30661 0.105411 0)
(1.30706 0.104987 0)
(1.30733 0.104492 0)
(1.30759 0.103981 0)
(1.3081 0.10368 0)
(1.30868 0.103416 0)
(1.30928 0.103132 0)
(1.30981 0.10287 0)
(1.31026 0.102614 0)
(1.31053 0.102285 0)
(1.3107 0.101871 0)
(1.31112 0.101552 0)
(1.31164 0.101252 0)
(1.31215 0.100891 0)
(1.31261 0.100539 0)
(1.31295 0.100219 0)
(1.31299 0.0998628 0)
(1.31286 0.0994897 0)
(1.31324 0.0992973 0)
(1.31377 0.0991626 0)
(1.31439 0.0989481 0)
(1.31501 0.098677 0)
(1.31554 0.0983922 0)
(1.31597 0.0980761 0)
(1.31618 0.0976925 0)
(1.31602 0.0971773 0)
(1.31619 0.0967083 0)
(1.31669 0.0964081 0)
(1.31735 0.0960281 0)
(1.31798 0.0956595 0)
(1.31848 0.0954042 0)
(1.3189 0.0951722 0)
(1.31917 0.0949166 0)
(1.31916 0.0945319 0)
(1.31916 0.0939996 0)
(1.3195 0.0935354 0)
(1.31999 0.0931265 0)
(1.32061 0.092734 0)
(1.32129 0.0923598 0)
(1.32182 0.0920824 0)
(1.32227 0.0918721 0)
(1.32263 0.0916463 0)
(1.32276 0.0913445 0)
(1.32255 0.0908914 0)
(1.32274 0.0905111 0)
(1.32322 0.0902505 0)
(1.32387 0.0898564 0)
(1.32455 0.0894253 0)
(1.32503 0.0891629 0)
(1.32543 0.0889663 0)
(1.32561 0.0887721 0)
(1.32541 0.0885262 0)
(1.32557 0.0882737 0)
(1.32608 0.0881134 0)
(1.32672 0.0878106 0)
(1.3273 0.0874997 0)
(1.32777 0.0872723 0)
(1.32808 0.087019 0)
(1.32813 0.0866183 0)
(1.32847 0.0862545 0)
(1.32898 0.0859372 0)
(1.32946 0.085604 0)
(1.32983 0.0853452 0)
(1.33006 0.0850619 0)
(1.33016 0.0846787 0)
(1.33044 0.0843533 0)
(1.33082 0.0840456 0)
(1.33127 0.0836354 0)
(1.33161 0.0832475 0)
(1.33182 0.0829679 0)
(1.33189 0.0827077 0)
(1.33181 0.0823988 0)
(1.33189 0.0821325 0)
(1.33208 0.0819214 0)
(1.33237 0.0816284 0)
(1.33267 0.0812869 0)
(1.33287 0.0810209 0)
(1.333 0.0807748 0)
(1.3329 0.080453 0)
(1.33274 0.0800498 0)
(1.33299 0.0797646 0)
(1.33332 0.0794654 0)
(1.33363 0.0791825 0)
(1.3339 0.0789315 0)
(1.33405 0.0786153 0)
(1.33425 0.0782485 0)
(1.33469 0.0779573 0)
(1.33525 0.0775985 0)
(1.33585 0.0771793 0)
(1.33642 0.0767878 0)
(1.33694 0.0764027 0)
(1.33732 0.0759574 0)
(1.33761 0.07542 0)
(1.3382 0.0749399 0)
(1.33898 0.0745201 0)
(1.33986 0.0740602 0)
(1.34079 0.0735679 0)
(1.34172 0.0730764 0)
(1.34259 0.0726032 0)
(1.3433 0.0721489 0)
(1.3436 0.0716294 0)
(1.34371 0.0709294 0)
(1.34451 0.0703675 0)
(1.3455 0.0698022 0)
(1.34648 0.0691256 0)
(1.34726 0.0685877 0)
(1.34785 0.0681838 0)
(1.34807 0.067759 0)
(1.34804 0.0673046 0)
(1.34836 0.0670612 0)
(1.34869 0.066866 0)
(1.29505 0.116142 0)
(1.29555 0.115812 0)
(1.29597 0.115562 0)
(1.29628 0.115274 0)
(1.29662 0.114978 0)
(1.29709 0.114757 0)
(1.29759 0.114525 0)
(1.29808 0.114253 0)
(1.29851 0.113961 0)
(1.29878 0.113575 0)
(1.29895 0.113036 0)
(1.29937 0.112592 0)
(1.29988 0.112227 0)
(1.30037 0.111917 0)
(1.30081 0.111685 0)
(1.30112 0.111478 0)
(1.30116 0.111206 0)
(1.30129 0.110915 0)
(1.30177 0.110747 0)
(1.30232 0.110558 0)
(1.30287 0.110309 0)
(1.30334 0.110045 0)
(1.30366 0.109713 0)
(1.30376 0.109201 0)
(1.30413 0.10875 0)
(1.30467 0.10839 0)
(1.30519 0.108033 0)
(1.30563 0.107688 0)
(1.30599 0.107303 0)
(1.30637 0.10692 0)
(1.30687 0.106615 0)
(1.30741 0.106355 0)
(1.30796 0.106082 0)
(1.30849 0.10577 0)
(1.30896 0.105418 0)
(1.30929 0.105008 0)
(1.30932 0.104441 0)
(1.30934 0.103795 0)
(1.3098 0.103426 0)
(1.31041 0.103161 0)
(1.31115 0.102877 0)
(1.31183 0.102623 0)
(1.31238 0.102419 0)
(1.31287 0.102182 0)
(1.31324 0.101874 0)
(1.31331 0.10144 0)
(1.31317 0.10088 0)
(1.31347 0.100463 0)
(1.31399 0.100156 0)
(1.31461 0.0997928 0)
(1.31528 0.0993936 0)
(1.31584 0.0990573 0)
(1.31632 0.098772 0)
(1.31667 0.0984809 0)
(1.31668 0.0981403 0)
(1.31633 0.0977126 0)
(1.31651 0.0973664 0)
(1.31698 0.0971303 0)
(1.3176 0.0968032 0)
(1.31843 0.0963686 0)
(1.31909 0.0959813 0)
(1.31959 0.0957206 0)
(1.31997 0.0954505 0)
(1.32005 0.0950931 0)
(1.31982 0.0946277 0)
(1.3201 0.0942806 0)
(1.32062 0.0940121 0)
(1.32131 0.0936368 0)
(1.32215 0.0931739 0)
(1.32275 0.0928368 0)
(1.32324 0.0926078 0)
(1.32359 0.0923693 0)
(1.32354 0.0920801 0)
(1.32355 0.091788 0)
(1.32403 0.0916229 0)
(1.32462 0.0914097 0)
(1.32528 0.0911007 0)
(1.32584 0.0908218 0)
(1.32629 0.0905586 0)
(1.32656 0.0902618 0)
(1.32655 0.0899004 0)
(1.32666 0.089534 0)
(1.32696 0.0892554 0)
(1.32723 0.0889872 0)
(1.32738 0.0886531 0)
(1.32754 0.088302 0)
(1.32782 0.0880376 0)
(1.32816 0.0877653 0)
(1.32858 0.0874084 0)
(1.32895 0.0870281 0)
(1.32917 0.0867427 0)
(1.32928 0.086473 0)
(1.32917 0.0861265 0)
(1.32911 0.0857725 0)
(1.32931 0.0855462 0)
(1.32962 0.0852883 0)
(1.33005 0.0849372 0)
(1.33035 0.0846428 0)
(1.33058 0.0843913 0)
(1.33066 0.0840808 0)
(1.33058 0.0837014 0)
(1.33072 0.0833931 0)
(1.33099 0.0831611 0)
(1.33125 0.0829304 0)
(1.33141 0.0826611 0)
(1.33145 0.0823106 0)
(1.3317 0.0820236 0)
(1.33211 0.0817961 0)
(1.3326 0.0814979 0)
(1.3331 0.0811747 0)
(1.33355 0.0808747 0)
(1.33397 0.0805744 0)
(1.33428 0.0802476 0)
(1.33437 0.0798256 0)
(1.33458 0.0793466 0)
(1.33515 0.0789687 0)
(1.33587 0.0785604 0)
(1.33672 0.0780699 0)
(1.33756 0.0775904 0)
(1.33836 0.0771593 0)
(1.33912 0.0767469 0)
(1.33975 0.0763509 0)
(1.34004 0.0759354 0)
(1.33996 0.0753338 0)
(1.34052 0.0747252 0)
(1.34146 0.0741963 0)
(1.3425 0.073518 0)
(1.34343 0.0728783 0)
(1.34419 0.0723676 0)
(1.34469 0.0718824 0)
(1.34488 0.0712579 0)
(1.34539 0.0706905 0)
(1.29167 0.120668 0)
(1.29226 0.120249 0)
(1.29276 0.119944 0)
(1.2932 0.119774 0)
(1.29356 0.119626 0)
(1.29378 0.119383 0)
(1.29404 0.119044 0)
(1.29446 0.118718 0)
(1.29491 0.118345 0)
(1.2954 0.117911 0)
(1.29595 0.117484 0)
(1.29656 0.117035 0)
(1.29714 0.116568 0)
(1.29763 0.116167 0)
(1.298 0.115816 0)
(1.2981 0.115413 0)
(1.2981 0.114977 0)
(1.29854 0.114752 0)
(1.29912 0.114569 0)
(1.29978 0.114322 0)
(1.30036 0.114125 0)
(1.30086 0.113973 0)
(1.30128 0.113791 0)
(1.30144 0.113481 0)
(1.30155 0.112957 0)
(1.30198 0.11244 0)
(1.30243 0.111933 0)
(1.30279 0.111468 0)
(1.3031 0.111089 0)
(1.30355 0.110859 0)
(1.30406 0.110713 0)
(1.30459 0.110551 0)
(1.30512 0.110339 0)
(1.30561 0.110079 0)
(1.30601 0.109765 0)
(1.30614 0.109335 0)
(1.306 0.108739 0)
(1.30629 0.108287 0)
(1.30684 0.107996 0)
(1.30756 0.107647 0)
(1.30834 0.107274 0)
(1.3089 0.107013 0)
(1.30936 0.106781 0)
(1.30964 0.106435 0)
(1.30978 0.105942 0)
(1.31012 0.105492 0)
(1.31055 0.105149 0)
(1.31098 0.104829 0)
(1.31138 0.104457 0)
(1.31181 0.104041 0)
(1.31231 0.103616 0)
(1.31284 0.10317 0)
(1.31333 0.102738 0)
(1.31375 0.102365 0)
(1.31406 0.102056 0)
(1.31415 0.10179 0)
(1.31406 0.101509 0)
(1.31433 0.10126 0)
(1.31481 0.101064 0)
(1.31539 0.100754 0)
(1.316 0.100364 0)
(1.31652 0.100031 0)
(1.31698 0.0997548 0)
(1.31732 0.0995013 0)
(1.31735 0.0992345 0)
(1.31726 0.0988934 0)
(1.31766 0.0986248 0)
(1.31825 0.0983704 0)
(1.31902 0.0979622 0)
(1.31973 0.0975392 0)
(1.32029 0.0972513 0)
(1.32072 0.0969776 0)
(1.32087 0.0966324 0)
(1.32105 0.096274 0)
(1.32154 0.0960313 0)
(1.32211 0.0957573 0)
(1.32279 0.0953719 0)
(1.32346 0.0949396 0)
(1.32395 0.0946137 0)
(1.32432 0.0943524 0)
(1.32449 0.0941009 0)
(1.32422 0.0937796 0)
(1.32389 0.093325 0)
(1.3241 0.0929526 0)
(1.32444 0.0926096 0)
(1.32485 0.0922334 0)
(1.32535 0.0918508 0)
(1.32584 0.0914818 0)
(1.3262 0.0911674 0)
(1.32648 0.0909017 0)
(1.32667 0.0906545 0)
(1.32672 0.0903867 0)
(1.32649 0.0900337 0)
(1.32643 0.0896825 0)
(1.32669 0.0894572 0)
(1.32707 0.0891949 0)
(1.32761 0.0888351 0)
(1.32806 0.0884832 0)
(1.32841 0.0882161 0)
(1.32869 0.0879397 0)
(1.32888 0.0876365 0)
(1.32902 0.0873428 0)
(1.32915 0.0870752 0)
(1.32919 0.0867987 0)
(1.3291 0.0864589 0)
(1.32924 0.0861584 0)
(1.32957 0.0859652 0)
(1.32998 0.0857458 0)
(1.3305 0.0854606 0)
(1.33099 0.0851615 0)
(1.33137 0.0849117 0)
(1.33171 0.0846598 0)
(1.33194 0.0843757 0)
(1.33191 0.0840173 0)
(1.33182 0.0835929 0)
(1.33212 0.0832599 0)
(1.3326 0.0829599 0)
(1.33324 0.0825967 0)
(1.33405 0.0821546 0)
(1.33479 0.0817422 0)
(1.33543 0.0814154 0)
(1.33601 0.0810869 0)
(1.33647 0.0807272 0)
(1.33652 0.0802895 0)
(1.33642 0.079718 0)
(1.33702 0.0792479 0)
(1.33785 0.0787815 0)
(1.33875 0.0781976 0)
(1.33959 0.0776431 0)
(1.34029 0.0771362 0)
(1.34067 0.0765507 0)
(1.34087 0.0758106 0)
(1.28934 0.124404 0)
(1.28981 0.124082 0)
(1.29033 0.123702 0)
(1.29077 0.123415 0)
(1.29113 0.123201 0)
(1.2913 0.122977 0)
(1.29132 0.122705 0)
(1.29164 0.122481 0)
(1.2921 0.122295 0)
(1.29257 0.122073 0)
(1.29305 0.121808 0)
(1.29356 0.12147 0)
(1.29407 0.121043 0)
(1.29452 0.120584 0)
(1.29482 0.120132 0)
(1.2949 0.119645 0)
(1.29506 0.119256 0)
(1.29552 0.119083 0)
(1.29607 0.118938 0)
(1.2967 0.118759 0)
(1.29729 0.118582 0)
(1.29783 0.118423 0)
(1.29834 0.118219 0)
(1.29876 0.117945 0)
(1.29895 0.117552 0)
(1.29888 0.116926 0)
(1.29916 0.11631 0)
(1.29969 0.11586 0)
(1.30027 0.115506 0)
(1.30081 0.115279 0)
(1.30133 0.115109 0)
(1.30182 0.114929 0)
(1.30224 0.114709 0)
(1.30255 0.114419 0)
(1.30268 0.114015 0)
(1.30286 0.113546 0)
(1.30326 0.113179 0)
(1.30375 0.112887 0)
(1.30422 0.112589 0)
(1.30464 0.112267 0)
(1.30493 0.111854 0)
(1.3052 0.11135 0)
(1.30563 0.110909 0)
(1.30619 0.110533 0)
(1.3068 0.110185 0)
(1.30739 0.109883 0)
(1.30792 0.109619 0)
(1.30838 0.109349 0)
(1.30869 0.109033 0)
(1.30871 0.108576 0)
(1.30886 0.108056 0)
(1.30935 0.107673 0)
(1.31 0.107256 0)
(1.31078 0.106754 0)
(1.31138 0.106364 0)
(1.31186 0.106109 0)
(1.31227 0.105897 0)
(1.31252 0.105702 0)
(1.31243 0.105388 0)
(1.31247 0.104965 0)
(1.31298 0.104676 0)
(1.31365 0.104292 0)
(1.31433 0.103875 0)
(1.31488 0.10359 0)
(1.31534 0.103361 0)
(1.31558 0.103126 0)
(1.31558 0.102791 0)
(1.31599 0.102495 0)
(1.3166 0.102227 0)
(1.31723 0.101877 0)
(1.31779 0.101584 0)
(1.31824 0.10133 0)
(1.3185 0.10103 0)
(1.31869 0.100671 0)
(1.3191 0.100377 0)
(1.3196 0.100087 0)
(1.32017 0.0997215 0)
(1.32077 0.0993068 0)
(1.32124 0.0989654 0)
(1.32161 0.0987049 0)
(1.32186 0.0984591 0)
(1.32178 0.0981793 0)
(1.32123 0.0978031 0)
(1.3211 0.0974033 0)
(1.32137 0.0970904 0)
(1.32175 0.0967122 0)
(1.32233 0.0962598 0)
(1.323 0.0957557 0)
(1.32341 0.0953554 0)
(1.32374 0.0950553 0)
(1.324 0.0947835 0)
(1.32412 0.0944964 0)
(1.32398 0.0941437 0)
(1.32402 0.0938153 0)
(1.32437 0.0936108 0)
(1.32481 0.0933674 0)
(1.32528 0.0930638 0)
(1.32568 0.092763 0)
(1.32604 0.0924485 0)
(1.32638 0.0920977 0)
(1.32671 0.0917366 0)
(1.32702 0.091412 0)
(1.3273 0.0911513 0)
(1.32752 0.0909557 0)
(1.3276 0.0908171 0)
(1.32738 0.0906688 0)
(1.32716 0.0904416 0)
(1.3274 0.0902611 0)
(1.32775 0.0900601 0)
(1.32824 0.0897554 0)
(1.32879 0.0893821 0)
(1.32916 0.0890844 0)
(1.32945 0.0888302 0)
(1.32962 0.088562 0)
(1.32954 0.0882488 0)
(1.32939 0.0878656 0)
(1.32965 0.0875674 0)
(1.33007 0.0873123 0)
(1.33065 0.086988 0)
(1.33148 0.0865512 0)
(1.33212 0.0861462 0)
(1.33262 0.0858433 0)
(1.33303 0.0855064 0)
(1.33317 0.0850565 0)
(1.33321 0.0845374 0)
(1.33368 0.0841547 0)
(1.33432 0.0838011 0)
(1.335 0.083375 0)
(1.33567 0.0829289 0)
(1.33627 0.082493 0)
(1.33663 0.0819982 0)
(1.33669 0.081357 0)
(1.28727 0.127897 0)
(1.28763 0.127661 0)
(1.28806 0.127335 0)
(1.28846 0.126959 0)
(1.28877 0.126634 0)
(1.28892 0.126347 0)
(1.28902 0.126112 0)
(1.28933 0.126002 0)
(1.28973 0.125955 0)
(1.29013 0.125909 0)
(1.29051 0.125815 0)
(1.29081 0.125581 0)
(1.29109 0.125183 0)
(1.2914 0.12473 0)
(1.29168 0.124217 0)
(1.29199 0.123699 0)
(1.29245 0.123381 0)
(1.29298 0.123176 0)
(1.29353 0.123 0)
(1.29406 0.122841 0)
(1.29458 0.122665 0)
(1.29509 0.122437 0)
(1.29556 0.122148 0)
(1.29593 0.121786 0)
(1.29607 0.121295 0)
(1.29616 0.120729 0)
(1.29656 0.120322 0)
(1.2971 0.119989 0)
(1.29779 0.119599 0)
(1.29848 0.119199 0)
(1.29903 0.118915 0)
(1.2995 0.118687 0)
(1.29985 0.118447 0)
(1.29996 0.11814 0)
(1.30004 0.117786 0)
(1.30044 0.11753 0)
(1.30091 0.117297 0)
(1.30136 0.117013 0)
(1.30171 0.116689 0)
(1.30181 0.116279 0)
(1.30172 0.115764 0)
(1.30202 0.115376 0)
(1.30253 0.11512 0)
(1.30316 0.114834 0)
(1.30398 0.114475 0)
(1.30468 0.114135 0)
(1.30523 0.113879 0)
(1.3057 0.113617 0)
(1.30599 0.113317 0)
(1.30586 0.112927 0)
(1.30573 0.112494 0)
(1.30616 0.112214 0)
(1.30673 0.111948 0)
(1.30747 0.11159 0)
(1.30842 0.11114 0)
(1.30913 0.110754 0)
(1.30968 0.110477 0)
(1.31011 0.110191 0)
(1.31018 0.109862 0)
(1.30987 0.109468 0)
(1.31015 0.109167 0)
(1.31073 0.108958 0)
(1.31147 0.108618 0)
(1.31219 0.10825 0)
(1.31276 0.107995 0)
(1.3132 0.107741 0)
(1.31329 0.107402 0)
(1.31342 0.107031 0)
(1.31395 0.106794 0)
(1.31455 0.106517 0)
(1.31515 0.106196 0)
(1.31566 0.105901 0)
(1.31607 0.105619 0)
(1.31627 0.105286 0)
(1.31629 0.104832 0)
(1.31657 0.104432 0)
(1.31701 0.104097 0)
(1.31756 0.103694 0)
(1.31814 0.103251 0)
(1.31857 0.102891 0)
(1.31889 0.102599 0)
(1.31911 0.102306 0)
(1.31912 0.10201 0)
(1.31896 0.101719 0)
(1.31886 0.101419 0)
(1.31892 0.101104 0)
(1.31913 0.100762 0)
(1.31946 0.100398 0)
(1.31993 0.0999801 0)
(1.32048 0.099497 0)
(1.32097 0.0990614 0)
(1.32139 0.0987287 0)
(1.32178 0.098475 0)
(1.32215 0.0982973 0)
(1.3225 0.0981544 0)
(1.32272 0.0979862 0)
(1.32262 0.0976931 0)
(1.32261 0.0972858 0)
(1.32297 0.0969559 0)
(1.32343 0.0966105 0)
(1.32404 0.096207 0)
(1.32483 0.0957385 0)
(1.32536 0.0953589 0)
(1.32574 0.0951239 0)
(1.32603 0.0949237 0)
(1.32615 0.0947375 0)
(1.32582 0.0945385 0)
(1.32536 0.0942466 0)
(1.32552 0.0940128 0)
(1.32585 0.0937946 0)
(1.32638 0.0934584 0)
(1.327 0.0930466 0)
(1.32733 0.0927763 0)
(1.32759 0.0925521 0)
(1.32765 0.0922768 0)
(1.32755 0.0919683 0)
(1.32779 0.0917883 0)
(1.32817 0.0916599 0)
(1.32864 0.0914618 0)
(1.32907 0.0912683 0)
(1.32944 0.091068 0)
(1.3297 0.0907974 0)
(1.3298 0.0904156 0)
(1.33006 0.0900404 0)
(1.33052 0.0897715 0)
(1.33104 0.0895136 0)
(1.3316 0.0892275 0)
(1.33216 0.0889227 0)
(1.33269 0.0886001 0)
(1.33312 0.0882415 0)
(1.33326 0.0877809 0)
(1.33322 0.0872276 0)
(1.28485 0.131539 0)
(1.2852 0.131319 0)
(1.28569 0.130968 0)
(1.28618 0.130492 0)
(1.28653 0.130081 0)
(1.28677 0.129721 0)
(1.287 0.12945 0)
(1.28735 0.129299 0)
(1.28774 0.129188 0)
(1.28814 0.129066 0)
(1.28853 0.128913 0)
(1.28887 0.128709 0)
(1.28904 0.1284 0)
(1.28904 0.127919 0)
(1.28932 0.127487 0)
(1.28979 0.127204 0)
(1.29034 0.126931 0)
(1.29084 0.126724 0)
(1.29128 0.126582 0)
(1.29171 0.126423 0)
(1.29211 0.126221 0)
(1.29251 0.125982 0)
(1.29289 0.125724 0)
(1.29321 0.125462 0)
(1.29339 0.125189 0)
(1.29341 0.124866 0)
(1.29361 0.124528 0)
(1.29406 0.124263 0)
(1.29462 0.123955 0)
(1.29532 0.123537 0)
(1.29594 0.12313 0)
(1.29641 0.122842 0)
(1.29681 0.12257 0)
(1.29715 0.122274 0)
(1.29753 0.122008 0)
(1.29796 0.121764 0)
(1.29835 0.121489 0)
(1.29862 0.121164 0)
(1.29856 0.120729 0)
(1.29833 0.120189 0)
(1.29859 0.119801 0)
(1.29909 0.119551 0)
(1.29968 0.119278 0)
(1.30045 0.118953 0)
(1.30142 0.118541 0)
(1.30215 0.118139 0)
(1.30271 0.117832 0)
(1.30316 0.117535 0)
(1.30341 0.117218 0)
(1.30319 0.116835 0)
(1.30313 0.116489 0)
(1.3036 0.11631 0)
(1.30418 0.116122 0)
(1.30495 0.115846 0)
(1.3058 0.115477 0)
(1.30644 0.115153 0)
(1.30697 0.114865 0)
(1.30735 0.114544 0)
(1.30739 0.114142 0)
(1.30751 0.113771 0)
(1.30803 0.113576 0)
(1.30861 0.113388 0)
(1.30917 0.113157 0)
(1.30966 0.112902 0)
(1.30996 0.112595 0)
(1.3099 0.112151 0)
(1.31005 0.111702 0)
(1.31056 0.111442 0)
(1.31116 0.111182 0)
(1.31188 0.110845 0)
(1.31264 0.110442 0)
(1.31321 0.110066 0)
(1.31363 0.109729 0)
(1.31391 0.109395 0)
(1.31388 0.109037 0)
(1.31356 0.108593 0)
(1.31364 0.108199 0)
(1.31398 0.107906 0)
(1.31443 0.107556 0)
(1.31515 0.107117 0)
(1.31586 0.106633 0)
(1.31627 0.106289 0)
(1.31661 0.106009 0)
(1.31688 0.105739 0)
(1.31708 0.105514 0)
(1.31713 0.105314 0)
(1.31677 0.105043 0)
(1.31635 0.104624 0)
(1.31659 0.104248 0)
(1.31706 0.103912 0)
(1.3177 0.103517 0)
(1.31868 0.103066 0)
(1.31955 0.102661 0)
(1.32009 0.102448 0)
(1.32055 0.102287 0)
(1.32088 0.102118 0)
(1.32084 0.101935 0)
(1.32032 0.101676 0)
(1.32031 0.101388 0)
(1.3207 0.101176 0)
(1.32116 0.100901 0)
(1.32186 0.10054 0)
(1.32279 0.100081 0)
(1.32333 0.0997266 0)
(1.32371 0.0994932 0)
(1.32397 0.0992586 0)
(1.32391 0.0989825 0)
(1.32337 0.098649 0)
(1.32335 0.098392 0)
(1.32369 0.0982601 0)
(1.3242 0.0980093 0)
(1.32477 0.0976868 0)
(1.32514 0.0974868 0)
(1.32542 0.0972516 0)
(1.32563 0.0969324 0)
(1.32598 0.0967195 0)
(1.32642 0.0965415 0)
(1.32688 0.096328 0)
(1.32729 0.0961366 0)
(1.32765 0.0959679 0)
(1.32793 0.0957984 0)
(1.32798 0.0955847 0)
(1.32806 0.095355 0)
(1.32845 0.0952087 0)
(1.32889 0.0950617 0)
(1.32934 0.0948821 0)
(1.32978 0.094695 0)
(1.33017 0.094498 0)
(1.33038 0.094261 0)
(1.33018 0.0938881 0)
(1.33 0.0934074 0)
(1.33042 0.0930642 0)
(1.2827 0.134596 0)
(1.2831 0.134365 0)
(1.2836 0.13398 0)
(1.284 0.133621 0)
(1.28427 0.133332 0)
(1.28443 0.133023 0)
(1.28474 0.132811 0)
(1.28513 0.132665 0)
(1.28559 0.132476 0)
(1.28609 0.132236 0)
(1.28654 0.131991 0)
(1.28692 0.131755 0)
(1.2872 0.131522 0)
(1.28725 0.131274 0)
(1.28722 0.131 0)
(1.28752 0.130817 0)
(1.28795 0.130651 0)
(1.28852 0.130403 0)
(1.28909 0.130124 0)
(1.28953 0.12991 0)
(1.28992 0.129697 0)
(1.29024 0.129439 0)
(1.29054 0.12915 0)
(1.29087 0.128869 0)
(1.29123 0.1286 0)
(1.29156 0.128344 0)
(1.29183 0.128107 0)
(1.29196 0.127826 0)
(1.29202 0.127445 0)
(1.29234 0.127104 0)
(1.29283 0.126822 0)
(1.29343 0.126508 0)
(1.29411 0.126165 0)
(1.2947 0.12586 0)
(1.29521 0.125584 0)
(1.29566 0.125286 0)
(1.296 0.124978 0)
(1.29609 0.124646 0)
(1.29568 0.12424 0)
(1.29556 0.123896 0)
(1.29599 0.123726 0)
(1.29651 0.123552 0)
(1.29716 0.123324 0)
(1.29802 0.123016 0)
(1.29887 0.122625 0)
(1.29949 0.122282 0)
(1.29998 0.121986 0)
(1.30032 0.121684 0)
(1.3003 0.121317 0)
(1.30016 0.120918 0)
(1.30057 0.120695 0)
(1.30114 0.120526 0)
(1.30188 0.120266 0)
(1.30278 0.119889 0)
(1.30345 0.119541 0)
(1.30398 0.119259 0)
(1.30434 0.118913 0)
(1.30453 0.118481 0)
(1.30493 0.118141 0)
(1.30549 0.117922 0)
(1.30608 0.117679 0)
(1.30665 0.117399 0)
(1.30713 0.117122 0)
(1.30746 0.116848 0)
(1.30735 0.116509 0)
(1.30691 0.116088 0)
(1.30714 0.115809 0)
(1.30762 0.115607 0)
(1.30818 0.115326 0)
(1.30896 0.114975 0)
(1.30981 0.114545 0)
(1.31034 0.11417 0)
(1.31072 0.113859 0)
(1.31098 0.113549 0)
(1.31096 0.113211 0)
(1.31044 0.112801 0)
(1.31021 0.11239 0)
(1.31049 0.112091 0)
(1.31088 0.111773 0)
(1.31139 0.11139 0)
(1.31222 0.110942 0)
(1.31334 0.110426 0)
(1.314 0.110041 0)
(1.31445 0.109803 0)
(1.31485 0.109572 0)
(1.31511 0.109324 0)
(1.3149 0.109025 0)
(1.31413 0.108619 0)
(1.31409 0.108251 0)
(1.31458 0.108019 0)
(1.31518 0.107753 0)
(1.31605 0.107426 0)
(1.31722 0.107029 0)
(1.3179 0.106746 0)
(1.31841 0.106583 0)
(1.31882 0.106406 0)
(1.31896 0.106183 0)
(1.31856 0.105899 0)
(1.31845 0.105647 0)
(1.31885 0.105512 0)
(1.31932 0.105359 0)
(1.31995 0.105143 0)
(1.32065 0.104851 0)
(1.32114 0.104605 0)
(1.32154 0.104392 0)
(1.3218 0.10415 0)
(1.32163 0.103827 0)
(1.32119 0.103455 0)
(1.32144 0.103266 0)
(1.3219 0.103144 0)
(1.32254 0.102912 0)
(1.32307 0.102721 0)
(1.32351 0.102606 0)
(1.3238 0.102389 0)
(1.32414 0.102148 0)
(1.32459 0.101967 0)
(1.32507 0.101742 0)
(1.3255 0.101494 0)
(1.32585 0.101238 0)
(1.32612 0.100925 0)
(1.3264 0.100605 0)
(1.32671 0.100365 0)
(1.32703 0.100188 0)
(1.32735 0.0999944 0)
(1.32765 0.0997325 0)
(1.3279 0.0994499 0)
(1.32808 0.0992045 0)
(1.32809 0.0989393 0)
(1.32756 0.0985432 0)
(1.327 0.0980196 0)
(1.32709 0.0976329 0)
(1.3273 0.0972259 0)
(1.28096 0.137577 0)
(1.28128 0.137351 0)
(1.28163 0.137136 0)
(1.28193 0.136945 0)
(1.28212 0.136773 0)
(1.28218 0.136582 0)
(1.28243 0.136431 0)
(1.28281 0.136314 0)
(1.28326 0.136137 0)
(1.28385 0.135878 0)
(1.28438 0.135605 0)
(1.28478 0.135413 0)
(1.28509 0.135241 0)
(1.28518 0.135026 0)
(1.28504 0.134721 0)
(1.28535 0.134502 0)
(1.28579 0.134252 0)
(1.28619 0.133959 0)
(1.28654 0.133628 0)
(1.2869 0.133264 0)
(1.28733 0.132953 0)
(1.28781 0.132671 0)
(1.2883 0.132404 0)
(1.28878 0.13214 0)
(1.28923 0.131858 0)
(1.28963 0.13156 0)
(1.28992 0.131259 0)
(1.28996 0.130924 0)
(1.28983 0.130565 0)
(1.29007 0.130338 0)
(1.29047 0.130195 0)
(1.29096 0.130017 0)
(1.29162 0.129768 0)
(1.29231 0.129457 0)
(1.29283 0.129183 0)
(1.29326 0.128929 0)
(1.29358 0.128665 0)
(1.29358 0.128369 0)
(1.29317 0.128028 0)
(1.29327 0.127785 0)
(1.29373 0.127648 0)
(1.29429 0.127456 0)
(1.29507 0.127179 0)
(1.29584 0.12683 0)
(1.2964 0.126519 0)
(1.29686 0.126191 0)
(1.29713 0.125824 0)
(1.2972 0.125428 0)
(1.29744 0.125106 0)
(1.29792 0.124935 0)
(1.29848 0.124787 0)
(1.29905 0.124579 0)
(1.2996 0.12432 0)
(1.30005 0.123981 0)
(1.30041 0.123529 0)
(1.30083 0.123088 0)
(1.30138 0.122754 0)
(1.30197 0.122486 0)
(1.30259 0.122239 0)
(1.3032 0.12197 0)
(1.30378 0.121677 0)
(1.30428 0.121377 0)
(1.30466 0.121079 0)
(1.30472 0.120732 0)
(1.30424 0.120256 0)
(1.30411 0.119827 0)
(1.30448 0.119574 0)
(1.30492 0.119285 0)
(1.30548 0.118952 0)
(1.30636 0.118557 0)
(1.30721 0.118112 0)
(1.30766 0.117792 0)
(1.30803 0.117541 0)
(1.30827 0.117281 0)
(1.30822 0.116974 0)
(1.30765 0.116572 0)
(1.30746 0.11619 0)
(1.30781 0.115929 0)
(1.30828 0.115665 0)
(1.30889 0.115384 0)
(1.30984 0.115074 0)
(1.31078 0.114722 0)
(1.31135 0.114487 0)
(1.31188 0.114307 0)
(1.31233 0.114105 0)
(1.31254 0.113855 0)
(1.31207 0.113481 0)
(1.31157 0.11306 0)
(1.31196 0.112828 0)
(1.31254 0.112664 0)
(1.31321 0.112464 0)
(1.31418 0.112233 0)
(1.31519 0.111947 0)
(1.31581 0.111732 0)
(1.31634 0.111558 0)
(1.31672 0.11133 0)
(1.31672 0.110995 0)
(1.31654 0.110601 0)
(1.3169 0.110392 0)
(1.3174 0.110247 0)
(1.31804 0.110044 0)
(1.3188 0.109795 0)
(1.31939 0.109567 0)
(1.31986 0.109368 0)
(1.32022 0.10913 0)
(1.32034 0.108836 0)
(1.31988 0.108428 0)
(1.31966 0.108076 0)
(1.32 0.107928 0)
(1.32043 0.107749 0)
(1.32104 0.107513 0)
(1.3216 0.107258 0)
(1.32197 0.107074 0)
(1.32226 0.106918 0)
(1.32247 0.106755 0)
(1.32253 0.106477 0)
(1.32254 0.106059 0)
(1.3227 0.105662 0)
(1.32287 0.105191 0)
(1.32303 0.104622 0)
(1.32323 0.10399 0)
(1.32343 0.103257 0)
(1.32364 0.102405 0)
(1.32377 0.101453 0)
(1.32362 0.100339 0)
(1.32285 0.0991282 0)
(1.32161 0.0973608 0)
(1.32034 0.0953186 0)
(1.3188 0.0929984 0)
(1.31726 0.0904576 0)
(1.31544 0.0872776 0)
(1.3137 0.0840301 0)
(1.27916 0.141011 0)
(1.27957 0.140747 0)
(1.27991 0.140506 0)
(1.28016 0.140241 0)
(1.28026 0.139882 0)
(1.28047 0.139519 0)
(1.28084 0.139249 0)
(1.2813 0.139001 0)
(1.28189 0.138765 0)
(1.28262 0.138545 0)
(1.2831 0.1384 0)
(1.28347 0.138328 0)
(1.28378 0.138241 0)
(1.28387 0.138106 0)
(1.28356 0.137858 0)
(1.28364 0.137592 0)
(1.28403 0.137339 0)
(1.28442 0.137013 0)
(1.28473 0.136795 0)
(1.28496 0.136635 0)
(1.2852 0.13649 0)
(1.28555 0.136381 0)
(1.28594 0.136254 0)
(1.28636 0.136061 0)
(1.28677 0.135816 0)
(1.2871 0.135558 0)
(1.28729 0.135283 0)
(1.28716 0.134943 0)
(1.28712 0.134613 0)
(1.28746 0.134417 0)
(1.2879 0.134208 0)
(1.28848 0.133917 0)
(1.28925 0.133526 0)
(1.28992 0.133109 0)
(1.29041 0.132801 0)
(1.29077 0.132531 0)
(1.29089 0.132219 0)
(1.29068 0.131824 0)
(1.29085 0.131534 0)
(1.2913 0.131382 0)
(1.29187 0.131166 0)
(1.2926 0.13084 0)
(1.29323 0.130482 0)
(1.29372 0.130179 0)
(1.29406 0.129856 0)
(1.29419 0.129473 0)
(1.29446 0.129154 0)
(1.29497 0.129006 0)
(1.29555 0.128882 0)
(1.29619 0.128702 0)
(1.29678 0.128503 0)
(1.29731 0.128292 0)
(1.29771 0.128043 0)
(1.2978 0.127717 0)
(1.2978 0.127352 0)
(1.29823 0.127139 0)
(1.29877 0.126961 0)
(1.29941 0.126704 0)
(1.30006 0.126385 0)
(1.30065 0.126066 0)
(1.30115 0.125767 0)
(1.30154 0.125483 0)
(1.30169 0.125174 0)
(1.30126 0.124745 0)
(1.30088 0.124271 0)
(1.30117 0.123971 0)
(1.30159 0.123683 0)
(1.3021 0.123341 0)
(1.3029 0.122972 0)
(1.30393 0.122539 0)
(1.30453 0.122203 0)
(1.30497 0.121989 0)
(1.30534 0.121777 0)
(1.3055 0.121522 0)
(1.30517 0.121152 0)
(1.3049 0.120742 0)
(1.30528 0.120499 0)
(1.30583 0.120309 0)
(1.30651 0.120094 0)
(1.30745 0.119852 0)
(1.30845 0.119588 0)
(1.30915 0.119402 0)
(1.30976 0.119256 0)
(1.3103 0.119083 0)
(1.31066 0.118858 0)
(1.3104 0.118512 0)
(1.30973 0.118084 0)
(1.30998 0.117834 0)
(1.31055 0.117706 0)
(1.31119 0.117545 0)
(1.31202 0.117371 0)
(1.31306 0.11715 0)
(1.31378 0.116909 0)
(1.31431 0.116709 0)
(1.31471 0.116472 0)
(1.31486 0.116175 0)
(1.3145 0.115791 0)
(1.31446 0.115489 0)
(1.3148 0.115344 0)
(1.31522 0.115125 0)
(1.31583 0.114838 0)
(1.31647 0.114469 0)
(1.31688 0.114099 0)
(1.31715 0.113718 0)
(1.31724 0.11329 0)
(1.3169 0.112697 0)
(1.31643 0.111938 0)
(1.31643 0.111328 0)
(1.3166 0.110725 0)
(1.31688 0.109906 0)
(1.31737 0.108912 0)
(1.31772 0.107683 0)
(1.31734 0.106326 0)
(1.31659 0.104769 0)
(1.31565 0.102979 0)
(1.31435 0.100691 0)
(1.31286 0.097988 0)
(1.31122 0.0950661 0)
(1.30929 0.0916581 0)
(1.30736 0.0878889 0)
(1.30488 0.0829148 0)
(1.30261 0.0780726 0)
(1.29905 0.0721487 0)
(1.29495 0.0658062 0)
(1.29087 0.0595244 0)
(1.28504 0.0509495 0)
(1.28062 0.0437782 0)
(1.27464 0.0346611 0)
(1.26915 0.024791 0)
(1.26463 0.0164445 0)
(1.25853 0.00464858 0)
(1.25478 -0.00359375 0)
(1.27703 0.145153 0)
(1.27741 0.145009 0)
(1.27775 0.144835 0)
(1.27799 0.144623 0)
(1.27806 0.144321 0)
(1.27819 0.143971 0)
(1.27855 0.143716 0)
(1.27901 0.143492 0)
(1.27962 0.143257 0)
(1.28022 0.143033 0)
(1.28066 0.142899 0)
(1.28103 0.142789 0)
(1.28128 0.142638 0)
(1.28112 0.142366 0)
(1.28085 0.141961 0)
(1.2812 0.141684 0)
(1.28167 0.141299 0)
(1.28212 0.140872 0)
(1.28251 0.140518 0)
(1.28292 0.140209 0)
(1.28335 0.139926 0)
(1.28384 0.139634 0)
(1.28433 0.139312 0)
(1.28477 0.138999 0)
(1.28511 0.138731 0)
(1.28534 0.138481 0)
(1.28532 0.138196 0)
(1.28523 0.137917 0)
(1.28549 0.137772 0)
(1.28585 0.137662 0)
(1.2863 0.137498 0)
(1.28691 0.13725 0)
(1.28756 0.136908 0)
(1.28803 0.136609 0)
(1.2884 0.136387 0)
(1.28862 0.13619 0)
(1.28843 0.135982 0)
(1.28824 0.135815 0)
(1.28861 0.135753 0)
(1.28909 0.135645 0)
(1.28966 0.135409 0)
(1.29018 0.135142 0)
(1.2906 0.134842 0)
(1.29085 0.134441 0)
(1.29114 0.134035 0)
(1.29165 0.133804 0)
(1.29224 0.133635 0)
(1.29285 0.133445 0)
(1.29343 0.133237 0)
(1.29395 0.132997 0)
(1.29436 0.132703 0)
(1.29455 0.132313 0)
(1.29473 0.131878 0)
(1.29518 0.131577 0)
(1.29573 0.131387 0)
(1.29632 0.131198 0)
(1.29692 0.130974 0)
(1.29752 0.130712 0)
(1.29809 0.130409 0)
(1.29858 0.130105 0)
(1.29897 0.129823 0)
(1.29911 0.129506 0)
(1.29874 0.129092 0)
(1.29849 0.128702 0)
(1.29882 0.1285 0)
(1.29925 0.128335 0)
(1.29976 0.128134 0)
(1.30044 0.127916 0)
(1.30141 0.127647 0)
(1.30211 0.127378 0)
(1.30263 0.127209 0)
(1.30309 0.12704 0)
(1.30342 0.126835 0)
(1.30331 0.126547 0)
(1.30272 0.126152 0)
(1.30286 0.125849 0)
(1.30344 0.125682 0)
(1.30414 0.125494 0)
(1.30508 0.12529 0)
(1.30604 0.125097 0)
(1.30675 0.124935 0)
(1.30736 0.124755 0)
(1.30786 0.124527 0)
(1.3081 0.12423 0)
(1.30773 0.123793 0)
(1.30725 0.123278 0)
(1.3075 0.122998 0)
(1.30788 0.122786 0)
(1.30833 0.122502 0)
(1.30904 0.122187 0)
(1.30998 0.121793 0)
(1.3107 0.121324 0)
(1.31109 0.120832 0)
(1.3113 0.12029 0)
(1.31123 0.119615 0)
(1.31074 0.118601 0)
(1.31041 0.117584 0)
(1.31033 0.116747 0)
(1.31016 0.115595 0)
(1.31007 0.114226 0)
(1.31013 0.112689 0)
(1.30993 0.110643 0)
(1.30894 0.10839 0)
(1.30722 0.105781 0)
(1.30528 0.102753 0)
(1.30288 0.0991837 0)
(1.30045 0.095571 0)
(1.29748 0.0910108 0)
(1.29468 0.0857648 0)
(1.29234 0.0803284 0)
(1.28901 0.0730061 0)
(1.28614 0.0669081 0)
(1.28122 0.0593734 0)
(1.27609 0.0513601 0)
(1.27085 0.0433016 0)
(1.26439 0.0328422 0)
(1.26 0.0248436 0)
(1.25422 0.0141472 0)
(1.24914 0.00371993 0)
(1.24484 -0.00484149 0)
(1.23753 -0.0165511 0)
(1.23241 -0.0255616 0)
(1.22577 -0.0365894 0)
(1.2197 -0.0479134 0)
(1.21506 -0.0568827 0)
(1.20797 -0.0673141 0)
(1.2018 -0.0760158 0)
(1.19559 -0.0850517 0)
(1.19087 -0.0940157 0)
(1.18855 -0.101343 0)
(1.18749 -0.108885 0)
(1.18499 -0.115964 0)
(1.27466 0.149954 0)
(1.2751 0.149683 0)
(1.27549 0.149345 0)
(1.27578 0.148913 0)
(1.27607 0.148434 0)
(1.2765 0.148049 0)
(1.27702 0.147733 0)
(1.27763 0.14742 0)
(1.27824 0.147117 0)
(1.2787 0.146876 0)
(1.27908 0.14667 0)
(1.27937 0.146453 0)
(1.27936 0.14617 0)
(1.27884 0.145761 0)
(1.27877 0.145439 0)
(1.27915 0.145287 0)
(1.27965 0.145084 0)
(1.28024 0.144873 0)
(1.28066 0.144754 0)
(1.281 0.144668 0)
(1.28132 0.144506 0)
(1.28163 0.144266 0)
(1.28195 0.143999 0)
(1.28224 0.143742 0)
(1.28243 0.143505 0)
(1.28238 0.143236 0)
(1.28219 0.142923 0)
(1.28244 0.142725 0)
(1.28285 0.142579 0)
(1.2834 0.142373 0)
(1.28414 0.142097 0)
(1.28479 0.141785 0)
(1.28528 0.141499 0)
(1.28566 0.141152 0)
(1.28581 0.140727 0)
(1.28579 0.140256 0)
(1.28605 0.139914 0)
(1.28651 0.139725 0)
(1.287 0.139545 0)
(1.28748 0.139322 0)
(1.28795 0.139045 0)
(1.28841 0.138733 0)
(1.28893 0.138464 0)
(1.28951 0.13829 0)
(1.29012 0.138189 0)
(1.29071 0.138107 0)
(1.29126 0.138016 0)
(1.29178 0.137878 0)
(1.29223 0.137692 0)
(1.29245 0.137432 0)
(1.29225 0.137085 0)
(1.29235 0.136822 0)
(1.29284 0.136744 0)
(1.29339 0.13669 0)
(1.29397 0.136599 0)
(1.29452 0.136481 0)
(1.29506 0.136311 0)
(1.29556 0.136083 0)
(1.29597 0.135827 0)
(1.29621 0.135557 0)
(1.29604 0.135219 0)
(1.29564 0.134788 0)
(1.29582 0.134455 0)
(1.29627 0.134268 0)
(1.2968 0.134067 0)
(1.29743 0.133845 0)
(1.29823 0.133619 0)
(1.29916 0.133385 0)
(1.2998 0.133181 0)
(1.3003 0.132978 0)
(1.30069 0.132728 0)
(1.3009 0.132434 0)
(1.30066 0.131993 0)
(1.30024 0.131397 0)
(1.3004 0.130976 0)
(1.30075 0.130629 0)
(1.30124 0.130218 0)
(1.30199 0.129797 0)
(1.30289 0.129335 0)
(1.30356 0.12888 0)
(1.30404 0.128414 0)
(1.30432 0.127857 0)
(1.30427 0.127169 0)
(1.30358 0.126068 0)
(1.30289 0.124803 0)
(1.30263 0.123838 0)
(1.30226 0.122552 0)
(1.30189 0.120934 0)
(1.30169 0.119231 0)
(1.30157 0.117036 0)
(1.30069 0.114108 0)
(1.29921 0.11116 0)
(1.29707 0.107723 0)
(1.29448 0.103594 0)
(1.29166 0.0990891 0)
(1.28868 0.0942538 0)
(1.28497 0.0880853 0)
(1.2813 0.0816735 0)
(1.27795 0.0757244 0)
(1.27357 0.0675388 0)
(1.26923 0.0592583 0)
(1.26542 0.051939 0)
(1.25963 0.0414347 0)
(1.25472 0.0323046 0)
(1.24997 0.0238733 0)
(1.2425 0.0123502 0)
(1.23709 0.00370659 0)
(1.23031 -0.00714426 0)
(1.22519 -0.017811 0)
(1.22184 -0.0263842 0)
(1.21595 -0.0375609 0)
(1.21097 -0.0465176 0)
(1.20397 -0.0568719 0)
(1.19815 -0.0665645 0)
(1.19354 -0.0745769 0)
(1.1883 -0.0836866 0)
(1.18441 -0.0910098 0)
(1.18112 -0.0988682 0)
(1.17823 -0.106443 0)
(1.17466 -0.11316 0)
(1.16956 -0.119653 0)
(1.16507 -0.125352 0)
(1.16204 -0.1304 0)
(1.16087 -0.135389 0)
(1.16025 -0.14046 0)
(1.15723 -0.1442 0)
(1.15355 -0.147296 0)
(1.15066 -0.150005 0)
(1.14905 -0.152298 0)
(1.14969 -0.154917 0)
(1.15125 -0.158167 0)
(1.15006 -0.160343 0)
(1.2717 0.155725 0)
(1.27204 0.155434 0)
(1.27233 0.155118 0)
(1.2726 0.154749 0)
(1.27302 0.154444 0)
(1.27353 0.154202 0)
(1.27406 0.153964 0)
(1.27459 0.153728 0)
(1.27508 0.15347 0)
(1.27554 0.15317 0)
(1.2759 0.152833 0)
(1.27603 0.152424 0)
(1.27568 0.151858 0)
(1.27548 0.151299 0)
(1.27588 0.151004 0)
(1.27641 0.150746 0)
(1.2771 0.150444 0)
(1.27793 0.150088 0)
(1.2786 0.149749 0)
(1.27912 0.149464 0)
(1.2796 0.149153 0)
(1.28002 0.148822 0)
(1.28039 0.148512 0)
(1.28065 0.148221 0)
(1.28068 0.147895 0)
(1.28045 0.147495 0)
(1.28061 0.147209 0)
(1.28104 0.147053 0)
(1.28158 0.146861 0)
(1.28232 0.146628 0)
(1.28297 0.146423 0)
(1.28347 0.146304 0)
(1.2839 0.146176 0)
(1.28412 0.146017 0)
(1.28392 0.145817 0)
(1.2839 0.145657 0)
(1.28433 0.145582 0)
(1.28482 0.145509 0)
(1.28528 0.145399 0)
(1.28561 0.145228 0)
(1.28593 0.14502 0)
(1.28645 0.144913 0)
(1.28705 0.14485 0)
(1.28772 0.14476 0)
(1.28837 0.144647 0)
(1.28896 0.144521 0)
(1.28949 0.144346 0)
(1.28986 0.144106 0)
(1.28981 0.143722 0)
(1.28963 0.14321 0)
(1.29004 0.14289 0)
(1.29062 0.142707 0)
(1.29135 0.142489 0)
)
;

boundaryField
{
    inlet
    {
        type            fixedValue;
        value           nonuniform 0();
    }
    outlet
    {
        type            inletOutlet;
        inletValue      nonuniform 0();
        value           nonuniform 0();
    }
    bottom
    {
        type            symmetryPlane;
    }
    top
    {
        type            symmetryPlane;
    }
    obstacle
    {
        type            slip;
    }
    front
    {
        type            empty;
    }
    back
    {
        type            empty;
    }
    procBoundary38to30
    {
        type            processor;
        value           nonuniform List<vector> 
133
(
(1.32728 0.0847944 0)
(1.32772 0.0845069 0)
(1.3283 0.0842167 0)
(1.32893 0.0838249 0)
(1.32947 0.0834937 0)
(1.32992 0.0832125 0)
(1.33021 0.0828836 0)
(1.33046 0.0824738 0)
(1.33087 0.0821028 0)
(1.33132 0.0817566 0)
(1.33171 0.0813851 0)
(1.33203 0.0809838 0)
(1.33238 0.08064 0)
(1.3328 0.0803886 0)
(1.33325 0.0801613 0)
(1.33369 0.0799248 0)
(1.3341 0.079681 0)
(1.33443 0.0794179 0)
(1.33457 0.0790656 0)
(1.33469 0.0786436 0)
(1.33508 0.0783122 0)
(1.33551 0.0779838 0)
(1.33589 0.0776044 0)
(1.33616 0.0771574 0)
(1.33643 0.0766824 0)
(1.33683 0.0763209 0)
(1.3373 0.0760326 0)
(1.33777 0.0757577 0)
(1.3382 0.0754991 0)
(1.33854 0.0752416 0)
(1.33865 0.0749326 0)
(1.33861 0.0745442 0)
(1.33887 0.0741868 0)
(1.33929 0.0738672 0)
(1.33979 0.0734978 0)
(1.34041 0.0730622 0)
(1.34108 0.0725803 0)
(1.34157 0.0721746 0)
(1.34194 0.0718344 0)
(1.34215 0.0714867 0)
(1.34196 0.0710537 0)
(1.34175 0.0705995 0)
(1.34203 0.0703446 0)
(1.34243 0.0701078 0)
(1.34299 0.0697935 0)
(1.34368 0.0694075 0)
(1.34412 0.0690965 0)
(1.34445 0.0688502 0)
(1.34466 0.0685852 0)
(1.34454 0.0682436 0)
(1.34414 0.0678235 0)
(1.34428 0.0675448 0)
(1.34461 0.0673304 0)
(1.34508 0.0670071 0)
(1.34551 0.0666731 0)
(1.34582 0.0664299 0)
(1.34604 0.0661894 0)
(1.34603 0.0658591 0)
(1.34577 0.0653883 0)
(1.34598 0.0650493 0)
(1.34644 0.0647227 0)
(1.34699 0.0642382 0)
(1.34746 0.0638411 0)
(1.3479 0.0634248 0)
(1.34834 0.0629098 0)
(1.34895 0.0623996 0)
(1.34972 0.0619164 0)
(1.35056 0.0613996 0)
(1.35141 0.0608515 0)
(1.35212 0.0602221 0)
(1.35265 0.0593741 0)
(1.3535 0.0585295 0)
(1.35466 0.0578252 0)
(1.35584 0.0571234 0)
(1.3569 0.0565802 0)
(1.35785 0.0562124 0)
(1.35863 0.0559067 0)
(1.35911 0.0555728 0)
(1.3593 0.0551256 0)
(1.35969 0.0547956 0)
(1.36001 0.0545457 0)
(1.36007 0.0542881 0)
(1.35994 0.0542443 0)
(1.35965 0.0542963 0)
(1.35916 0.0544658 0)
(1.35846 0.0547007 0)
(1.35781 0.0547987 0)
(1.35704 0.0549313 0)
(1.35631 0.0551521 0)
(1.3556 0.0555059 0)
(1.35466 0.0558855 0)
(1.35333 0.0563514 0)
(1.35155 0.0571063 0)
(1.34946 0.0579051 0)
(1.34669 0.0592196 0)
(1.34362 0.0609198 0)
(1.34074 0.0620657 0)
(1.33758 0.0642407 0)
(1.33428 0.0664741 0)
(1.33116 0.0678567 0)
(1.32765 0.0696408 0)
(1.32393 0.0719149 0)
(1.32074 0.0737405 0)
(1.31822 0.0747141 0)
(1.31661 0.0758148 0)
(1.31546 0.0772575 0)
(1.31356 0.078207 0)
(1.31165 0.0787427 0)
(1.30995 0.0793608 0)
(1.30865 0.0798488 0)
(1.30778 0.0802832 0)
(1.30757 0.0806642 0)
(1.30705 0.0808788 0)
(1.30628 0.0809536 0)
(1.30549 0.0811429 0)
(1.30484 0.0812717 0)
(1.31791 0.0935316 0)
(1.3182 0.0930904 0)
(1.31864 0.092698 0)
(1.31916 0.0923422 0)
(1.31969 0.0919953 0)
(1.3202 0.0916632 0)
(1.32063 0.0913507 0)
(1.32089 0.0910301 0)
(1.32089 0.0906595 0)
(1.32105 0.0903296 0)
(1.32151 0.0901067 0)
(1.32202 0.0898731 0)
(1.32254 0.0895946 0)
(1.32303 0.0893135 0)
(1.32346 0.0890536 0)
(1.32377 0.088798 0)
(1.32377 0.088798 0)
)
;
    }
    procBoundary38to31
    {
        type            processor;
        value           uniform (1.30653 0.0821205 0);
    }
    procBoundary38to37
    {
        type            processor;
        value           nonuniform List<vector> 
16
(
(1.3144 0.0966891 0)
(1.3108 0.099311 0)
(1.30792 0.101268 0)
(1.30507 0.103622 0)
(1.30234 0.106346 0)
(1.29979 0.109301 0)
(1.29726 0.11259 0)
(1.29447 0.116592 0)
(1.29118 0.121024 0)
(1.28905 0.12475 0)
(1.28717 0.128195 0)
(1.28484 0.131821 0)
(1.28267 0.134922 0)
(1.281 0.137882 0)
(1.27874 0.141317 0)
(1.27665 0.145281 0)
)
;
    }
    procBoundary38to39
    {
        type            processor;
        value           nonuniform List<vector> 
17
(
(1.31159 0.0814913 0)
(1.32194 0.0771523 0)
(1.33582 0.0693332 0)
(1.34576 0.0643992 0)
(1.34879 0.0637793 0)
(1.3498 0.0644303 0)
(1.34913 0.0666177 0)
(1.34612 0.0702657 0)
(1.34161 0.0752278 0)
(1.33723 0.0807958 0)
(1.33374 0.0868193 0)
(1.33101 0.0928107 0)
(1.32763 0.0967134 0)
(1.31173 0.080075 0)
(1.24873 -0.0138423 0)
(1.17984 -0.122314 0)
(1.14776 -0.16217 0)
)
;
    }
    procBoundary38to45
    {
        type            processor;
        value           nonuniform List<vector> 2((1.27421 0.1502 0) (1.27144 0.156067 0));
    }
    procBoundary38to46
    {
        type            processor;
        value           nonuniform List<vector> 
133
(
(1.29221 0.142237 0)
(1.29287 0.142017 0)
(1.29337 0.141824 0)
(1.29376 0.141576 0)
(1.29399 0.141289 0)
(1.29389 0.140905 0)
(1.29352 0.140368 0)
(1.29345 0.139918 0)
(1.2936 0.13967 0)
(1.29384 0.139436 0)
(1.29417 0.139134 0)
(1.29461 0.138777 0)
(1.29515 0.138396 0)
(1.29573 0.137956 0)
(1.29621 0.137434 0)
(1.29653 0.136832 0)
(1.2966 0.136172 0)
(1.29628 0.135347 0)
(1.29546 0.134099 0)
(1.29485 0.132753 0)
(1.29443 0.131464 0)
(1.29391 0.129798 0)
(1.29356 0.127936 0)
(1.2933 0.12563 0)
(1.29243 0.12262 0)
(1.29127 0.119719 0)
(1.28903 0.115995 0)
(1.28669 0.112044 0)
(1.28407 0.107742 0)
(1.2805 0.10175 0)
(1.27757 0.096422 0)
(1.27405 0.090153 0)
(1.27026 0.0824318 0)
(1.26724 0.0763149 0)
(1.26306 0.0683397 0)
(1.25817 0.0592711 0)
(1.2534 0.0512545 0)
(1.24838 0.0423396 0)
(1.24257 0.0318373 0)
(1.23716 0.022447 0)
(1.23203 0.0132961 0)
(1.22545 0.00150368 0)
(1.22027 -0.00797929 0)
(1.21625 -0.016578 0)
(1.20952 -0.0277922 0)
(1.20398 -0.0366357 0)
(1.19772 -0.0458391 0)
(1.1912 -0.0566476 0)
(1.18778 -0.063977 0)
(1.18501 -0.0728064 0)
(1.18095 -0.0812786 0)
(1.17593 -0.0884169 0)
(1.16997 -0.0962109 0)
(1.16569 -0.102329 0)
(1.16337 -0.107742 0)
(1.1623 -0.11379 0)
(1.15972 -0.119654 0)
(1.15521 -0.124826 0)
(1.15126 -0.129207 0)
(1.1488 -0.132844 0)
(1.14817 -0.136719 0)
(1.14767 -0.140715 0)
(1.14505 -0.143495 0)
(1.14246 -0.146105 0)
(1.141 -0.148783 0)
(1.14014 -0.151953 0)
(1.13857 -0.154415 0)
(1.13657 -0.156347 0)
(1.13506 -0.157937 0)
(1.13427 -0.158905 0)
(1.13443 -0.160177 0)
(1.13519 -0.161711 0)
(1.13471 -0.16258 0)
(1.13358 -0.163447 0)
(1.13164 -0.164556 0)
(1.13083 -0.16504 0)
(1.13086 -0.165224 0)
(1.13191 -0.165583 0)
(1.1328 -0.165836 0)
(1.26831 0.162974 0)
(1.26869 0.1625 0)
(1.26909 0.162041 0)
(1.26956 0.161611 0)
(1.27013 0.161229 0)
(1.27076 0.160846 0)
(1.27139 0.160466 0)
(1.27199 0.160116 0)
(1.27252 0.159781 0)
(1.27295 0.159425 0)
(1.27318 0.159002 0)
(1.27301 0.158436 0)
(1.27295 0.157885 0)
(1.27338 0.157604 0)
(1.27393 0.157385 0)
(1.27457 0.15714 0)
(1.27517 0.156906 0)
(1.27571 0.156689 0)
(1.27618 0.156455 0)
(1.27659 0.156222 0)
(1.27694 0.156006 0)
(1.27727 0.155803 0)
(1.27759 0.155613 0)
(1.27781 0.155426 0)
(1.27782 0.155211 0)
(1.27789 0.154986 0)
(1.27834 0.154834 0)
(1.27891 0.154686 0)
(1.27957 0.154448 0)
(1.28023 0.154153 0)
(1.28082 0.153913 0)
(1.28133 0.153727 0)
(1.28169 0.153531 0)
(1.2818 0.153253 0)
(1.28202 0.152952 0)
(1.28254 0.152771 0)
(1.28309 0.152594 0)
(1.28364 0.152348 0)
(1.28418 0.15205 0)
(1.28476 0.151782 0)
(1.28536 0.151586 0)
(1.28596 0.151429 0)
(1.28651 0.151272 0)
(1.28699 0.151102 0)
(1.2874 0.150886 0)
(1.28769 0.150637 0)
(1.28774 0.150326 0)
(1.28734 0.149843 0)
(1.28712 0.149349 0)
(1.28732 0.149097 0)
(1.2876 0.148854 0)
(1.28802 0.148542 0)
(1.29221 0.142237 0)
(1.28858 0.148133 0)
)
;
    }
}


// ************************************************************************* //
