/*--------------------------------*- C++ -*----------------------------------*\
  =========                 |
  \\      /  F ield         | OpenFOAM: The Open Source CFD Toolbox
   \\    /   O peration     | Website:  https://openfoam.org
    \\  /    A nd           | Version:  7
     \\/     M anipulation  |
\*---------------------------------------------------------------------------*/
FoamFile
{
    version     2.0;
    format      ascii;
    class       volVectorField;
    location    "16.5";
    object      U;
}
// * * * * * * * * * * * * * * * * * * * * * * * * * * * * * * * * * * * * * //

dimensions      [0 1 -1 0 0 0 0];

internalField   nonuniform List<vector> 
2413
(
(2 1.4933e-15 0)
(2 1.64348e-15 0)
(2 1.77076e-15 0)
(2 2.26868e-15 0)
(2 2.51861e-15 0)
(2 3.05424e-15 0)
(2 3.44567e-15 0)
(2 3.48608e-15 0)
(2 3.32405e-15 0)
(2 2.82046e-15 0)
(2 2.34978e-15 0)
(2 2.32403e-15 0)
(2 2.31243e-15 0)
(2 2.37451e-15 0)
(2 2.40494e-15 0)
(2 2.38656e-15 0)
(2 2.28102e-15 0)
(2 1.95303e-15 0)
(2 1.27832e-15 0)
(2 1.25626e-15 0)
(2 1.01717e-15 0)
(2 6.28813e-16 0)
(2 7.88834e-18 0)
(2 -4.99124e-16 0)
(2 -9.42195e-16 0)
(2 -9.04129e-16 0)
(2 -6.51915e-16 0)
(2 -6.74e-16 0)
(2 -3.35178e-16 0)
(2 -2.21318e-16 0)
(2 -2.27233e-16 0)
(2 -2.31043e-16 0)
(2 -4.61072e-16 0)
(2 -9.29931e-16 0)
(2 -4.09309e-15 0)
(2 -2.12556e-15 0)
(2 -1.40203e-15 0)
(2 -3.90034e-16 0)
(2 -4.15672e-16 0)
(2 -4.80981e-16 0)
(2 -3.11036e-16 0)
(2 -2.57645e-17 0)
(2 9.12793e-17 0)
(2 1.43664e-16 0)
(2 3.94509e-17 0)
(2 -1.58131e-16 0)
(2 -2.02922e-16 0)
(2 -3.30098e-16 0)
(2 -3.09982e-17 0)
(2 1.03715e-17 0)
(2 4.02013e-16 0)
(2 5.43514e-16 0)
(2 5.46554e-16 0)
(2 5.48102e-16 0)
(2 4.00592e-16 0)
(2 -3.94446e-17 0)
(2 -1.09278e-16 0)
(2 -4.70126e-16 0)
(2 -2.81671e-16 0)
(2 -2.76632e-16 0)
(2 -3.4359e-16 0)
(2 -4.50198e-16 0)
(2 -6.92532e-16 0)
(2 -5.9617e-16 0)
(2 -3.4879e-16 0)
(2 4.80028e-17 0)
(2 2.95527e-16 0)
(2 1.76952e-16 0)
(2 6.85546e-16 0)
(2 1.71828e-15 0)
(2 2.34714e-15 0)
(2 2.48291e-15 0)
(2 2.48653e-15 0)
(2 2.39881e-15 0)
(2 2.26453e-15 0)
(2 2.26649e-15 0)
(2 2.18543e-15 0)
(2 2.05479e-15 0)
(2 1.87457e-15 0)
(2 1.4983e-15 0)
(2 1.20491e-15 0)
(2 9.14265e-16 0)
(2 7.45723e-16 0)
(2 7.70846e-16 0)
(2 6.44921e-16 0)
(2 6.51353e-16 0)
(2 5.41188e-16 0)
(2 4.03934e-16 0)
(2 2.28647e-16 0)
(2 6.73902e-18 0)
(2 -1.10464e-15 0)
(2 -1.5362e-15 0)
(2 -1.70449e-15 0)
(2 -1.96545e-15 0)
(2 -2.47598e-15 0)
(2 -2.35361e-15 0)
(2 -2.23965e-15 0)
(2 -2.42606e-15 0)
(2 -2.00465e-15 0)
(2 -1.23174e-15 0)
(2 -1.09098e-15 0)
(2 -7.52531e-16 0)
(2 -1.48038e-16 0)
(2 2.23228e-16 0)
(2 3.41911e-16 0)
(2 4.2102e-16 0)
(2 2.49481e-16 0)
(2 -1.75268e-16 0)
(2 -3.07258e-16 0)
(2 -3.98648e-16 0)
(2 -3.34679e-16 0)
(2 -3.53894e-16 0)
(2 -4.19307e-16 0)
(2 -1.1863e-16 0)
(2 3.12653e-16 0)
(2 6.01309e-16 0)
(2 -2.00702e-16 0)
(2 -4.42519e-16 0)
(2 -3.91533e-16 0)
(2 -1.28737e-16 0)
(2 2.03927e-16 0)
(2 5.46377e-16 0)
(2 1.13396e-15 0)
(2 1.34051e-15 0)
(2 1.4997e-15 0)
(2 1.56829e-15 0)
(2 1.61937e-15 0)
(2 1.54265e-15 0)
(2 1.53945e-15 0)
(2 1.60179e-15 0)
(2 1.60485e-15 0)
(2 1.54757e-15 0)
(2 1.5335e-15 0)
(2 1.46027e-15 0)
(2 1.12031e-15 0)
(2 1.20054e-15 0)
(2 1.48076e-15 0)
(2 1.78699e-15 0)
(2 2.0716e-15 0)
(2 2.25415e-15 0)
(2 2.31959e-15 0)
(2 2.33876e-15 0)
(2 2.26297e-15 0)
(2 2.08591e-15 0)
(2 1.87587e-15 0)
(2 1.76992e-15 0)
(2 1.42098e-15 0)
(2 1.31717e-15 0)
(2 1.35697e-15 0)
(2 1.01217e-15 0)
(2 9.49167e-16 0)
(2 5.36168e-16 0)
(2 3.7117e-16 0)
(2 9.76904e-17 0)
(2 -2.49505e-15 0)
(2 -2.1873e-15 0)
(2 -1.73258e-15 0)
(2 -1.55781e-15 0)
(2 -5.82421e-16 0)
(2 -8.62727e-17 0)
(2 4.39662e-16 0)
(2 7.61147e-16 0)
(2 7.91359e-16 0)
(2 5.8925e-16 0)
(2 5.74346e-16 0)
(2 6.72799e-16 0)
(2 5.57219e-16 0)
(2 4.82691e-16 0)
(2 5.21607e-16 0)
(2 3.73888e-16 0)
(2 1.04744e-16 0)
(2 -6.06253e-17 0)
(2 1.98194e-16 0)
(2 4.07301e-16 0)
(2 1.39363e-16 0)
(2 -1.16536e-16 0)
(2 -4.62164e-16 0)
(2 -6.0008e-16 0)
(2 -7.90785e-16 0)
(2 -9.10155e-16 0)
(2 -8.52868e-16 0)
(2 -8.13814e-16 0)
(2 -7.3715e-16 0)
(2 -5.33259e-16 0)
(2 -2.84562e-16 0)
(2 1.66718e-16 0)
(2 5.57988e-16 0)
(2 1.05183e-15 0)
(2 1.37279e-15 0)
(2 1.50797e-15 0)
(2 1.71968e-15 0)
(2 1.90223e-15 0)
(2 2.15398e-15 0)
(2 2.41224e-15 0)
(2 2.05219e-15 0)
(2 1.29473e-15 0)
(2 5.63438e-16 0)
(2 2.21465e-16 0)
(2 1.77015e-16 0)
(2 1.17018e-16 0)
(2 -5.84268e-17 0)
(2 -1.2778e-16 0)
(2 -3.18463e-16 0)
(2 -3.35002e-16 0)
(2 3.22318e-18 0)
(2 7.76623e-16 0)
(2 1.36756e-15 0)
(2 1.39176e-15 0)
(2 1.27317e-15 0)
(2 1.16459e-15 0)
(2 1.11665e-15 0)
(2 3.53997e-16 0)
(2 -4.80683e-17 0)
(2 -4.43705e-17 0)
(2 2.15194e-16 0)
(2 2.90395e-16 0)
(2 2.95022e-16 0)
(2 3.81164e-16 0)
(2 6.80295e-16 0)
(2 9.95881e-16 0)
(2 1.17333e-15 0)
(2 1.28357e-15 0)
(2 1.35382e-15 0)
(2 1.38854e-15 0)
(2 1.0859e-15 0)
(2 8.48239e-16 0)
(2 8.79979e-16 0)
(2 8.14546e-16 0)
(2 4.52015e-16 0)
(2 2.37329e-16 0)
(2 4.17491e-16 0)
(2 6.16211e-16 0)
(2 5.92583e-16 0)
(2 7.23364e-16 0)
(2 9.14189e-16 0)
(2 1.20124e-15 0)
(2 1.80238e-16 0)
(2 -7.85516e-16 0)
(2 -1.19619e-15 0)
(2 -1.42443e-15 0)
(2 -1.00704e-15 0)
(2 -6.80426e-16 0)
(2 -5.32763e-16 0)
(2 -4.29983e-16 0)
(2 -5.00388e-16 0)
(2 -4.31441e-16 0)
(2 -3.91806e-16 0)
(2 -2.49097e-16 0)
(2 1.88446e-17 0)
(2 9.24974e-17 0)
(2 8.05211e-16 0)
(2 8.91862e-16 0)
(2 5.89275e-16 0)
(2 2.52339e-16 0)
(2 3.43363e-17 0)
(2 4.97803e-17 0)
(2 1.28711e-16 0)
(2 2.66257e-16 0)
(2 6.11346e-16 0)
(2 1.6183e-15 0)
(2 3.10823e-15 0)
(2 3.53938e-15 0)
(2 3.74012e-15 0)
(2 4.1839e-15 0)
(2 4.37629e-15 0)
(2 4.2456e-15 0)
(2 4.05339e-15 0)
(2 3.85225e-15 0)
(2 3.12697e-15 0)
(2 2.56188e-15 0)
(2 2.55508e-15 0)
(2 2.80416e-15 0)
(2 3.25258e-15 0)
(2 3.53599e-15 0)
(2 -7.47472e-16 0)
(2 -7.24444e-16 0)
(2 -7.08931e-16 0)
(2 -7.95518e-16 0)
(2 -1.82935e-17 0)
(2 2.30145e-16 0)
(2 1.8765e-16 0)
(2 8.52945e-17 0)
(2 -1.49573e-16 0)
(2 -3.85001e-16 0)
(2 -3.44812e-16 0)
(2 -3.07738e-16 0)
(2 -3.05758e-16 0)
(2 -3.00109e-16 0)
(2 -3.62671e-16 0)
(2 -5.13774e-16 0)
(2 -7.29634e-16 0)
(2 -7.99333e-16 0)
(2 -8.88295e-16 0)
(2 -9.52958e-16 0)
(2 -1.06949e-15 0)
(2 -1.32124e-15 0)
(2 -1.22445e-15 0)
(2 -1.15463e-15 0)
(2 -1.17182e-15 0)
(2 -1.21244e-15 0)
(2 -1.17719e-15 0)
(2 -1.09796e-15 0)
(2 -1.00458e-15 0)
(2 -7.88783e-16 0)
(2 -4.67384e-16 0)
(2 -2.60599e-16 0)
(2 -2.57792e-16 0)
(2 -2.35097e-16 0)
(2 -2.60499e-16 0)
(2 -5.00075e-16 0)
(2 -3.08723e-16 0)
(2 -2.73842e-16 0)
(2 -3.91883e-16 0)
(2 -7.16915e-16 0)
(2 -8.23938e-16 0)
(2 -1.09682e-15 0)
(2 -1.12361e-15 0)
(2 -1.18324e-15 0)
(2 -1.21638e-15 0)
(2 -1.14186e-15 0)
(2 -1.29613e-15 0)
(2 -1.3869e-15 0)
(2 -1.55901e-15 0)
(2 -1.66501e-15 0)
(2 -1.6635e-15 0)
(2 -4.85695e-16 0)
(2 3.81478e-16 0)
(2 6.46512e-16 0)
(2 1.78998e-15 0)
(2 2.6453e-15 0)
(2 2.75797e-15 0)
(2 3.34156e-15 0)
(2 3.78172e-15 0)
(2 3.81896e-15 0)
(2 3.9135e-15 0)
(2 3.85872e-15 0)
(2 3.78098e-15 0)
(2 3.87079e-15 0)
(2 3.83326e-15 0)
(2 3.19569e-15 0)
(2 2.75422e-15 0)
(2 2.49196e-15 0)
(2 2.07696e-15 0)
(2 2.02087e-15 0)
(2 1.40603e-15 0)
(2 1.23032e-15 0)
(2 9.81566e-16 0)
(2 8.58071e-16 0)
(2 8.43684e-16 0)
(2 7.94595e-16 0)
(2 5.61389e-16 0)
(2 4.52888e-16 0)
(2 4.15827e-16 0)
(2 -1.14378e-16 0)
(2 -3.93032e-16 0)
(2 -3.67677e-16 0)
(2 4.15787e-17 0)
(2 2.86387e-16 0)
(2 3.53934e-16 0)
(2 1.52829e-16 0)
(2 -6.63335e-16 0)
(2 -8.57958e-16 0)
(2 -1.12545e-15 0)
(2 -1.15068e-15 0)
(2 -1.11532e-15 0)
(2 -1.09718e-15 0)
(2 -8.15456e-16 0)
(2 -7.18493e-16 0)
(2 -4.33065e-16 0)
(2 -2.29608e-16 0)
(2 -8.40773e-17 0)
(2 -3.17543e-17 0)
(2 -3.2269e-17 0)
(2 5.56695e-16 0)
(2 6.06617e-16 0)
(2 5.54488e-16 0)
(2 2.59049e-16 0)
(2 3.65736e-16 0)
(2 8.36614e-16 0)
(2 9.65489e-16 0)
(2 1.12286e-15 0)
(2 1.53586e-15 0)
(2 1.73546e-15 0)
(2 2.14587e-15 0)
(2 2.61846e-15 0)
(2 3.10655e-15 0)
(2 3.40944e-15 0)
(2 3.52872e-15 0)
(2 3.47078e-15 0)
(2 3.61258e-15 0)
(2 3.96452e-15 0)
(2 4.17329e-15 0)
(2 3.73711e-15 0)
(2 3.63938e-15 0)
(2 -1.10753e-15 0)
(2 -8.97037e-16 0)
(2 -4.99438e-16 0)
(2 -3.82448e-16 0)
(2 -1.10567e-16 0)
(2 1.32493e-16 0)
(2 1.18549e-16 0)
(2 4.68616e-17 0)
(2 -9.4636e-19 0)
(2 -2.19799e-16 0)
(2 -5.07556e-16 0)
(2 -4.43861e-16 0)
(2 -1.37948e-16 0)
(2 -8.96187e-17 0)
(2 -9.59081e-17 0)
(2 -3.87913e-17 0)
(2 6.53469e-17 0)
(2 1.7102e-16 0)
(2 -8.76252e-17 0)
(2 -1.92935e-16 0)
(2 -2.11041e-16 0)
(2 -2.14308e-16 0)
(2 -1.55379e-16 0)
(2 9.17971e-17 0)
(2 2.08417e-16 0)
(2 2.51886e-16 0)
(2 2.43492e-16 0)
(2 2.84445e-16 0)
(2 3.25965e-16 0)
(2 4.93256e-16 0)
(2 4.73267e-16 0)
(2 5.37743e-16 0)
(2 6.71005e-16 0)
(2 6.06613e-16 0)
(2 1.12313e-15 0)
(2 1.29577e-15 0)
(2 1.3889e-15 0)
(2 1.42281e-15 0)
(2 9.99056e-16 0)
(2 5.23485e-16 0)
(2 3.20376e-16 0)
(2 3.12337e-17 0)
(2 3.81678e-16 0)
(2 5.51239e-16 0)
(2 6.46385e-16 0)
(2 4.85318e-16 0)
(2 4.12241e-16 0)
(2 4.20411e-16 0)
(2 5.31394e-16 0)
(2 1.20795e-15 0)
(2 1.44693e-15 0)
(2 1.4386e-15 0)
(2 1.36378e-15 0)
(2 1.46398e-15 0)
(2 1.8242e-15 0)
(2 2.82409e-15 0)
(2 3.82178e-15 0)
(2 4.46144e-15 0)
(2 5.20031e-15 0)
(2 5.38899e-15 0)
(2 5.48184e-15 0)
(2 5.46167e-15 0)
(2 5.33006e-15 0)
(2 5.24437e-15 0)
(2 4.59452e-15 0)
(2 4.0053e-15 0)
(2 3.70859e-15 0)
(2 3.35695e-15 0)
(2 2.78255e-15 0)
(2 2.52318e-15 0)
(2 2.22038e-15 0)
(2 1.6356e-15 0)
(2 1.31187e-15 0)
(2 1.10973e-15 0)
(2 1.08457e-15 0)
(2 1.18999e-15 0)
(2 8.14371e-16 0)
(2 7.20204e-16 0)
(2 8.34566e-16 0)
(2 9.243e-16 0)
(2 1.30064e-15 0)
(2 1.75433e-15 0)
(2 2.08366e-15 0)
(2 2.32766e-15 0)
(2 2.46932e-15 0)
(2 2.35292e-15 0)
(2 2.16873e-15 0)
(2 1.74329e-15 0)
(2 1.47633e-15 0)
(2 9.6263e-16 0)
(2 7.56385e-16 0)
(2 8.4857e-16 0)
(2 9.28334e-16 0)
(2 1.02091e-15 0)
(2 1.03009e-15 0)
(2 9.91403e-16 0)
(2 8.93719e-16 0)
(2 8.87818e-16 0)
(2 9.28518e-16 0)
(2 1.04673e-15 0)
(2 1.56734e-15 0)
(2 2.35063e-15 0)
(2 2.94761e-15 0)
(2 2.97329e-15 0)
(2 3.27465e-15 0)
(2 3.34392e-15 0)
(2 3.67063e-15 0)
(2 3.84931e-15 0)
(2 3.96587e-15 0)
(2 3.92213e-15 0)
(2 3.94695e-15 0)
(2 3.99173e-15 0)
(2 4.03347e-15 0)
(2 3.95778e-15 0)
(2 4.02965e-15 0)
(2 4.99195e-15 0)
(2 5.234e-15 0)
(2 5.24168e-15 0)
(2 5.24665e-15 0)
(2 5.07384e-15 0)
(2 -5.44716e-16 0)
(2 -5.70436e-16 0)
(2 -3.43349e-16 0)
(2 -2.59476e-16 0)
(2 -3.3699e-16 0)
(2 -3.3582e-16 0)
(2 -1.85623e-16 0)
(2 -1.20662e-17 0)
(2 -7.18433e-17 0)
(2 2.4094e-17 0)
(2 3.26491e-17 0)
(2 9.55775e-16 0)
(2 1.25757e-15 0)
(2 1.26613e-15 0)
(2 1.4564e-15 0)
(2 1.58767e-15 0)
(2 1.50687e-15 0)
(2 1.11375e-15 0)
(2 7.45815e-16 0)
(2 9.67219e-16 0)
(2 1.10551e-15 0)
(2 1.98271e-15 0)
(2 2.1546e-15 0)
(2 2.09478e-15 0)
(2 2.33845e-15 0)
(2 2.60309e-15 0)
(2 2.80112e-15 0)
(2 2.81591e-15 0)
(2 2.57191e-15 0)
(2 2.43917e-15 0)
(2 2.03952e-15 0)
(2 1.79893e-15 0)
(2 1.80269e-15 0)
(2 1.8505e-15 0)
(2 2.05135e-15 0)
(2 2.31199e-15 0)
(2 2.58703e-15 0)
(2 2.50687e-15 0)
(2 2.50576e-15 0)
(2 1.80242e-15 0)
(2 8.98849e-16 0)
(2 4.90898e-16 0)
(2 1.34246e-16 0)
(2 -1.37409e-16 0)
(2 -1.41284e-16 0)
(2 9.56666e-17 0)
(2 2.50852e-16 0)
(2 3.67508e-16 0)
(2 5.82314e-16 0)
(2 1.1347e-15 0)
(2 1.20729e-15 0)
(2 1.20447e-15 0)
(2 7.18192e-16 0)
(2 8.16701e-16 0)
(2 1.42748e-15 0)
(2 2.36778e-15 0)
(2 2.46486e-15 0)
(2 2.85208e-15 0)
(2 3.31954e-15 0)
(2 3.46409e-15 0)
(2 3.57327e-15 0)
(2 3.54467e-15 0)
(2 3.34174e-15 0)
(2 3.00841e-15 0)
(2 2.73766e-15 0)
(2 2.52488e-15 0)
(2 2.20626e-15 0)
(2 1.90213e-15 0)
(2 1.77989e-15 0)
(2 1.79371e-15 0)
(2 1.53612e-15 0)
(2 1.44065e-15 0)
(2 1.48907e-15 0)
(2 1.51538e-15 0)
(2 1.48762e-15 0)
(2 1.59576e-15 0)
(2 2.23717e-15 0)
(2 2.55812e-15 0)
(2 2.70058e-15 0)
(2 3.17866e-15 0)
(2 3.20537e-15 0)
(2 3.18876e-15 0)
(2 3.22504e-15 0)
(2 3.43961e-15 0)
(2 3.84341e-15 0)
(2 3.98642e-15 0)
(2 3.94805e-15 0)
(2 4.03954e-15 0)
(2 4.20639e-15 0)
(2 4.55507e-15 0)
(2 4.52434e-15 0)
(2 3.92634e-15 0)
(2 2.93884e-15 0)
(2 2.90361e-15 0)
(2 2.4437e-15 0)
(2 1.62795e-15 0)
(2 1.4243e-15 0)
(2 1.46556e-15 0)
(2 1.59928e-15 0)
(2 1.59077e-15 0)
(2 1.84885e-15 0)
(2 2.17817e-15 0)
(2 2.33835e-15 0)
(2 2.4552e-15 0)
(2 2.48416e-15 0)
(2 2.44817e-15 0)
(2 2.54482e-15 0)
(2 2.79095e-15 0)
(2 2.97911e-15 0)
(2 2.94375e-15 0)
(2 2.75835e-15 0)
(2 2.74737e-15 0)
(2 2.75773e-15 0)
(2 2.85041e-15 0)
(2 3.32469e-15 0)
(2 3.67715e-15 0)
(2 3.75561e-15 0)
(2 3.96558e-15 0)
(2 4.17861e-15 0)
(2 4.31948e-15 0)
(2 8.70638e-16 0)
(2 8.85705e-16 0)
(2 8.41207e-16 0)
(2 7.62891e-16 0)
(2 5.11957e-16 0)
(2 3.22815e-16 0)
(2 2.74725e-16 0)
(2 7.64349e-17 0)
(2 3.89824e-16 0)
(2 9.87966e-16 0)
(2 1.41291e-15 0)
(2 1.3755e-15 0)
(2 1.19401e-15 0)
(2 1.33861e-15 0)
(2 1.29015e-15 0)
(2 1.07391e-15 0)
(2 9.93966e-16 0)
(2 1.16253e-15 0)
(2 1.50345e-15 0)
(2 1.66141e-15 0)
(2 1.66205e-15 0)
(2 1.61104e-15 0)
(2 1.79788e-15 0)
(2 1.87609e-15 0)
(2 1.90284e-15 0)
(2 2.17252e-15 0)
(2 2.27442e-15 0)
(2 2.49473e-15 0)
(2 2.67712e-15 0)
(2 2.78844e-15 0)
(2 2.38491e-15 0)
(2 2.09696e-15 0)
(2 1.9717e-15 0)
(2 2.01023e-15 0)
(2 1.86588e-15 0)
(2 1.81937e-15 0)
(2 2.05508e-15 0)
(2 1.5251e-15 0)
(2 1.1657e-15 0)
(2 1.06012e-15 0)
(2 8.90481e-16 0)
(2 9.69711e-16 0)
(2 -3.15944e-17 0)
(2 -6.02422e-16 0)
(2 -9.90854e-16 0)
(2 -9.50192e-16 0)
(2 8.86337e-17 0)
(2 5.8065e-16 0)
(2 9.67947e-16 0)
(2 8.77897e-16 0)
(2 3.43413e-16 0)
(2 1.81944e-16 0)
(2 3.42389e-16 0)
(2 4.55166e-16 0)
(2 6.17022e-16 0)
(2 6.74097e-16 0)
(2 1.04454e-15 0)
(2 1.28408e-15 0)
(2 1.35513e-15 0)
(2 1.44045e-15 0)
(2 1.49202e-15 0)
(2 1.41688e-15 0)
(2 1.18046e-15 0)
(2 1.17415e-15 0)
(2 1.01013e-15 0)
(2 6.5954e-16 0)
(2 4.26114e-16 0)
(2 3.88156e-16 0)
(2 5.95697e-16 0)
(2 8.33876e-16 0)
(2 1.02731e-15 0)
(2 1.32612e-15 0)
(2 1.43908e-15 0)
(2 1.52985e-15 0)
(2 1.40116e-15 0)
(2 1.94845e-15 0)
(2 2.34959e-15 0)
(2 3.0722e-15 0)
(2 3.21074e-15 0)
(2 2.82536e-15 0)
(2 2.66982e-15 0)
(2 2.51289e-15 0)
(2 2.46006e-15 0)
(2 2.49074e-15 0)
(2 2.64186e-15 0)
(2 3.08605e-15 0)
(2 3.71752e-15 0)
(2 4.22698e-15 0)
(2 4.35643e-15 0)
(2 4.90805e-15 0)
(2 4.67639e-15 0)
(2 4.30311e-15 0)
(2 3.96268e-15 0)
(2 3.712e-15 0)
(2 3.19824e-15 0)
(2 2.9792e-15 0)
(2 2.82374e-15 0)
(2 2.68343e-15 0)
(2 2.68508e-15 0)
(2 2.67943e-15 0)
(2 2.60309e-15 0)
(2 2.55084e-15 0)
(2 2.61877e-15 0)
(2 2.38201e-15 0)
(2 2.27696e-15 0)
(2 2.2447e-15 0)
(2 2.10345e-15 0)
(2 2.00193e-15 0)
(2 1.96103e-15 0)
(2 1.91987e-15 0)
(2 1.91123e-15 0)
(2 1.60061e-15 0)
(2 1.45524e-15 0)
(2 1.83122e-15 0)
(2 1.94755e-15 0)
(2 2.0806e-15 0)
(2 2.18587e-15 0)
(2 2.29225e-15 0)
(2 2.35952e-15 0)
(2 2.37545e-15 0)
(2 2.0185e-15 0)
(2 1.85682e-15 0)
(2 1.61492e-15 0)
(2 1.43699e-15 0)
(2 1.18806e-15 0)
(2 1.5393e-15 0)
(2 1.74171e-15 0)
(2 1.9367e-15 0)
(2 2.58409e-15 0)
(2 2.72047e-15 0)
(2 2.54993e-15 0)
(2 2.4384e-15 0)
(2 2.12891e-15 0)
(2 1.91311e-15 0)
(2 1.89321e-15 0)
(2 1.92465e-15 0)
(2 2.06027e-15 0)
(2 2.23503e-15 0)
(2 2.47126e-15 0)
(2 2.3512e-15 0)
(2 2.05554e-15 0)
(2 2.01168e-15 0)
(2 2.15152e-15 0)
(2 2.3228e-15 0)
(2 2.38579e-15 0)
(2 2.19412e-15 0)
(2 2.09473e-15 0)
(2 2.09282e-15 0)
(2 2.14686e-15 0)
(2 2.34024e-15 0)
(2 2.5792e-15 0)
(2 2.57923e-15 0)
(2 2.47734e-15 0)
(2 2.69636e-15 0)
(2 2.69829e-15 0)
(2 2.26972e-15 0)
(2 2.11714e-15 0)
(2 2.30085e-15 0)
(2 1.94351e-15 0)
(2 1.57959e-15 0)
(2 1.55159e-15 0)
(2 1.69387e-15 0)
(2 1.71271e-15 0)
(2 1.84019e-15 0)
(2 1.86432e-15 0)
(2 1.98336e-15 0)
(2 1.56571e-15 0)
(2 6.53632e-16 0)
(2 4.74912e-16 0)
(2 5.41946e-16 0)
(2 5.70178e-16 0)
(2 6.98725e-16 0)
(2 6.28687e-16 0)
(2 2.49336e-16 0)
(2 1.28169e-16 0)
(2 -3.09097e-17 0)
(2 -1.56279e-16 0)
(2 -2.53577e-16 0)
(2 -1.51173e-16 0)
(2 7.2675e-17 0)
(2 2.60761e-16 0)
(2 3.7246e-16 0)
(2 4.5371e-16 0)
(2 8.18499e-16 0)
(2 8.30561e-16 0)
(2 7.49739e-16 0)
(2 4.12716e-16 0)
(2 3.53684e-16 0)
(2 1.30445e-16 0)
(2 -5.62701e-17 0)
(2 2.71452e-16 0)
(2 4.49453e-16 0)
(2 1.00813e-15 0)
(2 1.46398e-15 0)
(2 1.72564e-15 0)
(2 1.75661e-15 0)
(2 1.40906e-15 0)
(2 1.20996e-15 0)
(2 1.72376e-15 0)
(2 2.11865e-15 0)
(2 2.26639e-15 0)
(2 2.43471e-15 0)
(2 2.47239e-15 0)
(2 2.64268e-15 0)
(2 2.84272e-15 0)
(2 2.89319e-15 0)
(2 2.95544e-15 0)
(2 3.02075e-15 0)
(2 2.99645e-15 0)
(2 2.90398e-15 0)
(2 2.7082e-15 0)
(2 2.873e-15 0)
(2 3.15656e-15 0)
(2 3.36526e-15 0)
(2 3.59123e-15 0)
(2 3.65646e-15 0)
(2 3.52015e-15 0)
(2 3.42092e-15 0)
(2 3.41422e-15 0)
(2 3.40999e-15 0)
(2 3.27459e-15 0)
(2 3.22345e-15 0)
(2 3.30431e-15 0)
(2 3.34023e-15 0)
(2 3.32305e-15 0)
(2 3.28355e-15 0)
(2 3.21641e-15 0)
(2 3.09969e-15 0)
(2 3.15376e-15 0)
(2 3.3488e-15 0)
(2 3.59173e-15 0)
(2 3.41413e-15 0)
(2 3.32444e-15 0)
(2 2.87258e-15 0)
(2 2.78402e-15 0)
(2 2.68189e-15 0)
(2 2.5395e-15 0)
(2 2.57569e-15 0)
(2 2.78181e-15 0)
(2 2.65888e-15 0)
(2 1.87741e-15 0)
(2 1.7638e-15 0)
(2 1.56214e-15 0)
(2 1.47567e-15 0)
(2 1.61751e-15 0)
(2 1.84159e-15 0)
(2 1.97337e-15 0)
(2 2.30238e-15 0)
(2 2.06303e-15 0)
(2 1.78333e-15 0)
(2 1.12251e-15 0)
(2 8.35859e-16 0)
(2 6.68039e-16 0)
(2 6.05446e-16 0)
(2 9.08628e-16 0)
(2 1.07517e-15 0)
(2 1.33481e-15 0)
(2 1.29928e-15 0)
(2 1.11492e-15 0)
(2 1.07989e-15 0)
(2 1.13755e-15 0)
(2 1.34303e-15 0)
(2 1.35233e-15 0)
(2 1.34849e-15 0)
(2 1.35277e-15 0)
(2 1.41624e-15 0)
(2 1.51284e-15 0)
(2 1.37075e-15 0)
(2 1.00922e-15 0)
(2 6.35511e-16 0)
(2 5.8017e-16 0)
(2 9.44796e-16 0)
(2 1.31482e-15 0)
(2 1.43282e-15 0)
(2 1.44247e-15 0)
(2 1.35882e-15 0)
(2 1.32769e-15 0)
(2 1.46018e-15 0)
(2 1.58717e-15 0)
(2 1.68528e-15 0)
(2 1.66957e-15 0)
(2 1.70693e-15 0)
(2 1.68603e-15 0)
(2 1.64292e-15 0)
(2 1.62146e-15 0)
(2 1.6059e-15 0)
(2 1.48927e-15 0)
(2 1.41618e-15 0)
(2 1.43595e-15 0)
(2 1.57084e-15 0)
(2 1.64399e-15 0)
(2 1.85673e-15 0)
(2 1.66793e-15 0)
(2 6.36041e-16 0)
(2 -3.21235e-16 0)
(2 -7.95322e-16 0)
(2 -1.14562e-15 0)
(2 -1.40073e-15 0)
(2 -8.53549e-16 0)
(2 -4.47088e-16 0)
(2 -4.25203e-16 0)
(2 -2.79874e-16 0)
(2 6.07325e-17 0)
(2 3.10346e-16 0)
(2 6.8757e-16 0)
(2 1.01272e-15 0)
(2 9.27594e-16 0)
(2 6.07677e-16 0)
(2 5.38247e-16 0)
(2 7.25995e-16 0)
(2 8.28339e-16 0)
(2 9.21562e-16 0)
(2 1.01351e-15 0)
(2 1.16334e-15 0)
(2 1.37591e-15 0)
(2 1.59729e-15 0)
(2 1.67703e-15 0)
(2 1.70171e-15 0)
(2 1.69608e-15 0)
(2 1.74626e-15 0)
(2 1.725e-15 0)
(2 1.74358e-15 0)
(2 1.75306e-15 0)
(2 1.24286e-15 0)
(2 1.02177e-15 0)
(2 8.93895e-16 0)
(2 8.82313e-16 0)
(2 9.66499e-16 0)
(2 1.03859e-15 0)
(2 1.19202e-15 0)
(2 1.08544e-15 0)
(2 1.38517e-15 0)
(2 2.2291e-15 0)
(2 2.36735e-15 0)
(2 2.44215e-15 0)
(2 2.53762e-15 0)
(2 2.70383e-15 0)
(2 2.7273e-15 0)
(2 2.68788e-15 0)
(2 2.70238e-15 0)
(2 2.58811e-15 0)
(2 2.54206e-15 0)
(2 2.50404e-15 0)
(2 2.48916e-15 0)
(2 2.46527e-15 0)
(2 2.47369e-15 0)
(2 2.47269e-15 0)
(2 2.53134e-15 0)
(2 2.70052e-15 0)
(2 2.92153e-15 0)
(2 2.99485e-15 0)
(2 3.4324e-15 0)
(2 3.50681e-15 0)
(2 3.45399e-15 0)
(2 3.28066e-15 0)
(2 2.93625e-15 0)
(2 2.69041e-15 0)
(2 2.44043e-15 0)
(2 2.21092e-15 0)
(2 2.03198e-15 0)
(2 1.48652e-15 0)
(2 1.32784e-15 0)
(2 1.03866e-15 0)
(2 8.92706e-16 0)
(2 9.91319e-16 0)
(2 1.05255e-15 0)
(2 1.05069e-15 0)
(2 1.05509e-15 0)
(2 1.14201e-15 0)
(2 3.75654e-16 0)
(2 -3.11001e-16 0)
(2 -5.35592e-16 0)
(2 -6.99977e-16 0)
(2 -9.10655e-16 0)
(2 -1.0848e-15 0)
(2 -1.45212e-15 0)
(2 -1.96876e-15 0)
(2 -2.45776e-15 0)
(2 -2.56405e-15 0)
(2 -2.13908e-15 0)
(2 -1.78068e-15 0)
(2 -1.829e-15 0)
(2 -1.91407e-15 0)
(2 -1.94907e-15 0)
(2 -2.00763e-15 0)
(2 -2.0584e-15 0)
(2 -2.42038e-15 0)
(2 -2.55555e-15 0)
(2 -2.69415e-15 0)
(2 -2.77039e-15 0)
(2 -2.80957e-15 0)
(2 -2.72314e-15 0)
(2 -2.64679e-15 0)
(2 -2.36488e-15 0)
(2 -2.17862e-15 0)
(2 -1.98173e-15 0)
(2 -1.98255e-15 0)
(2 -1.89872e-15 0)
(2 -1.61416e-15 0)
(2 -1.34963e-15 0)
(2 -6.5997e-16 0)
(2 -4.47851e-16 0)
(2 -5.71318e-16 0)
(2 -7.71504e-16 0)
(2 -8.33018e-16 0)
(2 -7.60336e-16 0)
(2 -6.75518e-16 0)
(2 -6.09479e-16 0)
(2 -4.00123e-16 0)
(2 -1.30658e-16 0)
(2 4.74415e-17 0)
(2 1.91749e-16 0)
(2 1.30795e-16 0)
(2 4.06979e-17 0)
(2 -2.46378e-17 0)
(2 -3.21226e-16 0)
(2 -4.75279e-16 0)
(2 -5.61498e-16 0)
(2 -9.05507e-16 0)
(2 -1.14496e-15 0)
(2 -1.21876e-15 0)
(2 -1.15284e-15 0)
(2 -1.02816e-15 0)
(2 -9.38065e-16 0)
(2 -8.58921e-16 0)
(2 -6.40005e-16 0)
(2 -2.9974e-16 0)
(2 7.03035e-17 0)
(2 4.98587e-16 0)
(2 2.96549e-16 0)
(2 5.15348e-17 0)
(2 -3.19543e-17 0)
(2 -3.46884e-17 0)
(2 9.10778e-17 0)
(2 9.13182e-17 0)
(2 8.35653e-17 0)
(2 8.75497e-17 0)
(2 1.24457e-16 0)
(2 1.92767e-16 0)
(2 1.68408e-16 0)
(2 1.29969e-16 0)
(2 1.18802e-16 0)
(2 -7.50837e-17 0)
(2 -2.04107e-16 0)
(2 -2.88002e-16 0)
(2 -5.55024e-16 0)
(2 -5.56159e-16 0)
(2 -6.9409e-16 0)
(2 -7.59113e-16 0)
(2 -3.9816e-16 0)
(2 -2.95317e-16 0)
(2 -2.7319e-16 0)
(2 -2.4857e-16 0)
(2 -2.24688e-16 0)
(2 -2.0775e-16 0)
(2 -2.47938e-16 0)
(2 1.82606e-16 0)
(2 3.78239e-16 0)
(2 4.1783e-16 0)
(2 4.66255e-16 0)
(2 5.06885e-16 0)
(2 4.67533e-16 0)
(2 4.17401e-16 0)
(2 3.5574e-16 0)
(2 3.26788e-16 0)
(2 3.52869e-16 0)
(2 3.16261e-16 0)
(2 2.92642e-16 0)
(2 2.54321e-16 0)
(2 1.30753e-16 0)
(2 4.40064e-17 0)
(2 6.5417e-17 0)
(2 1.18902e-16 0)
(2 1.68754e-16 0)
(2 1.56617e-16 0)
(2 1.32394e-16 0)
(2 5.02162e-17 0)
(2 -1.46171e-16 0)
(2 -1.76972e-16 0)
(2 -1.68664e-16 0)
(2 4.51886e-17 0)
(2 2.05336e-16 0)
(2 2.89665e-16 0)
(2 2.18497e-16 0)
(2 -2.49219e-16 0)
(2 -5.89497e-16 0)
(2 -9.77196e-16 0)
(2 -1.07997e-15 0)
(2 -1.13842e-15 0)
(2 -1.00976e-15 0)
(2 -9.83692e-16 0)
(2 -9.789e-16 0)
(2 -7.70748e-16 0)
(2 -7.59476e-16 0)
(2 -1.06886e-15 0)
(2 -1.77618e-15 0)
(2 -2.15727e-15 0)
(2 -2.26684e-15 0)
(2 -2.34486e-15 0)
(2 -2.39857e-15 0)
(2 -2.4863e-15 0)
(2 -2.41699e-15 0)
(2 -2.18136e-15 0)
(2 -2.14704e-15 0)
(2 -2.20641e-15 0)
(2 -2.30665e-15 0)
(2 -2.33281e-15 0)
(2 -2.35306e-15 0)
(2 -2.34529e-15 0)
(2 -2.33688e-15 0)
(2 -2.25709e-15 0)
(2 -2.46654e-15 0)
(2 -2.8888e-15 0)
(2 -2.98754e-15 0)
(2 -3.09968e-15 0)
(2 -3.12926e-15 0)
(2 -3.09679e-15 0)
(2 -3.01663e-15 0)
(2 -3.00957e-15 0)
(2 -3.01704e-15 0)
(2 -2.93493e-15 0)
(2 -2.76296e-15 0)
(2 -2.58132e-15 0)
(2 -2.45977e-15 0)
(2 -2.39873e-15 0)
(2 -2.62906e-15 0)
(2 -2.3549e-15 0)
(2 -2.05117e-15 0)
(2 -2.19498e-15 0)
(2 -2.30053e-15 0)
(2 -2.27681e-15 0)
(2 -2.28487e-15 0)
(2 -2.06891e-15 0)
(2 -1.69692e-15 0)
(2 -1.50513e-15 0)
(2 -8.97713e-16 0)
(2 -4.42529e-17 0)
(2 5.6447e-16 0)
(2 7.26991e-16 0)
(2 2.96326e-16 0)
(2 -3.95141e-16 0)
(2 -5.18067e-16 0)
(2 -6.4523e-16 0)
(2 -6.67468e-16 0)
(2 -5.77185e-16 0)
(2 -3.86729e-16 0)
(2 -4.06762e-16 0)
(2 -7.34725e-16 0)
(2 -1.45486e-15 0)
(2 -1.67479e-15 0)
(2 -1.2852e-15 0)
(2 -7.19989e-16 0)
(2 -3.74134e-16 0)
(2 -3.84152e-16 0)
(2 -5.26903e-16 0)
(2 -6.77108e-16 0)
(2 -6.67838e-16 0)
(2 -5.64576e-16 0)
(2 -3.26226e-16 0)
(2 2.09964e-17 0)
(2 2.98839e-16 0)
(2 3.96171e-16 0)
(2 3.45423e-16 0)
(2 2.37728e-16 0)
(2 1.80549e-16 0)
(2 1.83851e-16 0)
(2 -2.59379e-17 0)
(2 -3.01527e-16 0)
(2 -6.86888e-16 0)
(2 -8.59162e-16 0)
(2 -1.023e-15 0)
(2 -1.02835e-15 0)
(2 -1.04556e-15 0)
(2 -1.0437e-15 0)
(2 -1.02912e-15 0)
(2 -1.03277e-15 0)
(2 -1.05142e-15 0)
(2 -1.05326e-15 0)
(2 -1.08535e-15 0)
(2 -1.02905e-15 0)
(2 -9.77571e-16 0)
(2 -9.57115e-16 0)
(2 -9.54338e-16 0)
(2 -1.00168e-15 0)
(2 -1.01311e-15 0)
(2 -1.13126e-15 0)
(2 -1.20022e-15 0)
(2 -1.35141e-15 0)
(2 -1.5506e-15 0)
(2 -1.82817e-15 0)
(2 -1.92274e-15 0)
(2 -2.04027e-15 0)
(2 -1.88638e-15 0)
(2 -1.77088e-15 0)
(2 -1.68119e-15 0)
(2 -1.60786e-15 0)
(2 -1.64445e-15 0)
(2 -1.76711e-15 0)
(2 -1.9777e-15 0)
(2 -2.13936e-15 0)
(2 4.48364e-16 0)
(2 1.48218e-16 0)
(2 6.8622e-17 0)
(2 -5.33584e-17 0)
(2 -2.36887e-16 0)
(2 -2.28528e-16 0)
(2 -2.20442e-16 0)
(2 -4.08396e-16 0)
(2 -3.3979e-16 0)
(2 -3.1953e-16 0)
(2 -4.34111e-16 0)
(2 -5.29153e-16 0)
(2 -7.38488e-16 0)
(2 -6.53789e-16 0)
(2 -5.68658e-16 0)
(2 -4.92957e-16 0)
(2 -4.18743e-16 0)
(2 -3.02496e-16 0)
(2 -3.30105e-16 0)
(2 -5.36065e-16 0)
(2 -5.08571e-16 0)
(2 -4.71328e-16 0)
(2 -6.21435e-16 0)
(2 -9.60192e-16 0)
(2 -1.26416e-15 0)
(2 -1.4632e-15 0)
(2 -1.3951e-15 0)
(2 -1.3674e-15 0)
(2 -1.44416e-15 0)
(2 -1.60816e-15 0)
(2 -1.88644e-15 0)
(2 -1.92898e-15 0)
(2 -1.617e-15 0)
(2 -1.61197e-15 0)
(2 -1.66014e-15 0)
(2 -1.70655e-15 0)
(2 -1.55498e-15 0)
(2 -1.74126e-15 0)
(2 -1.91894e-15 0)
(2 -2.3916e-15 0)
(2 -2.50192e-15 0)
(2 -2.51095e-15 0)
(2 -2.34392e-15 0)
(2 -2.10994e-15 0)
(2 -1.62614e-15 0)
(2 -1.07098e-15 0)
(2 -9.81013e-16 0)
(2 -1.11713e-15 0)
(2 -1.1848e-15 0)
(2 -9.64237e-16 0)
(2 -7.80218e-16 0)
(2 -6.62172e-16 0)
(2 -6.49781e-16 0)
(2 -6.56777e-16 0)
(2 -6.7011e-16 0)
(2 -9.61734e-17 0)
(2 2.26684e-16 0)
(2 6.93435e-16 0)
(2 8.08137e-16 0)
(2 9.19532e-16 0)
(2 8.45847e-16 0)
(2 7.13756e-16 0)
(2 5.74912e-16 0)
(2 4.8705e-16 0)
(2 4.72314e-16 0)
(2 4.87207e-16 0)
(2 4.60379e-16 0)
(2 4.99714e-16 0)
(2 6.011e-16 0)
(2 6.43095e-16 0)
(2 7.85175e-16 0)
(2 1.28796e-15 0)
(2 1.38687e-15 0)
(2 1.30078e-15 0)
(2 1.11424e-15 0)
(2 1.20046e-15 0)
(2 1.38064e-15 0)
(2 1.53039e-15 0)
(2 1.69186e-15 0)
(2 1.60706e-15 0)
(2 1.56355e-15 0)
(2 1.54906e-15 0)
(2 1.55225e-15 0)
(2 1.15273e-15 0)
(2 6.82915e-16 0)
(2 2.2348e-16 0)
(2 -3.83963e-18 0)
(2 -6.02963e-16 0)
(2 -6.92792e-16 0)
(2 -6.865e-16 0)
(2 -7.41352e-16 0)
(2 -8.2116e-16 0)
(2 -7.98755e-16 0)
(2 -7.82669e-16 0)
(2 -7.77902e-16 0)
(2 -7.78469e-16 0)
(2 -8.06653e-16 0)
(2 -7.86241e-16 0)
(2 -8.07786e-16 0)
(2 -8.7897e-16 0)
(2 -9.56856e-16 0)
(2 -9.88234e-16 0)
(2 -1.04611e-15 0)
(2 -1.06574e-15 0)
(2 -1.08674e-15 0)
(2 -1.0917e-15 0)
(2 -1.04438e-15 0)
(2 -1.04086e-15 0)
(2 -1.15185e-15 0)
(2 -1.0904e-15 0)
(2 -1.03276e-15 0)
(2 -1.15376e-15 0)
(2 -1.26005e-15 0)
(2 -1.46416e-15 0)
(2 -1.71748e-15 0)
(2 -2.00717e-15 0)
(2 -2.36012e-15 0)
(2 -2.52043e-15 0)
(2 -2.7669e-15 0)
(2 -3.30435e-15 0)
(2 -5.10259e-16 0)
(2 -2.70602e-16 0)
(2 -1.82084e-16 0)
(2 1.711e-16 0)
(2 7.13695e-16 0)
(2 1.16791e-15 0)
(2 3.52582e-16 0)
(2 -5.15041e-16 0)
(2 -6.81938e-16 0)
(2 -7.34514e-16 0)
(2 -9.49028e-16 0)
(2 -1.07753e-15 0)
(2 -1.19911e-15 0)
(2 -1.23089e-15 0)
(2 -1.03837e-15 0)
(2 -6.37409e-16 0)
(2 -1.66237e-16 0)
(2 1.71705e-18 0)
(2 1.97386e-17 0)
(2 1.55093e-16 0)
(2 2.11573e-16 0)
(2 1.0858e-16 0)
(2 -9.04863e-17 0)
(2 -2.71253e-16 0)
(2 -2.77629e-16 0)
(2 8.85449e-17 0)
(2 -9.36639e-16 0)
(2 -1.28506e-15 0)
(2 -1.60053e-15 0)
(2 -1.72751e-15 0)
(2 -2.00358e-15 0)
(2 -2.02551e-15 0)
(2 -1.80598e-15 0)
(2 -1.53358e-15 0)
(2 -1.7795e-15 0)
(2 -2.22746e-15 0)
(2 -2.42575e-15 0)
(2 -2.58028e-15 0)
(2 -2.53244e-15 0)
(2 -2.67469e-15 0)
(2 -2.71954e-15 0)
(2 -2.75989e-15 0)
(2 -2.56886e-15 0)
(2 -2.07041e-15 0)
(2 -1.84792e-15 0)
(2 -1.1267e-15 0)
(2 -1.08271e-15 0)
(2 -1.18497e-15 0)
(2 -1.33351e-15 0)
(2 -1.19525e-15 0)
(2 -1.86248e-16 0)
(2 7.22101e-17 0)
(2 3.67548e-16 0)
(2 4.3128e-16 0)
(2 4.36656e-16 0)
(2 6.54809e-16 0)
(2 6.89668e-16 0)
(2 4.00265e-16 0)
(2 -7.49598e-17 0)
(2 -3.24512e-16 0)
(2 -3.1341e-16 0)
(2 -1.85162e-16 0)
(2 -1.27373e-16 0)
(2 -6.19899e-17 0)
(2 3.35561e-17 0)
(2 1.25938e-16 0)
(2 5.74582e-16 0)
(2 1.15372e-15 0)
(2 1.59489e-15 0)
(2 1.78569e-15 0)
(2 1.99477e-15 0)
(2 2.07495e-15 0)
(2 2.18845e-15 0)
(2 2.21489e-15 0)
(2 2.16862e-15 0)
(2 2.0194e-15 0)
(2 2.02099e-15 0)
(2 1.71286e-15 0)
(2 1.0034e-15 0)
(2 8.95811e-16 0)
(2 9.24197e-16 0)
(2 1.02894e-15 0)
(2 9.6886e-16 0)
(2 8.54386e-16 0)
(2 6.98587e-16 0)
(2 7.079e-16 0)
(2 6.79653e-16 0)
(2 5.29584e-16 0)
(2 3.74449e-16 0)
(2 1.1597e-16 0)
(2 -2.88864e-16 0)
(2 -5.641e-16 0)
(2 -6.4691e-16 0)
(2 -7.08187e-16 0)
(2 -7.95124e-16 0)
(2 -8.45701e-16 0)
(2 -8.51525e-16 0)
(2 -1.01741e-15 0)
(2 -1.07349e-15 0)
(2 -1.15375e-15 0)
(2 -1.23579e-15 0)
(2 -1.20529e-15 0)
(2 -1.10769e-15 0)
(2 -1.14396e-15 0)
(2 -1.20235e-15 0)
(2 -1.21137e-15 0)
(2 -1.16698e-15 0)
(2 -1.00741e-15 0)
(2 -7.64444e-16 0)
(2 -6.9875e-16 0)
(2 -6.91644e-16 0)
(2 -8.5052e-16 0)
(2 -1.2751e-15 0)
(2 -1.43609e-15 0)
(2 -1.83791e-15 0)
(2 -2.77012e-15 0)
(2 -3.56606e-15 0)
(2 -4.06144e-15 0)
(2 -4.53234e-15 0)
(2 -3.35636e-15 0)
(2 -9.68678e-16 0)
(2 -1.16257e-15 0)
(2 -1.2384e-15 0)
(2 -1.3077e-15 0)
(2 -1.31096e-15 0)
(2 -1.76032e-15 0)
(2 -1.98741e-15 0)
(2 -1.92879e-15 0)
(2 -1.88859e-15 0)
(2 -1.84417e-15 0)
(2 -1.7662e-15 0)
(2 -1.68784e-15 0)
(2 -1.59272e-15 0)
(2 -1.58508e-15 0)
(2 -1.71389e-15 0)
(2 -1.74743e-15 0)
(2 -1.41001e-15 0)
(2 -1.27795e-15 0)
(2 -1.22865e-15 0)
(2 -1.22847e-15 0)
(2 -1.38173e-15 0)
(2 -1.29626e-15 0)
(2 -9.66724e-16 0)
(2 -6.71824e-16 0)
(2 -5.86301e-16 0)
(2 -6.66457e-16 0)
(2 -4.21479e-16 0)
(2 -2.40496e-16 0)
(2 -3.83894e-16 0)
(2 -1.152e-15 0)
(2 -1.23365e-15 0)
(2 -1.38604e-15 0)
(2 -2.02891e-15 0)
(2 -2.21156e-15 0)
(2 -2.55487e-15 0)
(2 -2.80148e-15 0)
(2 -3.10234e-15 0)
(2 -3.22112e-15 0)
(2 -3.16663e-15 0)
(2 -2.88644e-15 0)
(2 -2.95215e-15 0)
(2 -3.01213e-15 0)
(2 -3.19521e-15 0)
(2 -3.34681e-15 0)
(2 -3.36308e-15 0)
(2 -3.32399e-15 0)
(2 -3.09641e-15 0)
(2 -2.80482e-15 0)
(2 -2.84046e-15 0)
(2 -2.99596e-15 0)
(2 -2.93688e-15 0)
(2 -2.44264e-15 0)
(2 -2.21179e-15 0)
(2 -2.07651e-15 0)
(2 -1.89353e-15 0)
(2 -1.912e-15 0)
(2 -2.17077e-15 0)
(2 -2.55008e-15 0)
(2 -2.4949e-15 0)
(2 -2.42628e-15 0)
(2 -2.10721e-15 0)
(2 -1.79658e-15 0)
(2 -1.33032e-15 0)
(2 -1.08095e-15 0)
(2 -9.13499e-16 0)
(2 -7.50617e-16 0)
(2 -5.65282e-16 0)
(2 -4.05669e-16 0)
(2 -4.94702e-17 0)
(2 2.84965e-16 0)
(2 4.42708e-16 0)
(2 6.54212e-16 0)
(2 8.18221e-16 0)
(2 8.23342e-16 0)
(2 7.519e-16 0)
(2 6.77576e-16 0)
(2 5.94843e-16 0)
(2 5.23417e-16 0)
(2 3.7426e-16 0)
(2 1.772e-16 0)
(2 2.74317e-18 0)
(2 -5.1914e-16 0)
(2 -7.65672e-16 0)
(2 -6.88618e-16 0)
(2 -6.37755e-16 0)
(2 -7.01367e-16 0)
(2 -7.84479e-16 0)
(2 -9.10177e-16 0)
(2 -1.03471e-15 0)
(2 -1.18613e-15 0)
(2 -1.27013e-15 0)
(2 -1.36704e-15 0)
(2 -1.44474e-15 0)
(2 -1.55016e-15 0)
(2 -1.54274e-15 0)
(2 -1.5729e-15 0)
(2 -1.65514e-15 0)
(2 -1.64713e-15 0)
(2 -1.66795e-15 0)
(2 -1.6583e-15 0)
(2 -1.5004e-15 0)
(2 -1.4134e-15 0)
(2 -1.40519e-15 0)
(2 -1.4503e-15 0)
(2 -1.56912e-15 0)
(2 -1.82831e-15 0)
(2 -2.01977e-15 0)
(2 -1.80372e-15 0)
(2 -1.33362e-15 0)
(2 -1.33823e-15 0)
(2 -1.25102e-15 0)
(2 -1.47273e-15 0)
(2 -1.82425e-15 0)
(2 -2.15938e-15 0)
(2 -2.4165e-15 0)
(2 -2.71471e-15 0)
(2 -3.02089e-15 0)
(2 -2.93626e-15 0)
(2 -3.22335e-15 0)
(2 -1.83648e-15 0)
(2 1.00327e-15 0)
(2 3.54919e-16 0)
(2 2.66377e-16 0)
(2 3.50205e-17 0)
(2 -1.93364e-16 0)
(2 -3.88031e-16 0)
(2 -7.83911e-16 0)
(2 -6.70115e-16 0)
(2 -6.00919e-17 0)
(2 5.26403e-16 0)
(2 5.73426e-16 0)
(2 1.86225e-16 0)
(2 -1.32308e-16 0)
(2 -4.37752e-16 0)
(2 -9.84251e-16 0)
(2 -9.61055e-16 0)
(2 -1.09639e-15 0)
(2 -1.92786e-15 0)
(2 -2.15572e-15 0)
(2 -2.2466e-15 0)
(2 -2.21413e-15 0)
(2 -2.28629e-15 0)
(2 -1.96431e-15 0)
(2 -2.00857e-15 0)
(2 -1.57189e-15 0)
(2 -1.25762e-15 0)
(2 -1.22611e-15 0)
(2 -8.77952e-16 0)
(2 -4.54801e-16 0)
(2 -4.85711e-16 0)
(2 -6.17122e-16 0)
(2 -9.38114e-16 0)
(2 -1.10299e-15 0)
(2 -1.28976e-15 0)
(2 -1.28444e-15 0)
(2 -1.19558e-15 0)
(2 -1.13815e-15 0)
(2 -1.23561e-15 0)
(2 -1.4604e-15 0)
(2 -1.92085e-15 0)
(2 -1.84522e-15 0)
(2 -1.76269e-15 0)
(2 -1.71505e-15 0)
(2 -1.77035e-15 0)
(2 -1.72673e-15 0)
(2 -1.65401e-15 0)
(2 -1.67038e-15 0)
(2 -1.63026e-15 0)
(2 -1.27904e-15 0)
(2 -1.00792e-15 0)
(2 -8.03982e-16 0)
(2 -7.28866e-16 0)
(2 -1.16445e-15 0)
(2 -1.28872e-15 0)
(2 -1.03077e-15 0)
(2 -1.6896e-15 0)
(2 -2.0513e-15 0)
(2 -2.2739e-15 0)
(2 -2.23335e-15 0)
(2 -2.03441e-15 0)
(2 -1.85929e-15 0)
(2 -1.71525e-15 0)
(2 -1.5885e-15 0)
(2 -1.39565e-15 0)
(2 -1.18494e-15 0)
(2 -9.49955e-16 0)
(2 -8.39523e-16 0)
(2 -7.42708e-16 0)
(2 -4.43971e-16 0)
(2 -1.62805e-16 0)
(2 8.24043e-17 0)
(2 8.59771e-17 0)
(2 -6.96506e-17 0)
(2 -1.86307e-16 0)
(2 -3.49736e-16 0)
(2 -3.65528e-16 0)
(2 -1.72279e-16 0)
(2 -1.62779e-16 0)
(2 -8.27973e-17 0)
(2 -2.07308e-17 0)
(2 -1.11889e-16 0)
(2 -1.90947e-16 0)
(2 -3.44578e-16 0)
(2 -4.30265e-16 0)
(2 -8.0745e-16 0)
(2 -1.22447e-15 0)
(2 -1.3985e-15 0)
(2 -1.10921e-15 0)
(2 -8.42746e-16 0)
(2 -5.25693e-16 0)
(2 -7.64203e-17 0)
(2 8.18512e-17 0)
(2 3.63128e-17 0)
(2 2.84092e-17 0)
(2 5.26717e-17 0)
(2 1.28699e-16 0)
(2 1.08878e-16 0)
(2 1.933e-16 0)
(2 1.88353e-16 0)
(2 1.34104e-16 0)
(2 -2.60305e-16 0)
(2 -4.50121e-16 0)
(2 -1.07828e-15 0)
(2 -1.43919e-15 0)
(2 -1.41479e-15 0)
(2 -1.68114e-15 0)
(2 -1.83221e-15 0)
(2 -1.80734e-15 0)
(2 -1.71386e-15 0)
(2 -1.79959e-15 0)
(2 -1.83857e-15 0)
(2 -1.81351e-15 0)
(2 -1.7998e-15 0)
(2 -1.71722e-15 0)
(2 -1.60547e-15 0)
(2 -1.35473e-15 0)
(2 -1.00685e-15 0)
(2 -5.79988e-16 0)
(2 -2.67407e-16 0)
(2 -1.98765e-16 0)
(2 9.17042e-16 0)
(2 7.38881e-16 0)
(2 4.63935e-16 0)
(2 4.67267e-16 0)
(2 5.48266e-16 0)
(2 5.4797e-16 0)
(2 1.21501e-15 0)
(2 1.90209e-15 0)
(2 1.39694e-15 0)
(2 9.86278e-16 0)
(2 7.09579e-16 0)
(2 2.34715e-16 0)
(2 -2.18157e-16 0)
(2 -6.25346e-16 0)
(2 -7.18349e-16 0)
(2 -1.01582e-15 0)
(2 -1.41065e-15 0)
(2 -1.6426e-15 0)
(2 -1.72165e-15 0)
(2 -1.749e-15 0)
(2 -1.76659e-15 0)
(2 -1.59228e-15 0)
(2 -1.56687e-15 0)
(2 -1.56018e-15 0)
(2 -1.50385e-15 0)
(2 -1.2717e-15 0)
(2 -8.83704e-16 0)
(2 -2.67991e-16 0)
(2 2.44062e-16 0)
(2 3.83232e-16 0)
(2 4.00127e-16 0)
(2 1.20751e-17 0)
(2 -1.01366e-16 0)
(2 -2.81757e-16 0)
(2 -3.67424e-16 0)
(2 -3.05745e-16 0)
(2 -1.37404e-16 0)
(2 7.22227e-17 0)
(2 1.75262e-16 0)
(2 1.87252e-16 0)
(2 2.13028e-16 0)
(2 5.15087e-17 0)
(2 -6.85043e-18 0)
(2 3.45334e-16 0)
(2 4.44943e-16 0)
(2 4.51842e-16 0)
(2 3.09095e-16 0)
(2 2.18289e-16 0)
(2 2.52722e-16 0)
(2 3.41795e-16 0)
(2 3.12825e-16 0)
(2 3.33572e-16 0)
(2 2.92132e-16 0)
(2 2.38833e-16 0)
(2 1.59837e-16 0)
(2 -3.41628e-18 0)
(2 -6.5293e-17 0)
(2 -6.35985e-17 0)
(2 -1.55891e-16 0)
(2 -2.56086e-16 0)
(2 -4.67392e-16 0)
(2 -2.97308e-16 0)
(2 -3.52829e-16 0)
(2 -4.77803e-16 0)
(2 -3.93727e-16 0)
(2 7.20947e-17 0)
(2 2.93741e-16 0)
(2 2.85194e-16 0)
(2 3.91792e-16 0)
(2 3.00052e-16 0)
(2 2.7278e-16 0)
(2 3.86485e-16 0)
(2 -3.6289e-17 0)
(2 -4.09073e-16 0)
(2 -4.96874e-16 0)
(2 -5.25935e-16 0)
(2 -5.58536e-16 0)
(2 -6.50153e-16 0)
(2 -7.38912e-16 0)
(2 -7.98789e-16 0)
(2 -8.09346e-16 0)
(2 -7.14836e-16 0)
(2 -5.80766e-16 0)
(2 -3.57414e-16 0)
(2 -7.89102e-17 0)
(2 6.42703e-16 0)
(2 1.25086e-15 0)
(2 1.52412e-15 0)
(2 1.56356e-15 0)
(2 1.34366e-15 0)
(2 1.19584e-15 0)
(2 9.31185e-16 0)
(2 9.05446e-16 0)
(2 9.93065e-16 0)
(2 1.09447e-15 0)
(2 1.14452e-15 0)
(2 1.1495e-15 0)
(2 9.77608e-16 0)
(2 7.57706e-16 0)
(2 7.52516e-16 0)
(2 5.83887e-17 0)
(2 -2.76702e-16 0)
(2 -5.51644e-16 0)
(2 -8.25306e-16 0)
(2 -9.86332e-16 0)
(2 -1.35577e-15 0)
(2 -1.58771e-15 0)
(2 -1.75955e-15 0)
(2 -2.21826e-15 0)
(2 -2.11177e-15 0)
(2 -2.15984e-15 0)
(2 -2.15988e-15 0)
(2 -1.70623e-15 0)
(2 -1.45018e-15 0)
(2 -1.23702e-15 0)
(2 -7.90391e-16 0)
(2 -2.52611e-16 0)
(2 1.36911e-17 0)
(2 2.41683e-16 0)
(2 5.66547e-16 0)
(2 4.18739e-16 0)
(2 5.30844e-16 0)
(2 7.41733e-16 0)
(2 8.4059e-16 0)
(2 9.14975e-16 0)
(2 9.44208e-16 0)
(2 9.28835e-16 0)
(2 2.53753e-16 0)
(2 -3.12997e-16 0)
(2 -9.67044e-16 0)
(2 -1.21738e-15 0)
(2 -1.26431e-15 0)
(2 -1.25947e-15 0)
(2 -1.16925e-15 0)
(2 -1.16049e-15 0)
(2 -1.33972e-15 0)
(2 -1.25805e-15 0)
(2 -1.19108e-15 0)
(2 -1.10954e-15 0)
(2 -3.82269e-16 0)
(2 -3.37648e-16 0)
(2 -4.30355e-16 0)
(2 -2.27494e-16 0)
(2 -1.22298e-16 0)
(2 -1.41612e-17 0)
(2 -9.32972e-18 0)
(2 1.2924e-16 0)
(2 3.36695e-16 0)
(2 2.58568e-16 0)
(2 3.73631e-16 0)
(2 3.16585e-16 0)
(2 -1.37824e-16 0)
(2 -4.86964e-17 0)
(2 -8.72454e-17 0)
(2 -4.04405e-16 0)
(2 -1.98379e-16 0)
(2 3.91641e-16 0)
(2 8.02276e-16 0)
(2 1.03243e-15 0)
(2 1.28275e-15 0)
(2 1.38642e-15 0)
(2 1.82429e-15 0)
(2 1.8383e-15 0)
(2 1.88846e-15 0)
(2 1.81199e-15 0)
(2 1.12005e-15 0)
(2 8.28488e-16 0)
(2 7.89468e-16 0)
(2 8.1376e-16 0)
(2 8.02432e-16 0)
(2 6.11127e-16 0)
(2 6.45398e-16 0)
(2 6.73157e-16 0)
(2 6.53891e-16 0)
(2 6.3148e-16 0)
(2 7.11533e-16 0)
(2 6.82987e-16 0)
(2 6.00596e-16 0)
(2 4.41407e-16 0)
(2 4.85755e-16 0)
(2 6.42398e-16 0)
(2 8.36348e-16 0)
(2 8.64572e-16 0)
(2 1.0094e-15 0)
(2 7.17886e-16 0)
(2 6.42297e-16 0)
(2 4.77962e-16 0)
(2 4.90658e-16 0)
(2 6.0465e-16 0)
(2 2.08624e-16 0)
(2 -1.41652e-16 0)
(2 -9.32827e-17 0)
(2 -1.64323e-16 0)
(2 -2.4738e-16 0)
(2 -5.64523e-16 0)
(2 -6.58824e-16 0)
(2 -7.70198e-16 0)
(2 -9.11977e-16 0)
(2 -1.04063e-15 0)
(2 -1.16234e-15 0)
(2 -1.21577e-15 0)
(2 -1.21437e-15 0)
(2 -4.61573e-16 0)
(2 1.13267e-16 0)
(2 2.08771e-16 0)
(2 1.86362e-16 0)
(2 7.78715e-16 0)
(2 1.28934e-15 0)
(2 1.3797e-15 0)
(2 1.3739e-15 0)
(2 1.39114e-15 0)
(2 1.44905e-15 0)
(2 1.43817e-15 0)
(2 1.31207e-15 0)
(2 1.05508e-15 0)
(2 9.04826e-16 0)
(2 6.34549e-16 0)
(2 2.60081e-16 0)
(2 -1.73742e-16 0)
(2 -2.94788e-16 0)
(2 -2.01987e-16 0)
(2 6.8548e-17 0)
(2 1.67414e-16 0)
(2 1.13813e-16 0)
(2 -1.77359e-17 0)
(2 2.65681e-16 0)
(2 -1.14734e-16 0)
(2 -9.98321e-16 0)
(2 -1.10041e-15 0)
(2 -9.33185e-16 0)
(2 -1.11584e-15 0)
(2 -1.14504e-15 0)
(2 -1.15556e-15 0)
(2 -1.10146e-15 0)
(2 -1.21565e-15 0)
(2 -1.14693e-15 0)
(2 -5.64433e-16 0)
(2 -2.48588e-16 0)
(2 -2.53974e-16 0)
(2 -1.38558e-16 0)
(2 4.01587e-15 0)
(2 3.57601e-15 0)
(2 2.02536e-15 0)
(2 1.67924e-15 0)
(2 1.23905e-15 0)
(2 7.16312e-16 0)
(2 -3.09424e-17 0)
(2 -9.91568e-16 0)
(2 -1.11151e-15 0)
(2 -1.07854e-15 0)
(2 -7.88637e-16 0)
(2 -1.49438e-16 0)
(2 3.59175e-16 0)
(2 6.15509e-16 0)
(2 1.03243e-15 0)
(2 1.16011e-15 0)
(2 8.21111e-16 0)
(2 9.70417e-16 0)
(2 1.19119e-15 0)
(2 1.44331e-15 0)
(2 1.48204e-15 0)
(2 1.5464e-15 0)
(2 1.25943e-15 0)
(2 1.13051e-15 0)
(2 1.07113e-15 0)
(2 4.75951e-16 0)
(2 4.622e-16 0)
(2 2.85197e-16 0)
(2 -2.33385e-16 0)
(2 -1.89499e-17 0)
(2 6.42764e-16 0)
(2 1.15277e-15 0)
(2 1.15441e-15 0)
(2 9.67884e-16 0)
(2 1.24076e-15 0)
(2 1.77144e-15 0)
(2 1.93693e-15 0)
(2 1.89185e-15 0)
(2 1.76986e-15 0)
(2 2.29239e-15 0)
(2 2.44151e-15 0)
(2 2.4264e-15 0)
(2 2.39629e-15 0)
(2 2.27188e-15 0)
(2 2.25194e-15 0)
(2 2.21014e-15 0)
(2 2.29726e-15 0)
(2 2.33448e-15 0)
(2 2.17536e-15 0)
(2 1.94791e-15 0)
(2 1.93222e-15 0)
(2 1.94844e-15 0)
(2 1.90693e-15 0)
(2 1.89003e-15 0)
(2 1.9923e-15 0)
(2 1.78378e-15 0)
(2 1.60767e-15 0)
(2 1.33515e-15 0)
(2 1.31945e-15 0)
(2 1.14968e-15 0)
(2 1.17106e-15 0)
(2 1.16485e-15 0)
(2 1.21641e-15 0)
(2 1.2251e-15 0)
(2 1.16594e-15 0)
(2 9.2177e-16 0)
(2 6.9795e-16 0)
(2 7.328e-16 0)
(2 6.51637e-16 0)
(2 8.68622e-16 0)
(2 6.56194e-16 0)
(2 5.68405e-16 0)
(2 5.81963e-16 0)
(2 4.50509e-16 0)
(2 3.26528e-16 0)
(2 2.01681e-16 0)
(2 1.89159e-16 0)
(2 1.64695e-16 0)
(2 1.57831e-16 0)
(2 2.32273e-16 0)
(2 5.05945e-16 0)
(2 7.14756e-16 0)
(2 1.1533e-15 0)
(2 1.31489e-15 0)
(2 1.42637e-15 0)
(2 1.58106e-15 0)
(2 1.9311e-15 0)
(2 2.25074e-15 0)
(2 2.33841e-15 0)
(2 2.41929e-15 0)
(2 2.50855e-15 0)
(2 2.38357e-15 0)
(2 2.27021e-15 0)
(2 2.07398e-15 0)
(2 1.84074e-15 0)
(2 1.59542e-15 0)
(2 1.29891e-15 0)
(2 1.14293e-15 0)
(2 9.98638e-16 0)
(2 7.97416e-16 0)
(2 7.16718e-16 0)
(2 6.89262e-16 0)
(2 7.21357e-16 0)
(2 6.94123e-16 0)
(2 6.63336e-16 0)
(2 9.68999e-16 0)
(2 1.16881e-15 0)
(2 1.1137e-15 0)
(2 1.00005e-15 0)
(2 9.38763e-16 0)
(2 1.095e-15 0)
(2 1.30589e-15 0)
(2 1.54644e-15 0)
(2 1.60856e-15 0)
(2 1.90045e-15 0)
(2 1.89351e-15 0)
(2 2.0071e-15 0)
(2 2.22311e-15 0)
(2 2.3384e-15 0)
(2 2.38679e-15 0)
(2 2.96903e-15 0)
(2 2.18905e-15 0)
(2 1.1825e-15 0)
(2 8.79477e-16 0)
(2 5.94016e-16 0)
(2 4.7365e-16 0)
(2 3.01702e-16 0)
(2 2.25074e-16 0)
(2 1.67777e-16 0)
(2 -3.26723e-16 0)
(2 -5.23326e-16 0)
(2 -8.60106e-19 0)
(2 4.73873e-16 0)
(2 9.96327e-16 0)
(2 1.19723e-15 0)
(2 1.10449e-15 0)
(2 1.06006e-15 0)
(2 1.28048e-15 0)
(2 1.43441e-15 0)
(2 9.97679e-16 0)
(2 7.50845e-16 0)
(2 7.07448e-16 0)
(2 6.78811e-16 0)
(2 6.45728e-16 0)
(2 5.6802e-16 0)
(2 6.31362e-16 0)
(2 8.2205e-16 0)
(2 7.40154e-16 0)
(2 7.50553e-16 0)
(2 7.07389e-16 0)
(2 7.55617e-16 0)
(2 8.67822e-16 0)
(2 1.27554e-15 0)
(2 1.37792e-15 0)
(2 1.73332e-15 0)
(2 1.94276e-15 0)
(2 1.94343e-15 0)
(2 1.88145e-15 0)
(2 1.82952e-15 0)
(2 1.83318e-15 0)
(2 1.75965e-15 0)
(2 1.57955e-15 0)
(2 1.4267e-15 0)
(2 1.42603e-15 0)
(2 1.51532e-15 0)
(2 1.68074e-15 0)
(2 1.37284e-15 0)
(2 5.15868e-16 0)
(2 3.72715e-16 0)
(2 8.27457e-16 0)
(2 1.37416e-15 0)
(2 1.40822e-15 0)
(2 1.37651e-15 0)
(2 1.36101e-15 0)
(2 1.31464e-15 0)
(2 1.12525e-15 0)
(2 1.06735e-15 0)
(2 1.37293e-15 0)
(2 1.31427e-15 0)
(2 7.82826e-16 0)
(2 7.39976e-16 0)
(2 8.59162e-16 0)
(2 9.18008e-16 0)
(2 1.23176e-15 0)
(2 1.4358e-15 0)
(2 1.41144e-15 0)
(2 1.5511e-15 0)
(2 1.46572e-15 0)
(2 1.24566e-15 0)
(2 1.11587e-15 0)
(2 1.02843e-15 0)
(2 8.58151e-16 0)
(2 7.20681e-16 0)
(2 7.14623e-16 0)
(2 6.91178e-16 0)
(2 6.07267e-16 0)
(2 5.35034e-16 0)
(2 5.65994e-16 0)
(2 5.7735e-16 0)
(2 6.42599e-16 0)
(2 7.2274e-16 0)
(2 6.81835e-16 0)
(2 5.78663e-16 0)
(2 4.33246e-16 0)
(2 5.18574e-16 0)
(2 7.22543e-16 0)
(2 7.47659e-16 0)
(2 1.00587e-15 0)
(2 1.21653e-15 0)
(2 1.31466e-15 0)
(2 1.31759e-15 0)
(2 1.26218e-15 0)
(2 1.22815e-15 0)
(2 9.79243e-16 0)
(2 7.5086e-16 0)
(2 5.6465e-16 0)
(2 3.24036e-16 0)
(2 1.67897e-16 0)
(2 2.42105e-17 0)
(2 -1.34412e-16 0)
(2 -4.89016e-16 0)
(2 -7.9019e-16 0)
(2 -9.05013e-16 0)
(2 -8.67813e-16 0)
(2 -8.51678e-16 0)
(2 -8.52626e-16 0)
(2 -3.685e-16 0)
(2 -2.25491e-16 0)
(2 -2.50619e-17 0)
(2 1.52177e-16 0)
(2 3.91143e-16 0)
(2 5.60039e-16 0)
(2 8.98473e-16 0)
(2 1.34022e-15 0)
(2 1.73239e-15 0)
(2 1.59435e-15 0)
(2 1.41846e-15 0)
(2 8.92373e-16 0)
(2 8.69422e-16 0)
(2 9.59605e-16 0)
(2 -1.97939e-15 0)
(2 -1.27808e-15 0)
(2 -1.05742e-15 0)
(2 -4.28424e-16 0)
(2 -2.27131e-16 0)
(2 -1.01046e-16 0)
(2 9.21976e-17 0)
(2 2.77575e-16 0)
(2 2.38289e-16 0)
(2 2.65771e-16 0)
(2 -1.13165e-17 0)
(2 -1.39764e-16 0)
(2 -1.06919e-16 0)
(2 -5.87768e-16 0)
(2 -6.14295e-16 0)
(2 -6.68401e-16 0)
(2 -7.22311e-16 0)
(2 -5.5736e-16 0)
(2 -8.02924e-16 0)
(2 -8.97045e-16 0)
(2 -7.31535e-16 0)
(2 -7.40995e-16 0)
(2 -7.05285e-16 0)
(2 -5.77737e-16 0)
(2 -2.55958e-16 0)
(2 2.25592e-16 0)
(2 5.16597e-16 0)
(2 7.41711e-16 0)
(2 9.24149e-16 0)
(2 8.42706e-16 0)
(2 6.61179e-16 0)
(2 4.95746e-16 0)
(2 4.75292e-16 0)
(2 5.59695e-16 0)
(2 5.49793e-16 0)
(2 4.88979e-16 0)
(2 3.84878e-16 0)
(2 1.60627e-16 0)
(2 4.88577e-17 0)
(2 -1.41146e-16 0)
(2 -5.18249e-16 0)
(2 -7.83988e-16 0)
(2 -9.71486e-16 0)
(2 -1.05657e-15 0)
(2 -1.03901e-15 0)
(2 -9.18925e-16 0)
(2 -2.36138e-16 0)
(2 -3.10277e-19 0)
(2 9.06997e-17 0)
(2 2.60904e-16 0)
(2 3.45607e-16 0)
(2 2.74309e-16 0)
(2 1.9837e-16 0)
(2 1.86909e-16 0)
(2 3.36362e-16 0)
(2 3.78541e-16 0)
(2 5.06127e-16 0)
(2 9.32831e-16 0)
(2 1.01551e-15 0)
(2 1.04375e-15 0)
(2 9.31115e-16 0)
(2 8.61546e-16 0)
(2 7.55667e-16 0)
(2 6.7464e-16 0)
(2 6.92172e-16 0)
(2 6.41151e-16 0)
(2 8.20736e-16 0)
(2 -6.50204e-16 0)
(2 1.28568e-15 0)
(2 2.16535e-15 0)
(2 2.44383e-15 0)
(2 3.09221e-15 0)
(2 3.08532e-15 0)
(2 2.78632e-15 0)
(2 1.87749e-15 0)
(2 5.00534e-16 0)
(2 6.35694e-16 0)
(2 9.31223e-16 0)
(2 1.11225e-15 0)
(2 1.51892e-15 0)
(2 1.95881e-15 0)
(2 2.59798e-15 0)
(2 2.51389e-15 0)
(2 2.49945e-15 0)
(2 2.89775e-16 0)
(2 5.15388e-17 0)
(2 -3.84926e-16 0)
(2 -2.87174e-17 0)
(2 7.43348e-16 0)
(2 1.89344e-15 0)
(2 2.68785e-15 0)
(2 2.86256e-15 0)
(2 1.94733e-15 0)
(2 2.12936e-15 0)
(2 2.86947e-15 0)
(2 3.10646e-15 0)
(2 3.31148e-15 0)
(2 3.71717e-15 0)
(2 5.11799e-15 0)
(2 4.49893e-15 0)
(2 3.10375e-15 0)
(2 4.29391e-15 0)
(2 6.31093e-15 0)
(2 6.62147e-15 0)
(2 6.2446e-15 0)
(2 5.42206e-15 0)
(2 4.33153e-15 0)
(2 4.48332e-15 0)
(2 3.84876e-15 0)
(2 4.31042e-15 0)
(2 4.85108e-15 0)
(2 4.74679e-15 0)
(2 4.14429e-15 0)
(2 2.78346e-15 0)
(2 6.06464e-16 0)
(2 2.10297e-15 0)
(2 2.56464e-15 0)
(2 1.35509e-15 0)
(2 -2.0886e-16 0)
(2 -3.25384e-16 0)
(2 -1.11576e-15 0)
(2 -1.58082e-15 0)
(2 -1.31901e-15 0)
(2 1.74912e-15 0)
(2 2.45704e-15 0)
(2 1.28757e-15 0)
(2 2.14252e-16 0)
(2 -8.83118e-16 0)
(2 -1.53034e-15 0)
(2 -1.66896e-15 0)
(2 -1.38059e-15 0)
(2 2.76867e-15 0)
(2 2.38723e-15 0)
(2 1.79731e-15 0)
(2 1.60644e-15 0)
(2 4.67455e-16 0)
(2 -1.21393e-16 0)
(2 -3.17285e-16 0)
(2 -5.7113e-16 0)
(2 1.38214e-16 0)
(2 -7.11943e-16 0)
(2 -1.92271e-15 0)
(2 -2.15524e-15 0)
(2 -2.47831e-15 0)
(2 -1.72008e-15 0)
(2 5.44614e-16 0)
(2 1.63854e-15 0)
(2 -2.2756e-15 0)
(2 -1.53996e-15 0)
(2 -2.09779e-15 0)
(2 -2.10125e-15 0)
(2 -1.20081e-15 0)
(2 7.00543e-16 0)
(2 1.99266e-15 0)
(2 2.36774e-15 0)
(2 -2.67041e-15 0)
(2 -1.20839e-18 0)
(2 1.29436e-15 0)
(2 2.38977e-15 0)
(2 3.56645e-15 0)
(2 2.97823e-15 0)
(2 1.05158e-15 0)
(2 6.66209e-16 0)
(2 -3.50076e-16 0)
(2 8.00938e-16 0)
(2 3.00481e-15 0)
(2 2.90577e-15 0)
(2 2.26842e-15 0)
(2 9.53334e-16 0)
(2 2.91236e-16 0)
(2 4.80158e-16 0)
(2 -9.20485e-16 0)
(2 -8.88422e-16 0)
(2 1.86019e-16 0)
(2 6.3627e-17 0)
(2 -2.54606e-16 0)
(2 3.70476e-16 0)
(2 2.15283e-15 0)
(2 3.13183e-15 0)
(2 -9.6957e-16 0)
(2 -3.35559e-15 0)
(2 -2.36134e-15 0)
(2 -1.78178e-15 0)
(2 -1.8197e-15 0)
(2 -7.8173e-16 0)
(2 -2.20438e-16 0)
(2 8.57001e-16 0)
(2 -3.4025e-16 0)
(2 -1.47313e-15 0)
(2 -1.33338e-15 0)
(2 -1.25434e-15 0)
(2 -6.79264e-16 0)
(2 6.07338e-17 0)
(2 4.68514e-16 0)
(2 1.09946e-15 0)
(2 2.58561e-16 0)
(2 1.03179e-15 0)
(2 1.69232e-17 0)
(2 -4.0868e-16 0)
(2 6.60279e-16 0)
(2 6.45845e-16 0)
(2 2.19337e-15 0)
(2 2.70236e-15 0)
(2 2.50516e-15 0)
(2 1.16205e-15 0)
(2 1.2074e-16 0)
(2 -5.50407e-16 0)
(2 4.72254e-16 0)
(2 7.06039e-16 0)
(2 8.17195e-16 0)
(2 9.52033e-16 0)
(2 2.28145e-16 0)
(2 -8.95499e-16 0)
(2 -1.26091e-15 0)
(2 -1.46758e-15 0)
(2 -1.2923e-15 0)
(2 -1.55427e-15 0)
(2 -2.6081e-15 0)
(2 -2.46001e-15 0)
)
;

boundaryField
{
    inlet
    {
        type            fixedValue;
        value           nonuniform 0();
    }
    outlet
    {
        type            inletOutlet;
        inletValue      nonuniform 0();
        value           nonuniform 0();
    }
    bottom
    {
        type            symmetryPlane;
    }
    top
    {
        type            symmetryPlane;
    }
    obstacle
    {
        type            slip;
    }
    front
    {
        type            empty;
    }
    back
    {
        type            empty;
    }
    procBoundary18to9
    {
        type            processor;
        value           nonuniform List<vector> 2((2 -3.69848e-15 0) (2 -2.79997e-15 0));
    }
    procBoundary18to10
    {
        type            processor;
        value           nonuniform List<vector> 
129
(
(2 2.74876e-15 0)
(2 2.41135e-15 0)
(2 2.42868e-15 0)
(2 2.64191e-15 0)
(2 3.16833e-15 0)
(2 3.24272e-15 0)
(2 3.22653e-15 0)
(2 4.33838e-15 0)
(2 4.89088e-15 0)
(2 4.90151e-15 0)
(2 4.83981e-15 0)
(2 4.72795e-15 0)
(2 4.08256e-15 0)
(2 3.617e-15 0)
(2 3.49395e-15 0)
(2 3.17982e-15 0)
(2 2.73515e-15 0)
(2 2.38073e-15 0)
(2 1.53072e-15 0)
(2 1.52897e-16 0)
(2 -1.43463e-17 0)
(2 9.25015e-17 0)
(2 -1.13774e-16 0)
(2 -4.31777e-16 0)
(2 -6.38061e-16 0)
(2 -2.74769e-16 0)
(2 -1.1353e-17 0)
(2 1.27891e-17 0)
(2 4.63921e-16 0)
(2 9.83331e-16 0)
(2 1.09763e-15 0)
(2 1.20182e-15 0)
(2 1.19152e-15 0)
(2 9.82265e-16 0)
(2 -4.00611e-15 0)
(2 -3.35503e-15 0)
(2 -2.69005e-15 0)
(2 -2.37093e-15 0)
(2 -2.18466e-15 0)
(2 -2.25336e-15 0)
(2 -2.28533e-15 0)
(2 -2.08998e-15 0)
(2 -1.96705e-15 0)
(2 -1.75036e-15 0)
(2 -1.6168e-15 0)
(2 -1.31209e-15 0)
(2 -9.77452e-16 0)
(2 -5.48886e-16 0)
(2 -3.93965e-16 0)
(2 -1.86058e-16 0)
(2 -1.86769e-16 0)
(2 -1.87394e-16 0)
(2 -2.19371e-16 0)
(2 -2.99801e-16 0)
(2 -3.87562e-16 0)
(2 -4.67497e-16 0)
(2 -6.09726e-16 0)
(2 -6.80615e-16 0)
(2 -6.6352e-16 0)
(2 -5.566e-16 0)
(2 -5.46332e-16 0)
(2 -4.3111e-16 0)
(2 -2.12191e-16 0)
(2 -2.20626e-16 0)
(2 -3.98532e-16 0)
(2 -8.72566e-16 0)
(2 -9.98547e-16 0)
(2 -1.21336e-15 0)
(2 -1.138e-15 0)
(2 -9.97075e-16 0)
(2 -5.74114e-16 0)
(2 -1.17405e-16 0)
(2 -1.37065e-16 0)
(2 6.14142e-17 0)
(2 4.71971e-16 0)
(2 1.05475e-15 0)
(2 2.05374e-15 0)
(2 2.24895e-15 0)
(2 2.25971e-15 0)
(2 2.19561e-15 0)
(2 1.80274e-15 0)
(2 1.57575e-15 0)
(2 1.18149e-15 0)
(2 8.28148e-16 0)
(2 3.62995e-16 0)
(2 -3.28192e-16 0)
(2 -9.02475e-16 0)
(2 -1.01233e-15 0)
(2 -7.43029e-16 0)
(2 -6.1847e-16 0)
(2 -7.59192e-16 0)
(2 -3.7462e-16 0)
(2 -3.18241e-16 0)
(2 -3.78695e-16 0)
(2 -5.57904e-16 0)
(2 -1.03554e-15 0)
(2 -1.17162e-15 0)
(2 -1.23896e-15 0)
(2 -1.21939e-15 0)
(2 -1.1841e-15 0)
(2 -1.10663e-15 0)
(2 -9.14171e-16 0)
(2 -7.18901e-16 0)
(2 -4.63884e-16 0)
(2 -2.93709e-16 0)
(2 -2.11771e-16 0)
(2 -9.76553e-17 0)
(2 3.21622e-18 0)
(2 2.42515e-16 0)
(2 4.44758e-16 0)
(2 7.75186e-16 0)
(2 8.41844e-16 0)
(2 1.04483e-15 0)
(2 1.22891e-15 0)
(2 1.24751e-15 0)
(2 1.18423e-15 0)
(2 1.05267e-15 0)
(2 1.21179e-15 0)
(2 1.35965e-15 0)
(2 1.47656e-15 0)
(2 1.47656e-15 0)
(2 3.09871e-16 0)
(2 1.04757e-15 0)
(2 1.62609e-15 0)
(2 1.93522e-15 0)
(2 2.1301e-15 0)
(2 2.1656e-15 0)
(2 1.96157e-15 0)
(2 1.13156e-15 0)
)
;
    }
    procBoundary18to17
    {
        type            processor;
        value           nonuniform List<vector> 
17
(
(2 -8.38327e-16 0)
(2 -1.30036e-15 0)
(2 -3.00646e-16 0)
(2 8.05161e-16 0)
(2 1.64561e-15 0)
(2 2.00998e-15 0)
(2 1.43314e-15 0)
(2 8.51963e-17 0)
(2 5.8969e-16 0)
(2 -1.09909e-15 0)
(2 -8.55392e-16 0)
(2 1.23798e-15 0)
(2 1.06168e-15 0)
(2 5.49473e-16 0)
(2 3.44028e-15 0)
(2 3.00128e-15 0)
(2 -1.52123e-15 0)
)
;
    }
    procBoundary18to26
    {
        type            processor;
        value           nonuniform List<vector> 
129
(
(2 1.00323e-15 0)
(2 1.11976e-15 0)
(2 1.093e-15 0)
(2 1.03691e-15 0)
(2 1.01436e-15 0)
(2 1.02665e-15 0)
(2 9.96804e-16 0)
(2 8.60325e-16 0)
(2 8.13431e-16 0)
(2 6.69142e-16 0)
(2 5.79044e-16 0)
(2 4.00203e-16 0)
(2 1.1516e-16 0)
(2 -2.37481e-16 0)
(2 -3.15641e-16 0)
(2 -7.15007e-16 0)
(2 -8.06469e-16 0)
(2 -7.81132e-16 0)
(2 -5.81646e-16 0)
(2 -3.95957e-16 0)
(2 -2.46745e-16 0)
(2 -1.22796e-16 0)
(2 -2.10108e-16 0)
(2 -1.67539e-16 0)
(2 2.55609e-17 0)
(2 1.35743e-17 0)
(2 3.837e-17 0)
(2 -2.01072e-16 0)
(2 -4.58821e-16 0)
(2 -5.52042e-16 0)
(2 -9.53771e-16 0)
(2 -1.44382e-15 0)
(2 -1.68136e-15 0)
(2 -1.96468e-15 0)
(2 -2.11932e-15 0)
(2 -2.14038e-15 0)
(2 -1.98661e-15 0)
(2 -1.8529e-15 0)
(2 -1.84661e-15 0)
(2 -1.78052e-15 0)
(2 -1.50642e-15 0)
(2 -1.35663e-15 0)
(2 -1.23871e-15 0)
(2 -1.08095e-15 0)
(2 -6.0069e-16 0)
(2 -2.66311e-16 0)
(2 -2.01603e-16 0)
(2 -2.71299e-16 0)
(2 -3.9859e-16 0)
(2 -4.81672e-16 0)
(2 -6.21605e-16 0)
(2 -6.48193e-16 0)
(2 -5.24663e-16 0)
(2 -1.43385e-15 0)
(2 -1.14595e-15 0)
(2 -9.74542e-16 0)
(2 -6.62004e-16 0)
(2 1.73299e-16 0)
(2 5.9249e-16 0)
(2 1.09677e-15 0)
(2 1.13445e-15 0)
(2 1.11646e-15 0)
(2 1.2211e-15 0)
(2 1.43846e-15 0)
(2 1.59148e-15 0)
(2 1.22262e-15 0)
(2 4.89214e-16 0)
(2 -3.15801e-16 0)
(2 -2.92488e-16 0)
(2 -5.61317e-16 0)
(2 1.61169e-16 0)
(2 4.03262e-16 0)
(2 5.59876e-16 0)
(2 1.11304e-15 0)
(2 1.04227e-15 0)
(2 9.2669e-16 0)
(2 8.6219e-16 0)
(2 7.63744e-16 0)
(2 6.87244e-16 0)
(2 7.90708e-16 0)
(2 9.41118e-16 0)
(2 1.10308e-15 0)
(2 1.17077e-15 0)
(2 1.11643e-15 0)
(2 9.79941e-16 0)
(2 9.12013e-16 0)
(2 7.36362e-16 0)
(2 4.56584e-16 0)
(2 1.41941e-16 0)
(2 -3.39676e-16 0)
(2 -9.34631e-16 0)
(2 -1.31693e-15 0)
(2 -1.65855e-15 0)
(2 -1.86429e-15 0)
(2 -2.15661e-15 0)
(2 -2.62934e-15 0)
(2 -2.06881e-15 0)
(2 -1.74901e-15 0)
(2 -1.661e-15 0)
(2 -1.40215e-15 0)
(2 -1.2925e-15 0)
(2 -8.69414e-16 0)
(2 1.14069e-16 0)
(2 3.62155e-16 0)
(2 2.17113e-16 0)
(2 2.42117e-16 0)
(2 3.62804e-16 0)
(2 6.11149e-16 0)
(2 1.07511e-15 0)
(2 1.27523e-15 0)
(2 9.99032e-16 0)
(2 5.75357e-16 0)
(2 3.63475e-16 0)
(2 6.80892e-17 0)
(2 -1.95417e-16 0)
(2 -3.86278e-16 0)
(2 -4.52063e-16 0)
(2 -3.32822e-16 0)
(2 -2.8391e-16 0)
(2 1.00323e-15 0)
(2 1.14535e-16 0)
(2 -8.05822e-16 0)
(2 -1.36226e-15 0)
(2 -1.09419e-15 0)
(2 -1.1217e-15 0)
(2 -9.4894e-16 0)
(2 -7.37993e-16 0)
(2 -4.7569e-16 0)
(2 1.10251e-15 0)
)
;
    }
    procBoundary18to27
    {
        type            processor;
        value           nonuniform List<vector> 
13
(
(2 4.0015e-16 0)
(2 2.13674e-15 0)
(2 3.52524e-15 0)
(2 6.40945e-15 0)
(2 3.93462e-15 0)
(2 -1.6889e-15 0)
(2 -6.37013e-16 0)
(2 -3.69175e-17 0)
(2 -7.80049e-16 0)
(2 1.25602e-15 0)
(2 2.67588e-15 0)
(2 1.42695e-15 0)
(2 1.1443e-15 0)
)
;
    }
    procBoundary18to35
    {
        type            processor;
        value           nonuniform List<vector> 6((2 2.76012e-15 0) (2 5.79609e-16 0) (2 1.79377e-15 0) (2 4.06529e-15 0) (2 1.50887e-15 0) (2 -2.20817e-15 0));
    }
}


// ************************************************************************* //
