/*--------------------------------*- C++ -*----------------------------------*\
  =========                 |
  \\      /  F ield         | OpenFOAM: The Open Source CFD Toolbox
   \\    /   O peration     | Website:  https://openfoam.org
    \\  /    A nd           | Version:  7
     \\/     M anipulation  |
\*---------------------------------------------------------------------------*/
FoamFile
{
    version     2.0;
    format      ascii;
    class       volVectorField;
    location    "14";
    object      U;
}
// * * * * * * * * * * * * * * * * * * * * * * * * * * * * * * * * * * * * * //

dimensions      [0 1 -1 0 0 0 0];

internalField   nonuniform List<vector> 
2413
(
(2.13087 -0.196946 0)
(2.11608 -0.203574 0)
(2.10051 -0.208893 0)
(2.08603 -0.213794 0)
(2.06911 -0.218106 0)
(2.05123 -0.22054 0)
(2.0337 -0.220227 0)
(2.01718 -0.218613 0)
(2.0023 -0.2176 0)
(1.98905 -0.216989 0)
(1.97675 -0.21473 0)
(1.96539 -0.21009 0)
(1.95366 -0.206889 0)
(1.94381 -0.203705 0)
(1.9344 -0.199207 0)
(1.92464 -0.195685 0)
(1.91568 -0.191584 0)
(1.9091 -0.186822 0)
(1.90101 -0.182076 0)
(1.89328 -0.177325 0)
(1.88874 -0.172369 0)
(1.88247 -0.166722 0)
(1.87613 -0.161781 0)
(1.87288 -0.156875 0)
(1.86877 -0.151327 0)
(1.86433 -0.14608 0)
(1.86168 -0.140885 0)
(1.86049 -0.136747 0)
(1.85716 -0.131389 0)
(1.85477 -0.12574 0)
(1.85506 -0.122652 0)
(1.85363 -0.117865 0)
(1.85171 -0.112026 0)
(1.85252 -0.108496 0)
(1.85273 -0.104555 0)
(1.85165 -0.0993259 0)
(1.8528 -0.0957487 0)
(1.8539 -0.0923659 0)
(1.85359 -0.0876342 0)
(1.85517 -0.0844668 0)
(1.85698 -0.0814022 0)
(1.85733 -0.0772057 0)
(1.8592 -0.0742239 0)
(1.86117 -0.0708107 0)
(1.86121 -0.0681424 0)
(1.86274 -0.065536 0)
(1.86426 -0.0621482 0)
(1.86427 -0.0599491 0)
(1.86545 -0.0574169 0)
(1.86616 -0.0549842 0)
(1.86547 -0.0523621 0)
(1.86545 -0.0501599 0)
(1.86333 -0.0504162 0)
(1.85806 -0.0525064 0)
(1.84804 -0.0573821 0)
(1.83208 -0.0663376 0)
(1.81621 -0.0744264 0)
(1.80313 -0.0840362 0)
(1.79824 -0.0862803 0)
(1.79502 -0.0843735 0)
(1.79328 -0.0827111 0)
(1.7926 -0.0811063 0)
(1.79219 -0.0792506 0)
(1.7922 -0.0770156 0)
(1.79194 -0.075328 0)
(1.79214 -0.0733098 0)
(1.7922 -0.0710532 0)
(1.79229 -0.0683334 0)
(1.79263 -0.0653828 0)
(1.79277 -0.0639476 0)
(1.79308 -0.0630973 0)
(1.79272 -0.061769 0)
(1.79191 -0.0601111 0)
(1.79005 -0.057698 0)
(1.78333 -0.0534374 0)
(1.76266 -0.0416554 0)
(1.7219 -0.0130404 0)
(1.68211 0.00485202 0)
(1.65979 0.0190252 0)
(1.64879 0.028794 0)
(1.64319 0.0362322 0)
(1.64132 0.0414465 0)
(1.64004 0.0432397 0)
(1.63913 0.0435761 0)
(1.63843 0.043773 0)
(1.63738 0.0443813 0)
(1.63661 0.0468671 0)
(1.63523 0.0500397 0)
(1.63261 0.0523135 0)
(1.63313 0.0562652 0)
(1.6327 0.0606953 0)
(1.6358 0.0676414 0)
(1.63692 0.07475 0)
(1.64055 0.0840909 0)
(1.64378 0.0933893 0)
(1.96647 0.192665 0)
(1.97649 0.194881 0)
(1.9882 0.195543 0)
(1.99946 0.196091 0)
(2.01434 0.196217 0)
(2.0299 0.195664 0)
(2.04469 0.19652 0)
(2.05933 0.195494 0)
(2.07562 0.191471 0)
(2.09081 0.188418 0)
(2.10653 0.186052 0)
(2.12548 0.179084 0)
(2.14257 0.170788 0)
(2.15829 0.167714 0)
(2.17755 0.162028 0)
(2.19532 0.153614 0)
(2.21078 0.144381 0)
(2.22449 0.129999 0)
(2.23026 0.111129 0)
(2.23521 0.103523 0)
(2.23285 0.089567 0)
(2.21619 0.0600806 0)
(2.19362 0.0407286 0)
(2.16719 0.0296708 0)
(2.1584 0.0084786 0)
(2.15832 -0.00759501 0)
(2.16069 -0.026627 0)
(2.17083 -0.046275 0)
(2.17269 -0.0621888 0)
(2.16894 -0.076156 0)
(2.17023 -0.0940632 0)
(2.16915 -0.114062 0)
(2.15756 -0.131081 0)
(2.14962 -0.146355 0)
(2.14652 -0.154175 0)
(2.13269 -0.167623 0)
(2.1214 -0.175148 0)
(2.11343 -0.178763 0)
(2.10157 -0.18373 0)
(2.08867 -0.189297 0)
(2.07834 -0.194992 0)
(2.06561 -0.199379 0)
(2.05064 -0.202714 0)
(2.03634 -0.203803 0)
(2.02277 -0.204278 0)
(2.00981 -0.204855 0)
(1.99743 -0.20443 0)
(1.98516 -0.20171 0)
(1.97267 -0.197977 0)
(1.96122 -0.19576 0)
(1.95102 -0.192741 0)
(1.942 -0.188607 0)
(1.93285 -0.185417 0)
(1.92472 -0.181835 0)
(1.91811 -0.177197 0)
(1.91005 -0.173176 0)
(1.90231 -0.168931 0)
(1.89774 -0.164679 0)
(1.89126 -0.15998 0)
(1.88496 -0.155345 0)
(1.8818 -0.150997 0)
(1.87702 -0.145923 0)
(1.8724 -0.140833 0)
(1.87078 -0.136749 0)
(1.86816 -0.132188 0)
(1.86456 -0.127304 0)
(1.86332 -0.123091 0)
(1.86259 -0.119578 0)
(1.86012 -0.11512 0)
(1.85922 -0.110311 0)
(1.86024 -0.107542 0)
(1.85892 -0.103199 0)
(1.85839 -0.0982025 0)
(1.86007 -0.0956916 0)
(1.85978 -0.0917575 0)
(1.85978 -0.0871206 0)
(1.86179 -0.0847971 0)
(1.86234 -0.0810911 0)
(1.86276 -0.0770516 0)
(1.86492 -0.0743267 0)
(1.86581 -0.0710932 0)
(1.86606 -0.0683333 0)
(1.86768 -0.0655571 0)
(1.86809 -0.062861 0)
(1.86852 -0.0605698 0)
(1.86913 -0.0581271 0)
(1.86817 -0.0552439 0)
(1.86792 -0.0531092 0)
(1.8658 -0.0531223 0)
(1.86053 -0.0542575 0)
(1.8484 -0.0621446 0)
(1.83328 -0.0705535 0)
(1.81856 -0.0754332 0)
(1.80635 -0.0831482 0)
(1.80022 -0.0868944 0)
(1.79678 -0.0865964 0)
(1.79508 -0.0854671 0)
(1.79487 -0.0831718 0)
(1.79439 -0.0806503 0)
(1.79441 -0.0780156 0)
(1.79472 -0.0750617 0)
(1.79445 -0.0734289 0)
(1.79435 -0.0719237 0)
(1.79436 -0.0700106 0)
(1.79433 -0.0675865 0)
(1.7947 -0.0645964 0)
(1.79499 -0.0624904 0)
(1.79536 -0.0619821 0)
(1.79585 -0.0614024 0)
(1.79587 -0.0603674 0)
(1.79539 -0.0591027 0)
(1.79333 -0.0568679 0)
(1.7855 -0.051792 0)
(1.76258 -0.0342813 0)
(1.72604 -0.0143581 0)
(1.69037 0.00706252 0)
(1.66124 0.0303078 0)
(1.64977 0.0405387 0)
(1.64755 0.041696 0)
(1.64743 0.0423089 0)
(1.64678 0.0429115 0)
(1.64547 0.0443027 0)
(1.64325 0.0464797 0)
(1.64145 0.0504773 0)
(1.63978 0.0546372 0)
(1.63812 0.0566708 0)
(1.6389 0.0591448 0)
(1.63878 0.0617618 0)
(1.64137 0.0671269 0)
(1.64216 0.0739187 0)
(1.64587 0.0831043 0)
(1.64908 0.0925324 0)
(1.97198 0.181181 0)
(1.98159 0.182963 0)
(1.99241 0.183117 0)
(2.00277 0.183574 0)
(2.01647 0.183484 0)
(2.03093 0.182898 0)
(2.04538 0.183417 0)
(2.06013 0.18203 0)
(2.07576 0.179783 0)
(2.08894 0.176544 0)
(2.10154 0.174233 0)
(2.11732 0.166778 0)
(2.13238 0.155403 0)
(2.14422 0.148716 0)
(2.15804 0.142168 0)
(2.17243 0.133114 0)
(2.1843 0.120199 0)
(2.19246 0.107462 0)
(2.19713 0.096798 0)
(2.19651 0.0826194 0)
(2.18838 0.0629069 0)
(2.17297 0.038746 0)
(2.14897 0.0271704 0)
(2.12925 0.0173163 0)
(2.12508 0.00220321 0)
(2.12949 -0.0158348 0)
(2.12768 -0.028483 0)
(2.13499 -0.0419573 0)
(2.13899 -0.0565382 0)
(2.13641 -0.0668927 0)
(2.13805 -0.0828976 0)
(2.1398 -0.100026 0)
(2.13301 -0.112166 0)
(2.12448 -0.12738 0)
(2.12267 -0.134224 0)
(2.11577 -0.145088 0)
(2.10515 -0.152553 0)
(2.09778 -0.159661 0)
(2.09228 -0.165248 0)
(2.08078 -0.171134 0)
(2.07051 -0.178026 0)
(2.06216 -0.181056 0)
(2.05042 -0.184609 0)
(2.03639 -0.186723 0)
(2.02407 -0.188665 0)
(2.01185 -0.18942 0)
(1.99983 -0.189651 0)
(1.98874 -0.188325 0)
(1.97773 -0.186289 0)
(1.96757 -0.184768 0)
(1.95834 -0.182577 0)
(1.9495 -0.179152 0)
(1.94092 -0.176646 0)
(1.93302 -0.173535 0)
(1.9265 -0.169209 0)
(1.919 -0.166056 0)
(1.91199 -0.162579 0)
(1.90746 -0.158966 0)
(1.90112 -0.155164 0)
(1.8953 -0.150931 0)
(1.89202 -0.146974 0)
(1.88687 -0.142357 0)
(1.88216 -0.137935 0)
(1.88028 -0.134326 0)
(1.87694 -0.129742 0)
(1.87327 -0.125271 0)
(1.87208 -0.12188 0)
(1.87024 -0.117928 0)
(1.86758 -0.113494 0)
(1.86711 -0.110155 0)
(1.8668 -0.106722 0)
(1.86517 -0.10203 0)
(1.86538 -0.0984644 0)
(1.86621 -0.0956304 0)
(1.86543 -0.0913658 0)
(1.86593 -0.0875022 0)
(1.86764 -0.0849248 0)
(1.86739 -0.080933 0)
(1.86805 -0.0772415 0)
(1.87002 -0.0742495 0)
(1.87004 -0.0712476 0)
(1.87058 -0.0683409 0)
(1.87191 -0.0656407 0)
(1.87205 -0.0632343 0)
(1.87221 -0.0610741 0)
(1.87118 -0.0580693 0)
(1.87077 -0.0557573 0)
(1.8683 -0.0558952 0)
(1.86283 -0.0568609 0)
(1.85007 -0.063722 0)
(1.83418 -0.0731621 0)
(1.8191 -0.0800547 0)
(1.80836 -0.0864023 0)
(1.80268 -0.0872026 0)
(1.79932 -0.0866761 0)
(1.79804 -0.0861031 0)
(1.79696 -0.0847782 0)
(1.79669 -0.0826207 0)
(1.79677 -0.0799679 0)
(1.79734 -0.0766684 0)
(1.79785 -0.0731442 0)
(1.79776 -0.0707104 0)
(1.79724 -0.0695381 0)
(1.79668 -0.0683593 0)
(1.79667 -0.0661545 0)
(1.79688 -0.063823 0)
(1.79726 -0.0618843 0)
(1.79783 -0.0611425 0)
(1.79826 -0.0607895 0)
(1.7993 -0.0602618 0)
(1.7996 -0.0595945 0)
(1.79916 -0.0582079 0)
(1.79698 -0.0559839 0)
(1.78794 -0.0480545 0)
(1.76715 -0.0340808 0)
(1.73202 -0.0134608 0)
(1.68843 0.0216546 0)
(1.66592 0.0361401 0)
(1.6575 0.0394687 0)
(1.65591 0.041747 0)
(1.65398 0.0435878 0)
(1.65098 0.0471767 0)
(1.64759 0.0511076 0)
(1.64521 0.0545106 0)
(1.64511 0.0570826 0)
(1.64511 0.0588274 0)
(1.64567 0.0605802 0)
(1.64529 0.0626322 0)
(1.64693 0.0677169 0)
(1.64703 0.0742949 0)
(1.65036 0.0825141 0)
(1.65367 0.0913399 0)
(1.9767 0.169741 0)
(1.98594 0.171119 0)
(1.99662 0.171749 0)
(2.00646 0.172368 0)
(2.01936 0.172736 0)
(2.0332 0.171923 0)
(2.04687 0.171864 0)
(2.06058 0.170098 0)
(2.07531 0.166547 0)
(2.0868 0.163013 0)
(2.09744 0.15958 0)
(2.11241 0.15268 0)
(2.12621 0.14327 0)
(2.13706 0.138939 0)
(2.14925 0.133142 0)
(2.16145 0.12263 0)
(2.16895 0.108768 0)
(2.17369 0.102107 0)
(2.17531 0.0932213 0)
(2.17058 0.0785382 0)
(2.15906 0.0565974 0)
(2.13984 0.0396887 0)
(2.11883 0.0309402 0)
(2.10661 0.0159662 0)
(2.10572 0.00383163 0)
(2.11079 -0.00823739 0)
(2.1104 -0.0205036 0)
(2.11036 -0.0326881 0)
(2.11555 -0.0464243 0)
(2.11379 -0.0555395 0)
(2.11269 -0.0666182 0)
(2.11551 -0.0809805 0)
(2.11317 -0.0944794 0)
(2.1066 -0.105858 0)
(2.10495 -0.117682 0)
(2.10527 -0.129647 0)
(2.09902 -0.140152 0)
(2.08933 -0.147524 0)
(2.08496 -0.153508 0)
(2.07784 -0.159634 0)
(2.06733 -0.166872 0)
(2.06001 -0.170219 0)
(2.05142 -0.172437 0)
(2.03987 -0.175296 0)
(2.02764 -0.17702 0)
(2.01651 -0.177342 0)
(2.00458 -0.177369 0)
(1.993 -0.176768 0)
(1.9829 -0.175879 0)
(1.97371 -0.17463 0)
(1.96529 -0.173076 0)
(1.9568 -0.170423 0)
(1.94868 -0.16848 0)
(1.9414 -0.165593 0)
(1.93419 -0.161252 0)
(1.92633 -0.158309 0)
(1.91863 -0.154835 0)
(1.91384 -0.150939 0)
(1.90717 -0.147848 0)
(1.90154 -0.144111 0)
(1.8984 -0.139881 0)
(1.89279 -0.135831 0)
(1.88837 -0.132016 0)
(1.88641 -0.128663 0)
(1.8823 -0.1249 0)
(1.879 -0.120781 0)
(1.87805 -0.117826 0)
(1.87504 -0.114285 0)
(1.87303 -0.110094 0)
(1.87321 -0.107733 0)
(1.87159 -0.10423 0)
(1.87058 -0.0997443 0)
(1.87155 -0.0976444 0)
(1.87127 -0.0942903 0)
(1.87057 -0.0898038 0)
(1.87174 -0.0870693 0)
(1.87265 -0.0839714 0)
(1.87213 -0.0799982 0)
(1.8731 -0.0768429 0)
(1.87452 -0.0737321 0)
(1.87416 -0.0708278 0)
(1.87457 -0.0680073 0)
(1.87569 -0.0656937 0)
(1.87573 -0.0633368 0)
(1.87448 -0.0608942 0)
(1.87396 -0.0583889 0)
(1.87118 -0.0583586 0)
(1.86496 -0.0604281 0)
(1.85342 -0.0649668 0)
(1.83665 -0.0727421 0)
(1.81938 -0.0840103 0)
(1.8093 -0.0911261 0)
(1.80455 -0.0890187 0)
(1.80179 -0.0868474 0)
(1.8009 -0.0858477 0)
(1.79997 -0.0846575 0)
(1.7993 -0.0831087 0)
(1.799 -0.0812062 0)
(1.79945 -0.0781685 0)
(1.79969 -0.0748879 0)
(1.79992 -0.0715312 0)
(1.79996 -0.0684912 0)
(1.79955 -0.0672006 0)
(1.79891 -0.0665269 0)
(1.79882 -0.0649865 0)
(1.79922 -0.0632107 0)
(1.79966 -0.0620725 0)
(1.80027 -0.0611372 0)
(1.801 -0.0606033 0)
(1.80175 -0.0600604 0)
(1.8032 -0.0597486 0)
(1.80344 -0.0588307 0)
(1.80315 -0.057372 0)
(1.80059 -0.0541754 0)
(1.79237 -0.0466559 0)
(1.77264 -0.0345971 0)
(1.73282 -0.0027453 0)
(1.69651 0.0233928 0)
(1.67633 0.0316858 0)
(1.66562 0.0410962 0)
(1.65951 0.0470245 0)
(1.65448 0.052375 0)
(1.65262 0.0545537 0)
(1.65144 0.0556869 0)
(1.65132 0.0570244 0)
(1.65166 0.059256 0)
(1.65182 0.0621781 0)
(1.65035 0.0649737 0)
(1.65111 0.0699518 0)
(1.65102 0.0757532 0)
(1.65412 0.0826459 0)
(1.65763 0.0907199 0)
(1.98061 0.159032 0)
(1.98997 0.160457 0)
(1.99946 0.1605 0)
(2.00883 0.161024 0)
(2.0205 0.161359 0)
(2.03326 0.160211 0)
(2.04577 0.159113 0)
(2.0583 0.156732 0)
(2.07306 0.15373 0)
(2.08503 0.151008 0)
(2.09543 0.14756 0)
(2.10866 0.14024 0)
(2.11894 0.132137 0)
(2.12754 0.128131 0)
(2.1402 0.120938 0)
(2.14992 0.110277 0)
(2.15394 0.100079 0)
(2.15752 0.0941591 0)
(2.1563 0.0845678 0)
(2.14746 0.066711 0)
(2.1326 0.0452544 0)
(2.11207 0.0344265 0)
(2.09675 0.0250403 0)
(2.09508 0.0118499 0)
(2.09383 0.00284045 0)
(2.09675 -0.00505744 0)
(2.09914 -0.0166474 0)
(2.09587 -0.0277843 0)
(2.09839 -0.039044 0)
(2.09866 -0.049445 0)
(2.09558 -0.0575459 0)
(2.09811 -0.0708484 0)
(2.09746 -0.0847132 0)
(2.09317 -0.0927494 0)
(2.09342 -0.105471 0)
(2.09339 -0.117605 0)
(2.08942 -0.126032 0)
(2.08213 -0.132074 0)
(2.07296 -0.140074 0)
(2.06934 -0.144589 0)
(2.06103 -0.150364 0)
(2.05117 -0.155583 0)
(2.04404 -0.158247 0)
(2.03512 -0.160071 0)
(2.02436 -0.16183 0)
(2.0151 -0.162922 0)
(2.00589 -0.163725 0)
(1.99607 -0.165113 0)
(1.98635 -0.165266 0)
(1.97759 -0.164584 0)
(1.96928 -0.162804 0)
(1.96055 -0.160154 0)
(1.95239 -0.158546 0)
(1.94501 -0.155949 0)
(1.93846 -0.152606 0)
(1.93161 -0.150942 0)
(1.92587 -0.148494 0)
(1.92141 -0.145212 0)
(1.91525 -0.142648 0)
(1.90982 -0.13975 0)
(1.9055 -0.135315 0)
(1.90097 -0.131843 0)
(1.89709 -0.128897 0)
(1.89435 -0.125554 0)
(1.89042 -0.122131 0)
(1.88734 -0.118746 0)
(1.88554 -0.115655 0)
(1.8825 -0.112176 0)
(1.88065 -0.108827 0)
(1.88014 -0.106423 0)
(1.8783 -0.102882 0)
(1.87729 -0.0991602 0)
(1.87769 -0.0971228 0)
(1.87687 -0.0934947 0)
(1.87622 -0.0891813 0)
(1.87731 -0.0868857 0)
(1.87751 -0.083372 0)
(1.8769 -0.0794619 0)
(1.87798 -0.0766015 0)
(1.87879 -0.0734033 0)
(1.87812 -0.0703452 0)
(1.87835 -0.067677 0)
(1.87923 -0.065656 0)
(1.87792 -0.0630493 0)
(1.87701 -0.0607621 0)
(1.87453 -0.060324 0)
(1.86796 -0.062448 0)
(1.85552 -0.0698777 0)
(1.84034 -0.0734403 0)
(1.82287 -0.0824365 0)
(1.81127 -0.0926195 0)
(1.80539 -0.0926463 0)
(1.80288 -0.0904333 0)
(1.80298 -0.0876672 0)
(1.80259 -0.0852179 0)
(1.80216 -0.0825569 0)
(1.80172 -0.0805631 0)
(1.80137 -0.078855 0)
(1.80132 -0.0763507 0)
(1.80139 -0.0733166 0)
(1.80167 -0.069903 0)
(1.80173 -0.066981 0)
(1.80163 -0.0654252 0)
(1.8015 -0.0646739 0)
(1.80149 -0.0639684 0)
(1.80188 -0.0630962 0)
(1.80244 -0.0622783 0)
(1.80296 -0.0614444 0)
(1.80377 -0.060708 0)
(1.80475 -0.0601926 0)
(1.80584 -0.0595585 0)
(1.80709 -0.0588575 0)
(1.80749 -0.0578772 0)
(1.80705 -0.0562385 0)
(1.80455 -0.0526055 0)
(1.79758 -0.0469574 0)
(1.77643 -0.029753 0)
(1.74195 -0.00162663 0)
(1.71112 0.0143277 0)
(1.68217 0.037438 0)
(1.66633 0.053718 0)
(1.65972 0.0553986 0)
(1.6583 0.0550879 0)
(1.65791 0.0556207 0)
(1.65746 0.0568534 0)
(1.65725 0.0605292 0)
(1.65587 0.064985 0)
(1.65339 0.0689488 0)
(1.65455 0.07273 0)
(1.6546 0.0764718 0)
(1.65767 0.0816391 0)
(1.66101 0.089785 0)
(1.98364 0.149182 0)
(1.99234 0.149967 0)
(2.00118 0.149842 0)
(2.01054 0.150318 0)
(2.02142 0.150815 0)
(2.03331 0.150044 0)
(2.04522 0.148448 0)
(2.05759 0.145789 0)
(2.06942 0.142351 0)
(2.07871 0.139345 0)
(2.08882 0.133784 0)
(2.10133 0.127339 0)
(2.11027 0.12303 0)
(2.12021 0.118778 0)
(2.13265 0.11323 0)
(2.13799 0.103641 0)
(2.1408 0.0944632 0)
(2.14276 0.0884852 0)
(2.13806 0.0778642 0)
(2.1253 0.0583234 0)
(2.10808 0.0419979 0)
(2.09033 0.0338835 0)
(2.08303 0.0240686 0)
(2.08515 0.0116332 0)
(2.08395 0.00282991 0)
(2.08491 -0.0047943 0)
(2.08731 -0.0133717 0)
(2.0842 -0.0224338 0)
(2.08365 -0.0324426 0)
(2.08537 -0.0436855 0)
(2.08206 -0.0497774 0)
(2.08183 -0.0603431 0)
(2.08334 -0.0750304 0)
(2.07969 -0.0827379 0)
(2.07867 -0.0919748 0)
(2.0796 -0.104087 0)
(2.07701 -0.112543 0)
(2.07241 -0.118617 0)
(2.06634 -0.128695 0)
(2.06419 -0.133853 0)
(2.05843 -0.141242 0)
(2.05032 -0.14535 0)
(2.04278 -0.148964 0)
(2.03509 -0.150054 0)
(2.02517 -0.150856 0)
(2.01562 -0.151552 0)
(2.00672 -0.152225 0)
(1.99792 -0.153184 0)
(1.9892 -0.154768 0)
(1.98118 -0.154765 0)
(1.97388 -0.153874 0)
(1.96616 -0.152246 0)
(1.95887 -0.151149 0)
(1.95189 -0.148839 0)
(1.94457 -0.145491 0)
(1.93693 -0.143502 0)
(1.93006 -0.14091 0)
(1.92471 -0.137612 0)
(1.91893 -0.135125 0)
(1.91366 -0.132458 0)
(1.90861 -0.12965 0)
(1.90461 -0.126487 0)
(1.90189 -0.123678 0)
(1.89794 -0.120856 0)
(1.89442 -0.117287 0)
(1.893 -0.114736 0)
(1.89012 -0.111579 0)
(1.8873 -0.108 0)
(1.88662 -0.105708 0)
(1.88505 -0.102974 0)
(1.88297 -0.0993137 0)
(1.8826 -0.0966944 0)
(1.8824 -0.0942855 0)
(1.8811 -0.0906326 0)
(1.88089 -0.0869887 0)
(1.88183 -0.0848555 0)
(1.88139 -0.0813369 0)
(1.88105 -0.0776912 0)
(1.88238 -0.0752775 0)
(1.88218 -0.0721524 0)
(1.88156 -0.068967 0)
(1.88219 -0.0675836 0)
(1.88127 -0.0650146 0)
(1.88012 -0.0626164 0)
(1.87759 -0.0623 0)
(1.87145 -0.0635795 0)
(1.8582 -0.0719603 0)
(1.84269 -0.0774807 0)
(1.82594 -0.0833133 0)
(1.81427 -0.0919933 0)
(1.80854 -0.0922316 0)
(1.8053 -0.0915582 0)
(1.80438 -0.0904118 0)
(1.80423 -0.0882137 0)
(1.80439 -0.0848385 0)
(1.8048 -0.0809419 0)
(1.80462 -0.0782159 0)
(1.80409 -0.0761317 0)
(1.80361 -0.073988 0)
(1.80322 -0.0716244 0)
(1.80326 -0.0687019 0)
(1.80343 -0.0660096 0)
(1.80364 -0.0643451 0)
(1.80397 -0.0636116 0)
(1.80434 -0.0632437 0)
(1.8048 -0.0628464 0)
(1.80539 -0.0623099 0)
(1.80598 -0.0615952 0)
(1.80674 -0.0608668 0)
(1.80773 -0.0602399 0)
(1.80871 -0.0591975 0)
(1.80963 -0.0583894 0)
(1.81064 -0.0579176 0)
(1.81191 -0.0571348 0)
(1.81088 -0.0552078 0)
(1.80924 -0.0521929 0)
(1.80245 -0.0455077 0)
(1.78418 -0.0285781 0)
(1.7555 -0.0108528 0)
(1.71487 0.0205814 0)
(1.68474 0.0506349 0)
(1.67074 0.0532125 0)
(1.66547 0.0546703 0)
(1.66404 0.0558376 0)
(1.66216 0.0594899 0)
(1.65988 0.065049 0)
(1.65724 0.0689699 0)
(1.65719 0.0714641 0)
(1.65857 0.0739606 0)
(1.65874 0.0764067 0)
(1.66152 0.0813478 0)
(1.6638 0.0903447 0)
(1.98554 0.139436 0)
(1.99454 0.140272 0)
(2.00269 0.140632 0)
(2.01172 0.141133 0)
(2.02152 0.141556 0)
(2.03183 0.140607 0)
(2.042 0.138229 0)
(2.05298 0.134904 0)
(2.06422 0.131797 0)
(2.07397 0.128493 0)
(2.08553 0.123824 0)
(2.0959 0.118799 0)
(2.10338 0.115588 0)
(2.11432 0.11114 0)
(2.12271 0.105766 0)
(2.1255 0.0965995 0)
(2.1284 0.0897231 0)
(2.12758 0.0840188 0)
(2.11818 0.0706827 0)
(2.10273 0.0528594 0)
(2.08565 0.0425145 0)
(2.07383 0.0342913 0)
(2.0721 0.0242298 0)
(2.07521 0.0121844 0)
(2.07367 0.00284979 0)
(2.07375 -0.00542045 0)
(2.07597 -0.012358 0)
(2.07319 -0.0200811 0)
(2.07081 -0.0282246 0)
(2.07254 -0.0374898 0)
(2.07019 -0.0445783 0)
(2.06797 -0.0533912 0)
(2.06975 -0.0656684 0)
(2.06795 -0.075479 0)
(2.06478 -0.0814833 0)
(2.06583 -0.0920722 0)
(2.06627 -0.102488 0)
(2.06379 -0.108345 0)
(2.0583 -0.114504 0)
(2.05628 -0.120522 0)
(2.05006 -0.125813 0)
(2.04288 -0.129449 0)
(2.03609 -0.134947 0)
(2.03112 -0.136789 0)
(2.02302 -0.13957 0)
(2.0147 -0.140596 0)
(2.00728 -0.14176 0)
(1.99894 -0.142919 0)
(1.99013 -0.143943 0)
(1.98212 -0.144527 0)
(1.97443 -0.143592 0)
(1.96672 -0.142525 0)
(1.95927 -0.141885 0)
(1.9525 -0.140082 0)
(1.94724 -0.137591 0)
(1.94167 -0.136247 0)
(1.93641 -0.13466 0)
(1.93132 -0.132261 0)
(1.92598 -0.129721 0)
(1.92047 -0.127459 0)
(1.91482 -0.124863 0)
(1.91169 -0.122739 0)
(1.90781 -0.120054 0)
(1.90376 -0.116994 0)
(1.90102 -0.114045 0)
(1.89906 -0.111562 0)
(1.89607 -0.108546 0)
(1.89376 -0.105412 0)
(1.8929 -0.10353 0)
(1.89088 -0.10069 0)
(1.88906 -0.0971079 0)
(1.88866 -0.095287 0)
(1.88805 -0.0924846 0)
(1.88677 -0.0887113 0)
(1.88678 -0.0860439 0)
(1.88719 -0.0835965 0)
(1.88632 -0.0801747 0)
(1.88641 -0.0772801 0)
(1.88722 -0.0746526 0)
(1.88601 -0.071266 0)
(1.88598 -0.0691779 0)
(1.88508 -0.0669833 0)
(1.88367 -0.0645594 0)
(1.88087 -0.0641558 0)
(1.87472 -0.0653263 0)
(1.86233 -0.0708456 0)
(1.84494 -0.0810533 0)
(1.82858 -0.0875892 0)
(1.81776 -0.092085 0)
(1.81186 -0.0917687 0)
(1.80884 -0.0911658 0)
(1.80769 -0.0905382 0)
(1.80685 -0.089098 0)
(1.80622 -0.0869337 0)
(1.80671 -0.0833863 0)
(1.8074 -0.079045 0)
(1.80737 -0.0753741 0)
(1.80681 -0.0729584 0)
(1.80595 -0.0717173 0)
(1.8051 -0.0702506 0)
(1.805 -0.0678351 0)
(1.80527 -0.0656016 0)
(1.80574 -0.0641856 0)
(1.80642 -0.0633923 0)
(1.80712 -0.0629271 0)
(1.80776 -0.0626101 0)
(1.80843 -0.0622309 0)
(1.80913 -0.0616111 0)
(1.80986 -0.060896 0)
(1.81073 -0.0601119 0)
(1.81158 -0.0587565 0)
(1.81228 -0.058028 0)
(1.81348 -0.0575884 0)
(1.81478 -0.057046 0)
(1.81603 -0.0563378 0)
(1.81542 -0.0544868 0)
(1.81379 -0.0514173 0)
(1.80797 -0.0440616 0)
(1.79356 -0.0330819 0)
(1.76165 -0.0086965 0)
(1.72159 0.0294496 0)
(1.69559 0.0414505 0)
(1.67957 0.0518619 0)
(1.66878 0.0592533 0)
(1.66345 0.0663428 0)
(1.661 0.0699903 0)
(1.66074 0.0710837 0)
(1.66175 0.0719066 0)
(1.6628 0.0742402 0)
(1.66274 0.0773278 0)
(1.66451 0.0837053 0)
(1.66559 0.0925283 0)
(1.98881 0.131694 0)
(1.99544 0.131958 0)
(2.00246 0.132174 0)
(2.01073 0.13249 0)
(2.01959 0.132813 0)
(2.02919 0.132023 0)
(2.03985 0.129998 0)
(2.05057 0.127028 0)
(2.0607 0.124477 0)
(2.06977 0.12023 0)
(2.08107 0.115328 0)
(2.08888 0.11171 0)
(2.09792 0.107971 0)
(2.10732 0.10524 0)
(2.11186 0.099114 0)
(2.11442 0.0909458 0)
(2.11608 0.0863138 0)
(2.11148 0.0798077 0)
(2.09789 0.0637057 0)
(2.08091 0.049473 0)
(2.06687 0.0412004 0)
(2.06022 0.0319437 0)
(2.06145 0.0232769 0)
(2.06463 0.0126279 0)
(2.06278 0.00406288 0)
(2.06292 -0.00384254 0)
(2.06422 -0.0103721 0)
(2.06129 -0.016719 0)
(2.05853 -0.0240766 0)
(2.05932 -0.0318545 0)
(2.05863 -0.039971 0)
(2.05592 -0.0474263 0)
(2.05608 -0.0573496 0)
(2.05698 -0.0674507 0)
(2.05466 -0.0746957 0)
(2.05375 -0.081797 0)
(2.05302 -0.0888745 0)
(2.05228 -0.0956719 0)
(2.05018 -0.103048 0)
(2.04986 -0.109573 0)
(2.04544 -0.115365 0)
(2.03993 -0.119009 0)
(2.03154 -0.122731 0)
(2.02575 -0.125767 0)
(2.01943 -0.127773 0)
(2.01211 -0.129099 0)
(2.0055 -0.131437 0)
(1.99917 -0.133205 0)
(1.99156 -0.135415 0)
(1.98446 -0.136225 0)
(1.97766 -0.135775 0)
(1.97064 -0.134935 0)
(1.96352 -0.134646 0)
(1.95673 -0.13308 0)
(1.94984 -0.130604 0)
(1.9431 -0.128952 0)
(1.93683 -0.127301 0)
(1.93273 -0.125308 0)
(1.92897 -0.1231 0)
(1.92493 -0.121322 0)
(1.9206 -0.119689 0)
(1.91713 -0.117382 0)
(1.9127 -0.114874 0)
(1.90859 -0.112005 0)
(1.90662 -0.109892 0)
(1.90332 -0.107274 0)
(1.90007 -0.10417 0)
(1.89872 -0.101944 0)
(1.89704 -0.0998033 0)
(1.89467 -0.0967358 0)
(1.89367 -0.0938956 0)
(1.89347 -0.0922694 0)
(1.89245 -0.0890994 0)
(1.89173 -0.0855201 0)
(1.89227 -0.0837305 0)
(1.8916 -0.080823 0)
(1.89089 -0.0776942 0)
(1.89159 -0.0755783 0)
(1.89054 -0.0728625 0)
(1.88977 -0.0704356 0)
(1.88894 -0.0678359 0)
(1.88759 -0.0654855 0)
(1.88445 -0.0651182 0)
(1.87833 -0.0665749 0)
(1.86611 -0.0720359 0)
(1.8498 -0.0783729 0)
(1.83164 -0.0908707 0)
(1.8212 -0.0959882 0)
(1.8146 -0.0928492 0)
(1.81226 -0.091028 0)
(1.81113 -0.0899851 0)
(1.81026 -0.088433 0)
(1.80956 -0.0865526 0)
(1.8092 -0.0844909 0)
(1.80933 -0.0812981 0)
(1.80977 -0.0768897 0)
(1.80965 -0.0727813 0)
(1.80906 -0.0705063 0)
(1.80837 -0.0692585 0)
(1.80763 -0.0681322 0)
(1.80732 -0.0667811 0)
(1.80767 -0.0653288 0)
(1.8083 -0.0643874 0)
(1.809 -0.0637495 0)
(1.80992 -0.0630066 0)
(1.81075 -0.0625224 0)
(1.81143 -0.0621631 0)
(1.81226 -0.0615132 0)
(1.81296 -0.0606953 0)
(1.81372 -0.0597675 0)
(1.81457 -0.0585868 0)
(1.81533 -0.0577986 0)
(1.81622 -0.0576384 0)
(1.81759 -0.0568626 0)
(1.81895 -0.0559056 0)
(1.81995 -0.055352 0)
(1.81972 -0.0536348 0)
(1.81797 -0.0499548 0)
(1.8139 -0.0445612 0)
(1.80049 -0.0335817 0)
(1.77021 -0.00453607 0)
(1.73814 0.0158365 0)
(1.7064 0.0398418 0)
(1.6788 0.0655551 0)
(1.66666 0.0714415 0)
(1.66488 0.0707404 0)
(1.66572 0.0717496 0)
(1.66632 0.0736673 0)
(1.66609 0.0760823 0)
(1.66523 0.0812109 0)
(1.66618 0.0885152 0)
(1.6675 0.0942704 0)
(1.98913 0.123339 0)
(1.99541 0.123909 0)
(2.00236 0.124737 0)
(2.00974 0.125238 0)
(2.01815 0.125417 0)
(2.02696 0.124487 0)
(2.03678 0.122275 0)
(2.04643 0.119196 0)
(2.05549 0.116937 0)
(2.06551 0.112512 0)
(2.07579 0.108506 0)
(2.08357 0.105006 0)
(2.09306 0.102108 0)
(2.09905 0.0980587 0)
(2.10215 0.09213 0)
(2.10482 0.086749 0)
(2.10361 0.08308 0)
(2.09494 0.0741235 0)
(2.0786 0.0583889 0)
(2.0616 0.0491496 0)
(2.05137 0.04047 0)
(2.04838 0.0314322 0)
(2.05124 0.0235502 0)
(2.05398 0.0138641 0)
(2.05204 0.00612877 0)
(2.05367 -0.000707912 0)
(2.05225 -0.00758348 0)
(2.04911 -0.0143 0)
(2.05001 -0.0223613 0)
(2.04724 -0.0285446 0)
(2.04543 -0.0351493 0)
(2.04718 -0.0453596 0)
(2.04479 -0.0515522 0)
(2.0422 -0.0570174 0)
(2.04413 -0.0653421 0)
(2.04364 -0.0734444 0)
(2.04301 -0.0791077 0)
(2.04322 -0.0854023 0)
(2.04118 -0.0901341 0)
(2.03717 -0.0958479 0)
(2.03583 -0.10221 0)
(2.03261 -0.10776 0)
(2.02714 -0.111111 0)
(2.02052 -0.11498 0)
(2.0167 -0.117421 0)
(2.01032 -0.119565 0)
(2.00388 -0.121407 0)
(1.9974 -0.123903 0)
(1.98931 -0.125693 0)
(1.98187 -0.126602 0)
(1.97519 -0.126478 0)
(1.96901 -0.126077 0)
(1.96279 -0.126161 0)
(1.95716 -0.125206 0)
(1.95223 -0.123636 0)
(1.94697 -0.122823 0)
(1.94191 -0.121779 0)
(1.93703 -0.119479 0)
(1.93172 -0.116921 0)
(1.9268 -0.114931 0)
(1.92264 -0.113103 0)
(1.9199 -0.111554 0)
(1.91629 -0.109715 0)
(1.91367 -0.107745 0)
(1.91108 -0.105674 0)
(1.90792 -0.103324 0)
(1.90506 -0.100507 0)
(1.90381 -0.0988913 0)
(1.90146 -0.0965616 0)
(1.89946 -0.0933873 0)
(1.89868 -0.0915717 0)
(1.89838 -0.0897547 0)
(1.89725 -0.0864648 0)
(1.897 -0.0837106 0)
(1.8973 -0.0817574 0)
(1.89637 -0.0789752 0)
(1.89568 -0.0760961 0)
(1.89604 -0.074208 0)
(1.89475 -0.071883 0)
(1.89298 -0.0691922 0)
(1.89176 -0.0672047 0)
(1.88878 -0.0661604 0)
(1.88215 -0.067937 0)
(1.87016 -0.0742155 0)
(1.85473 -0.0775515 0)
(1.83564 -0.089047 0)
(1.82479 -0.0977201 0)
(1.81751 -0.0962415 0)
(1.81494 -0.0937078 0)
(1.81454 -0.0909095 0)
(1.81358 -0.0885012 0)
(1.81299 -0.085682 0)
(1.81244 -0.0835627 0)
(1.81194 -0.0820286 0)
(1.81164 -0.0792982 0)
(1.8118 -0.074937 0)
(1.81162 -0.0707741 0)
(1.81115 -0.0685046 0)
(1.81069 -0.0671051 0)
(1.81029 -0.0664503 0)
(1.81015 -0.0660482 0)
(1.81058 -0.0652722 0)
(1.8112 -0.0646703 0)
(1.81179 -0.0640694 0)
(1.81275 -0.0633183 0)
(1.81369 -0.0626047 0)
(1.81436 -0.0621205 0)
(1.81512 -0.0612742 0)
(1.8159 -0.0602215 0)
(1.81644 -0.0596402 0)
(1.81736 -0.058901 0)
(1.81834 -0.0578686 0)
(1.81915 -0.0574895 0)
(1.82013 -0.057018 0)
(1.8215 -0.055629 0)
(1.82264 -0.0546238 0)
(1.82343 -0.0541778 0)
(1.82375 -0.0524656 0)
(1.82233 -0.048964 0)
(1.81929 -0.0448204 0)
(1.8073 -0.0323595 0)
(1.78499 -0.0148094 0)
(1.74904 0.0119837 0)
(1.70746 0.0518228 0)
(1.68455 0.0655625 0)
(1.67316 0.068843 0)
(1.67054 0.073914 0)
(1.66901 0.0768433 0)
(1.66703 0.0814127 0)
(1.66661 0.0876877 0)
(1.6667 0.0921668 0)
(1.66998 0.0954947 0)
(1.99064 0.115205 0)
(1.99699 0.117022 0)
(2.00332 0.119156 0)
(2.00982 0.119617 0)
(2.01751 0.119504 0)
(2.0255 0.118418 0)
(2.03473 0.116271 0)
(2.04348 0.113707 0)
(2.05236 0.111314 0)
(2.06246 0.106832 0)
(2.07064 0.102559 0)
(2.08008 0.0990076 0)
(2.08759 0.0957548 0)
(2.0916 0.0921537 0)
(2.09473 0.0875664 0)
(2.09551 0.0832257 0)
(2.09148 0.0788033 0)
(2.07898 0.067062 0)
(2.06031 0.0547161 0)
(2.04511 0.047 0)
(2.03793 0.0375022 0)
(2.03778 0.029458 0)
(2.04168 0.0224427 0)
(2.0439 0.014129 0)
(2.04243 0.00793477 0)
(2.0441 0.00219568 0)
(2.04274 -0.00482169 0)
(2.03893 -0.0116066 0)
(2.03974 -0.0183311 0)
(2.03804 -0.025346 0)
(2.03536 -0.031779 0)
(2.03643 -0.0399078 0)
(2.03479 -0.0454693 0)
(2.03288 -0.0503289 0)
(2.03423 -0.0579513 0)
(2.03314 -0.0645105 0)
(2.03136 -0.067903 0)
(2.03363 -0.075063 0)
(2.03395 -0.0827936 0)
(2.03143 -0.0876959 0)
(2.02933 -0.0933917 0)
(2.02493 -0.0968657 0)
(2.01904 -0.100263 0)
(2.0168 -0.104696 0)
(2.01332 -0.108494 0)
(2.0073 -0.11063 0)
(2.0015 -0.112075 0)
(1.99602 -0.114716 0)
(1.99033 -0.117513 0)
(1.98341 -0.118882 0)
(1.97709 -0.119366 0)
(1.97105 -0.119229 0)
(1.96484 -0.11895 0)
(1.95862 -0.117609 0)
(1.95267 -0.115746 0)
(1.9472 -0.114889 0)
(1.94246 -0.1138 0)
(1.93889 -0.112267 0)
(1.93505 -0.111128 0)
(1.93128 -0.110135 0)
(1.92753 -0.108653 0)
(1.92317 -0.106837 0)
(1.91877 -0.104708 0)
(1.91656 -0.103072 0)
(1.91367 -0.101354 0)
(1.91073 -0.0991605 0)
(1.90909 -0.0971805 0)
(1.90762 -0.0955308 0)
(1.90543 -0.093077 0)
(1.90397 -0.0903192 0)
(1.90324 -0.0888325 0)
(1.90275 -0.086481 0)
(1.90151 -0.0830853 0)
(1.90124 -0.0808178 0)
(1.90121 -0.078869 0)
(1.90024 -0.0763278 0)
(1.89952 -0.0736204 0)
(1.89965 -0.0723403 0)
(1.89797 -0.0700223 0)
(1.89612 -0.0680305 0)
(1.89322 -0.0670644 0)
(1.88678 -0.068198 0)
(1.87456 -0.0750795 0)
(1.85902 -0.078667 0)
(1.84005 -0.0876535 0)
(1.82838 -0.096488 0)
(1.82127 -0.0958746 0)
(1.81799 -0.0950411 0)
(1.817 -0.0933218 0)
(1.81656 -0.0905894 0)
(1.81649 -0.0869537 0)
(1.81645 -0.0828482 0)
(1.81583 -0.080396 0)
(1.8149 -0.0791465 0)
(1.81407 -0.076818 0)
(1.81371 -0.072977 0)
(1.8134 -0.0693464 0)
(1.81311 -0.0670275 0)
(1.81294 -0.065867 0)
(1.81297 -0.0656974 0)
(1.81315 -0.0657345 0)
(1.81365 -0.0653459 0)
(1.81424 -0.0648854 0)
(1.81474 -0.0642581 0)
(1.81564 -0.0635421 0)
(1.81643 -0.0627663 0)
(1.81707 -0.0620801 0)
(1.818 -0.0609914 0)
(1.81863 -0.0599437 0)
(1.81925 -0.0598217 0)
(1.82012 -0.0593815 0)
(1.82124 -0.05812 0)
(1.82205 -0.0573907 0)
(1.8228 -0.0569872 0)
(1.82396 -0.0556352 0)
(1.82502 -0.0542297 0)
(1.82599 -0.0534858 0)
(1.82693 -0.0528189 0)
(1.82747 -0.051074 0)
(1.82671 -0.0484219 0)
(1.82428 -0.0442229 0)
(1.81602 -0.035807 0)
(1.79592 -0.0203905 0)
(1.75584 0.0185579 0)
(1.7211 0.0429233 0)
(1.69654 0.0601675 0)
(1.67834 0.0769295 0)
(1.66845 0.0828672 0)
(1.66644 0.0880606 0)
(1.66689 0.0919189 0)
(1.66853 0.0927581 0)
(1.67216 0.0956047 0)
(1.99311 0.109713 0)
(1.99827 0.112232 0)
(2.00302 0.113238 0)
(2.00949 0.113399 0)
(2.01623 0.113092 0)
(2.02328 0.111873 0)
(2.0318 0.109415 0)
(2.0395 0.107282 0)
(2.04878 0.104203 0)
(2.05779 0.100484 0)
(2.06681 0.0963383 0)
(2.07623 0.0929974 0)
(2.08148 0.0899632 0)
(2.08531 0.0872679 0)
(2.08751 0.0831045 0)
(2.08682 0.0800162 0)
(2.07987 0.0736791 0)
(2.06369 0.0611459 0)
(2.04302 0.0531139 0)
(2.03065 0.0451351 0)
(2.02756 0.0368303 0)
(2.02878 0.0293376 0)
(2.03323 0.0219932 0)
(2.03422 0.0150955 0)
(2.03301 0.00987836 0)
(2.03465 0.00462531 0)
(2.03356 -0.00196906 0)
(2.03004 -0.0087924 0)
(2.03094 -0.0159811 0)
(2.02914 -0.0225402 0)
(2.02695 -0.0287807 0)
(2.02765 -0.0364978 0)
(2.02568 -0.0406821 0)
(2.02369 -0.0446114 0)
(2.02494 -0.0512506 0)
(2.02519 -0.0589491 0)
(2.02409 -0.0627377 0)
(2.02344 -0.0664752 0)
(2.02386 -0.0737125 0)
(2.02361 -0.080579 0)
(2.02202 -0.0850212 0)
(2.0192 -0.0884857 0)
(2.01492 -0.0908357 0)
(2.01022 -0.0941804 0)
(2.00793 -0.0980156 0)
(2.00333 -0.101509 0)
(1.99818 -0.103745 0)
(1.99235 -0.105007 0)
(1.98619 -0.107559 0)
(1.98064 -0.109685 0)
(1.97503 -0.1103 0)
(1.97021 -0.110746 0)
(1.96567 -0.110934 0)
(1.96108 -0.110314 0)
(1.9561 -0.109556 0)
(1.95129 -0.109191 0)
(1.94668 -0.108103 0)
(1.94158 -0.106514 0)
(1.93646 -0.105295 0)
(1.93127 -0.104238 0)
(1.92885 -0.102844 0)
(1.92602 -0.101629 0)
(1.92295 -0.100756 0)
(1.92051 -0.0994298 0)
(1.91746 -0.0976373 0)
(1.91435 -0.095252 0)
(1.91275 -0.0936738 0)
(1.91067 -0.0918102 0)
(1.90859 -0.0891755 0)
(1.90745 -0.0867886 0)
(1.907 -0.0854279 0)
(1.90645 -0.0828423 0)
(1.90566 -0.0797513 0)
(1.90556 -0.0784276 0)
(1.90525 -0.0767201 0)
(1.90398 -0.0744833 0)
(1.90346 -0.0725757 0)
(1.90255 -0.0708239 0)
(1.90051 -0.0685538 0)
(1.89754 -0.0674563 0)
(1.89141 -0.0682484 0)
(1.87913 -0.074369 0)
(1.86305 -0.080564 0)
(1.84471 -0.0881834 0)
(1.83222 -0.095881 0)
(1.82529 -0.0953657 0)
(1.82163 -0.094689 0)
(1.82038 -0.0935879 0)
(1.81946 -0.0917465 0)
(1.81894 -0.0889984 0)
(1.81951 -0.0845194 0)
(1.81949 -0.0798918 0)
(1.81876 -0.077096 0)
(1.81761 -0.0758304 0)
(1.81625 -0.0741543 0)
(1.81537 -0.0713292 0)
(1.81496 -0.068522 0)
(1.81492 -0.066572 0)
(1.81523 -0.0655887 0)
(1.81571 -0.0654439 0)
(1.81616 -0.065476 0)
(1.81669 -0.0652286 0)
(1.81723 -0.0649187 0)
(1.81764 -0.064362 0)
(1.81837 -0.0636504 0)
(1.81904 -0.0628381 0)
(1.81972 -0.0619939 0)
(1.82061 -0.0608143 0)
(1.82132 -0.0598982 0)
(1.82207 -0.0599706 0)
(1.82278 -0.0598226 0)
(1.82398 -0.0584085 0)
(1.82481 -0.0573456 0)
(1.82546 -0.0569822 0)
(1.82644 -0.0557228 0)
(1.8274 -0.054079 0)
(1.82827 -0.0529843 0)
(1.82925 -0.0522862 0)
(1.8302 -0.0513339 0)
(1.83125 -0.0498408 0)
(1.83087 -0.0476272 0)
(1.82939 -0.0442124 0)
(1.82337 -0.0382395 0)
(1.80376 -0.0183238 0)
(1.7747 0.00525558 0)
(1.73849 0.0346807 0)
(1.69639 0.0763992 0)
(1.67608 0.0852753 0)
(1.67001 0.0885725 0)
(1.67085 0.0909464 0)
(1.67191 0.093527 0)
(1.67158 0.0989925 0)
(1.99563 0.105113 0)
(1.99926 0.107141 0)
(2.00427 0.107608 0)
(2.01002 0.107629 0)
(2.01574 0.107184 0)
(2.02206 0.10569 0)
(2.02987 0.103322 0)
(2.03718 0.101044 0)
(2.04624 0.0980619 0)
(2.0546 0.0952526 0)
(2.06462 0.09157 0)
(2.07226 0.0883892 0)
(2.0763 0.0864869 0)
(2.07961 0.0835437 0)
(2.08089 0.0799706 0)
(2.07841 0.0761373 0)
(2.06795 0.0666735 0)
(2.0482 0.0571085 0)
(2.02664 0.05161 0)
(2.0187 0.0420186 0)
(2.01865 0.0340152 0)
(2.02065 0.027121 0)
(2.02455 0.0203734 0)
(2.02444 0.0161647 0)
(2.02393 0.0115678 0)
(2.02562 0.00611924 0)
(2.02416 0.000310773 0)
(2.02168 -0.00643282 0)
(2.02257 -0.0135938 0)
(2.02011 -0.0195843 0)
(2.01936 -0.0262147 0)
(2.0195 -0.0334233 0)
(2.01721 -0.0363001 0)
(2.01502 -0.0398855 0)
(2.01607 -0.0467363 0)
(2.0157 -0.0531365 0)
(2.01563 -0.0572962 0)
(2.01674 -0.0619988 0)
(2.01709 -0.0678808 0)
(2.01589 -0.0731551 0)
(2.01377 -0.0760887 0)
(2.01115 -0.0789 0)
(2.00993 -0.082444 0)
(2.00746 -0.0861337 0)
(2.00424 -0.0895535 0)
(2.00057 -0.0927024 0)
(1.99639 -0.0953232 0)
(1.99176 -0.0978999 0)
(1.98651 -0.100769 0)
(1.98084 -0.102432 0)
(1.97498 -0.102829 0)
(1.96974 -0.102846 0)
(1.96472 -0.102348 0)
(1.95986 -0.10149 0)
(1.95529 -0.101245 0)
(1.95084 -0.101578 0)
(1.94679 -0.101184 0)
(1.94311 -0.100566 0)
(1.93945 -0.100329 0)
(1.93557 -0.0998159 0)
(1.93148 -0.0983452 0)
(1.92739 -0.0968762 0)
(1.9244 -0.0956004 0)
(1.92258 -0.0947981 0)
(1.91995 -0.0932804 0)
(1.91785 -0.0915572 0)
(1.91632 -0.0903768 0)
(1.91439 -0.0886127 0)
(1.91285 -0.0863873 0)
(1.91189 -0.0845221 0)
(1.91153 -0.0829726 0)
(1.91096 -0.0800965 0)
(1.90997 -0.0771756 0)
(1.9096 -0.0758023 0)
(1.90865 -0.0738847 0)
(1.90713 -0.0720852 0)
(1.90577 -0.0697802 0)
(1.90433 -0.0681327 0)
(1.90117 -0.067844 0)
(1.89548 -0.0684842 0)
(1.88412 -0.0728008 0)
(1.867 -0.0807773 0)
(1.84851 -0.0906823 0)
(1.83645 -0.0962081 0)
(1.8288 -0.0940913 0)
(1.82553 -0.0932652 0)
(1.82417 -0.0922606 0)
(1.82296 -0.0907624 0)
(1.82195 -0.0891217 0)
(1.82169 -0.0865556 0)
(1.82205 -0.0822986 0)
(1.82204 -0.0774386 0)
(1.82124 -0.0740945 0)
(1.81988 -0.0726862 0)
(1.81824 -0.0715782 0)
(1.8171 -0.0697832 0)
(1.81667 -0.0680026 0)
(1.81691 -0.0667608 0)
(1.81752 -0.0660221 0)
(1.81828 -0.0656508 0)
(1.81898 -0.0654039 0)
(1.81957 -0.0651701 0)
(1.82006 -0.0649239 0)
(1.82046 -0.0644133 0)
(1.82111 -0.0636788 0)
(1.82164 -0.0628336 0)
(1.8223 -0.0620252 0)
(1.82322 -0.0609736 0)
(1.82406 -0.0601431 0)
(1.82491 -0.0601845 0)
(1.8255 -0.0602303 0)
(1.82663 -0.0588951 0)
(1.82748 -0.0574352 0)
(1.82808 -0.0569989 0)
(1.8288 -0.0559929 0)
(1.82976 -0.0542284 0)
(1.83048 -0.0528864 0)
(1.83135 -0.0519501 0)
(1.8322 -0.0512556 0)
(1.83349 -0.0498411 0)
(1.83477 -0.0486714 0)
(1.83483 -0.0468686 0)
(1.83423 -0.0443812 0)
(1.82933 -0.0380181 0)
(1.81646 -0.0251473 0)
(1.78906 -0.00225947 0)
(1.74135 0.0448613 0)
(1.70703 0.0683556 0)
(1.68766 0.0821376 0)
(1.67547 0.0906338 0)
(1.67287 0.0994403 0)
(1.66927 0.103933 0)
(1.99683 0.10056 0)
(1.99975 0.10123 0)
(2.00425 0.101653 0)
(2.00904 0.101628 0)
(2.01419 0.100778 0)
(2.0206 0.0992042 0)
(2.0281 0.0968968 0)
(2.03526 0.0944096 0)
(2.04371 0.0924997 0)
(2.0525 0.0902711 0)
(2.06234 0.0874812 0)
(2.0678 0.085005 0)
(2.07156 0.0834752 0)
(2.07412 0.080335 0)
(2.0746 0.0773862 0)
(2.06986 0.0719105 0)
(2.0563 0.0626394 0)
(2.03322 0.0566176 0)
(2.01271 0.0500531 0)
(2.00955 0.0401112 0)
(2.01049 0.0327985 0)
(2.01316 0.0269986 0)
(2.01562 0.0210378 0)
(2.01492 0.0179489 0)
(2.01559 0.0126152 0)
(2.01717 0.00644612 0)
(2.01531 0.00151503 0)
(2.01378 -0.00515501 0)
(2.01482 -0.012008 0)
(2.01295 -0.017945 0)
(2.01251 -0.024125 0)
(2.01167 -0.029765 0)
(2.00889 -0.0318483 0)
(2.00775 -0.0364948 0)
(2.00911 -0.0440082 0)
(2.00837 -0.0493427 0)
(2.00794 -0.0521236 0)
(2.00834 -0.0559269 0)
(2.00968 -0.0610644 0)
(2.01 -0.0664796 0)
(2.00872 -0.0699782 0)
(2.00697 -0.0716341 0)
(2.00465 -0.0738885 0)
(2.00277 -0.0773728 0)
(2.00016 -0.0810814 0)
(1.997 -0.0842684 0)
(1.99322 -0.0865969 0)
(1.9885 -0.0881557 0)
(1.98267 -0.0903798 0)
(1.97895 -0.0933931 0)
(1.97451 -0.0950476 0)
(1.97014 -0.0957103 0)
(1.96604 -0.0955834 0)
(1.96179 -0.0953127 0)
(1.95762 -0.0956897 0)
(1.95333 -0.0961959 0)
(1.94835 -0.0958232 0)
(1.94342 -0.0953229 0)
(1.93933 -0.0950642 0)
(1.93676 -0.0941089 0)
(1.93397 -0.0933177 0)
(1.93094 -0.0929904 0)
(1.92805 -0.0920202 0)
(1.92502 -0.0904086 0)
(1.92244 -0.0884965 0)
(1.92083 -0.0875664 0)
(1.9192 -0.0866051 0)
(1.91741 -0.0848385 0)
(1.916 -0.0825122 0)
(1.91529 -0.080802 0)
(1.9151 -0.0790506 0)
(1.91404 -0.0760974 0)
(1.91343 -0.0740274 0)
(1.91301 -0.0730514 0)
(1.91196 -0.0714555 0)
(1.91005 -0.0695632 0)
(1.90837 -0.0685216 0)
(1.90534 -0.0679974 0)
(1.89956 -0.0689413 0)
(1.88859 -0.0734229 0)
(1.8729 -0.0775569 0)
(1.85266 -0.0899522 0)
(1.83956 -0.0988101 0)
(1.83146 -0.0958387 0)
(1.82822 -0.0933649 0)
(1.82738 -0.0914833 0)
(1.82638 -0.0895169 0)
(1.8255 -0.0874171 0)
(1.82472 -0.0859442 0)
(1.82399 -0.0842543 0)
(1.82387 -0.0805858 0)
(1.82366 -0.0758107 0)
(1.82289 -0.0719925 0)
(1.82175 -0.0698902 0)
(1.8204 -0.0689576 0)
(1.81929 -0.0683823 0)
(1.81898 -0.0677534 0)
(1.81943 -0.0671853 0)
(1.82004 -0.0666437 0)
(1.82081 -0.0661028 0)
(1.82159 -0.0657018 0)
(1.82219 -0.0653215 0)
(1.82268 -0.0650425 0)
(1.82316 -0.0644563 0)
(1.82371 -0.0635482 0)
(1.82417 -0.0628832 0)
(1.82489 -0.0622667 0)
(1.82585 -0.0614253 0)
(1.82679 -0.060572 0)
(1.82772 -0.0604035 0)
(1.82839 -0.0604868 0)
(1.82927 -0.0594596 0)
(1.83015 -0.057735 0)
(1.83071 -0.0569552 0)
(1.83118 -0.0563189 0)
(1.8321 -0.0546232 0)
(1.8329 -0.0528085 0)
(1.83345 -0.0519778 0)
(1.83415 -0.0512129 0)
(1.83554 -0.0498022 0)
(1.83678 -0.0483184 0)
(1.83791 -0.0479034 0)
(1.83928 -0.0467589 0)
(1.83874 -0.0442635 0)
(1.83543 -0.0385881 0)
(1.82589 -0.028674 0)
(1.79703 0.00161174 0)
(1.76468 0.0268952 0)
(1.7209 0.0642912 0)
(1.68778 0.0927881 0)
(1.67371 0.102046 0)
(1.67094 0.105596 0)
(1.99588 0.0952697 0)
(1.99977 0.0960917 0)
(2.00407 0.0963419 0)
(2.00914 0.0961505 0)
(2.01486 0.0954354 0)
(2.02102 0.0941891 0)
(2.02807 0.0913912 0)
(2.03431 0.0896887 0)
(2.04213 0.0885605 0)
(2.05152 0.086353 0)
(2.05971 0.0842539 0)
(2.06372 0.0830065 0)
(2.06714 0.0811839 0)
(2.06903 0.0778655 0)
(2.06828 0.0745931 0)
(2.06076 0.0668525 0)
(2.04377 0.0590432 0)
(2.01942 0.0560766 0)
(2.00193 0.0478644 0)
(2.00129 0.0373182 0)
(2.00174 0.0307966 0)
(2.00459 0.0259125 0)
(2.0063 0.0212914 0)
(2.00613 0.0187479 0)
(2.00778 0.0138938 0)
(2.0089 0.00791039 0)
(2.00673 0.00301275 0)
(2.00621 -0.00405946 0)
(2.00752 -0.0107823 0)
(2.0057 -0.015599 0)
(2.00501 -0.020689 0)
(2.00384 -0.0254176 0)
(2.00107 -0.0280956 0)
(2.00056 -0.0336045 0)
(2.00198 -0.0406224 0)
(2.00154 -0.0450047 0)
(2.00199 -0.0479093 0)
(2.00276 -0.0509378 0)
(2.00261 -0.0541282 0)
(2.00294 -0.0581991 0)
(2.0029 -0.0619259 0)
(2.00232 -0.0646037 0)
(2.00154 -0.0676653 0)
(2.00022 -0.0713868 0)
(1.99749 -0.0742955 0)
(1.99392 -0.0762991 0)
(1.99025 -0.0786769 0)
(1.98651 -0.0815909 0)
(1.98239 -0.0840431 0)
(1.97827 -0.0857029 0)
(1.97373 -0.0870206 0)
(1.96902 -0.088054 0)
(1.96429 -0.0886804 0)
(1.95972 -0.0892053 0)
(1.95554 -0.0899236 0)
(1.95176 -0.0904181 0)
(1.94839 -0.090658 0)
(1.94505 -0.0908317 0)
(1.94147 -0.0905277 0)
(1.93744 -0.0894567 0)
(1.93382 -0.0883033 0)
(1.93203 -0.0876437 0)
(1.93016 -0.0870933 0)
(1.92789 -0.08635 0)
(1.92589 -0.0853084 0)
(1.92433 -0.0845027 0)
(1.92231 -0.0830755 0)
(1.92068 -0.0810203 0)
(1.91977 -0.0795727 0)
(1.91917 -0.0783516 0)
(1.91905 -0.076183 0)
(1.91771 -0.0733092 0)
(1.91693 -0.0717214 0)
(1.91609 -0.0706769 0)
(1.91425 -0.0685361 0)
(1.91256 -0.0672899 0)
(1.90975 -0.0669851 0)
(1.90416 -0.0681396 0)
(1.8935 -0.0740047 0)
(1.87828 -0.077209 0)
(1.85843 -0.0859128 0)
(1.84357 -0.0978131 0)
(1.83462 -0.0971696 0)
(1.83013 -0.0956487 0)
(1.82956 -0.0930191 0)
(1.82885 -0.0902809 0)
(1.82855 -0.0871021 0)
(1.82813 -0.0841037 0)
(1.8273 -0.0826351 0)
(1.82629 -0.08121 0)
(1.82544 -0.0782031 0)
(1.82466 -0.0741749 0)
(1.82383 -0.0706096 0)
(1.82298 -0.068447 0)
(1.82221 -0.067677 0)
(1.82179 -0.0677074 0)
(1.82184 -0.0678473 0)
(1.82218 -0.0677475 0)
(1.82262 -0.0672768 0)
(1.82328 -0.0667402 0)
(1.82404 -0.0661745 0)
(1.82457 -0.0656909 0)
(1.82505 -0.0652379 0)
(1.82559 -0.0644703 0)
(1.82603 -0.0637051 0)
(1.82659 -0.0633177 0)
(1.82738 -0.0629245 0)
(1.82842 -0.062149 0)
(1.82945 -0.0612611 0)
(1.83041 -0.0609512 0)
(1.83114 -0.0609363 0)
(1.83179 -0.0600783 0)
(1.83254 -0.0583238 0)
(1.83305 -0.0571114 0)
(1.83347 -0.0566231 0)
(1.83407 -0.0552889 0)
(1.83504 -0.0532122 0)
(1.83556 -0.0521603 0)
(1.83619 -0.0515122 0)
(1.83763 -0.0502776 0)
(1.83899 -0.048493 0)
(1.84013 -0.0478445 0)
(1.8414 -0.0474379 0)
(1.84349 -0.0462226 0)
(1.84275 -0.0432908 0)
(1.84104 -0.0386444 0)
(1.83267 -0.0277609 0)
(1.8144 -0.00949512 0)
(1.77704 0.0225976 0)
(1.72535 0.0684632 0)
(1.69905 0.0880729 0)
(1.67646 0.102469 0)
(1.99636 0.0908385 0)
(2.00009 0.0915416 0)
(2.00439 0.0915781 0)
(2.00931 0.0909985 0)
(2.01499 0.0903637 0)
(2.02111 0.0892357 0)
(2.02784 0.0867091 0)
(2.03339 0.0861495 0)
(2.0412 0.0851679 0)
(2.05073 0.083415 0)
(2.05679 0.0818899 0)
(2.06031 0.0811281 0)
(2.06304 0.0786117 0)
(2.06436 0.0759091 0)
(2.06208 0.0723748 0)
(2.05173 0.0638077 0)
(2.03088 0.0580924 0)
(2.00702 0.0563222 0)
(1.99329 0.0472114 0)
(1.99378 0.0365094 0)
(1.99387 0.0308996 0)
(1.99551 0.0267078 0)
(1.99767 0.0221563 0)
(1.99764 0.019234 0)
(1.99985 0.0145773 0)
(2.00143 0.00886243 0)
(1.99978 0.00375516 0)
(1.99956 -0.00294711 0)
(2.00086 -0.00885237 0)
(1.99915 -0.0128759 0)
(1.99808 -0.0169003 0)
(1.99751 -0.0215671 0)
(1.99499 -0.0251919 0)
(1.99482 -0.0309157 0)
(1.99588 -0.0371732 0)
(1.99521 -0.0396344 0)
(1.99594 -0.0419913 0)
(1.99768 -0.0452545 0)
(1.9981 -0.048616 0)
(1.99863 -0.0525315 0)
(1.99825 -0.0555139 0)
(1.99727 -0.0569763 0)
(1.99605 -0.0594754 0)
(1.99466 -0.0635246 0)
(1.99298 -0.0675274 0)
(1.99074 -0.0700994 0)
(1.98799 -0.0721231 0)
(1.98439 -0.0743888 0)
(1.97994 -0.0764897 0)
(1.97543 -0.0784766 0)
(1.97127 -0.0805566 0)
(1.96739 -0.0821291 0)
(1.96367 -0.0830533 0)
(1.95988 -0.083803 0)
(1.95573 -0.0844834 0)
(1.95136 -0.0848986 0)
(1.94758 -0.0853517 0)
(1.94456 -0.085608 0)
(1.94212 -0.0854151 0)
(1.9394 -0.0851472 0)
(1.93658 -0.0846207 0)
(1.93369 -0.0835062 0)
(1.93082 -0.0821789 0)
(1.92891 -0.0811463 0)
(1.92744 -0.0806136 0)
(1.92612 -0.0802048 0)
(1.92481 -0.079253 0)
(1.92353 -0.0773756 0)
(1.9229 -0.0759434 0)
(1.92233 -0.0742368 0)
(1.92085 -0.0714965 0)
(1.92018 -0.0697262 0)
(1.91957 -0.069112 0)
(1.9182 -0.0679116 0)
(1.91649 -0.0667964 0)
(1.91391 -0.0661045 0)
(1.90906 -0.0662991 0)
(1.89859 -0.0720553 0)
(1.88357 -0.076864 0)
(1.86417 -0.0835083 0)
(1.84808 -0.0948844 0)
(1.83871 -0.0960931 0)
(1.83343 -0.0952753 0)
(1.83184 -0.0939375 0)
(1.83086 -0.0918583 0)
(1.83071 -0.0888063 0)
(1.83119 -0.0846655 0)
(1.83093 -0.0809782 0)
(1.83002 -0.0788257 0)
(1.82846 -0.0776555 0)
(1.82659 -0.0758812 0)
(1.82522 -0.0728998 0)
(1.82444 -0.0699852 0)
(1.82415 -0.0681871 0)
(1.82421 -0.0676128 0)
(1.8244 -0.0677521 0)
(1.82463 -0.0679804 0)
(1.82487 -0.0679566 0)
(1.82513 -0.0676708 0)
(1.82558 -0.0672586 0)
(1.82619 -0.0667692 0)
(1.82665 -0.066265 0)
(1.82714 -0.0656636 0)
(1.82763 -0.0649715 0)
(1.82819 -0.064486 0)
(1.82892 -0.0643411 0)
(1.82971 -0.0641165 0)
(1.83066 -0.0633614 0)
(1.83157 -0.0623719 0)
(1.83238 -0.0619735 0)
(1.83308 -0.0618116 0)
(1.83386 -0.0607587 0)
(1.83456 -0.0589419 0)
(1.83502 -0.0576506 0)
(1.83545 -0.0571107 0)
(1.83587 -0.0559057 0)
(1.83695 -0.053973 0)
(1.83772 -0.0526629 0)
(1.83845 -0.0521754 0)
(1.83972 -0.0510986 0)
(1.84122 -0.0493887 0)
(1.84241 -0.0482459 0)
(1.84374 -0.0476466 0)
(1.845 -0.0466685 0)
(1.84645 -0.0443842 0)
(1.84669 -0.042113 0)
(1.84498 -0.0374543 0)
(1.84068 -0.0306559 0)
(1.82291 -0.0119295 0)
(1.79023 0.0154252 0)
(1.74427 0.0564489 0)
(1.69305 0.0914874 0)
(1.99693 0.088007 0)
(2.00061 0.0885428 0)
(2.00486 0.0879986 0)
(2.00985 0.0870991 0)
(2.01551 0.0863307 0)
(2.02151 0.0852999 0)
(2.0276 0.0835066 0)
(2.03274 0.0833177 0)
(2.04073 0.082097 0)
(2.04954 0.0808127 0)
(2.05399 0.0798887 0)
(2.0574 0.0792522 0)
(2.05938 0.0761925 0)
(2.0599 0.0734526 0)
(2.05586 0.0694765 0)
(2.04251 0.0612317 0)
(2.01821 0.056809 0)
(1.99554 0.0537215 0)
(1.9853 0.0448807 0)
(1.98598 0.0360739 0)
(1.98665 0.0304974 0)
(1.98669 0.0271708 0)
(1.98951 0.0231083 0)
(1.99013 0.0197672 0)
(1.99173 0.015423 0)
(1.99401 0.0102768 0)
(1.99366 0.00486128 0)
(1.99289 -0.000635916 0)
(1.99388 -0.00551569 0)
(1.99284 -0.00994876 0)
(1.991 -0.0131565 0)
(1.98958 -0.0173913 0)
(1.98888 -0.0223387 0)
(1.99004 -0.0278164 0)
(1.99047 -0.0330539 0)
(1.99014 -0.0346402 0)
(1.99048 -0.0357196 0)
(1.99128 -0.0382463 0)
(1.99216 -0.0415988 0)
(1.99354 -0.0455787 0)
(1.99435 -0.0498096 0)
(1.99387 -0.0522262 0)
(1.9931 -0.0548056 0)
(1.99134 -0.0582569 0)
(1.98861 -0.0616902 0)
(1.98563 -0.0641941 0)
(1.98281 -0.0661501 0)
(1.98018 -0.0685508 0)
(1.97733 -0.0710342 0)
(1.97393 -0.0731337 0)
(1.9699 -0.0750418 0)
(1.96521 -0.0764476 0)
(1.96062 -0.0772547 0)
(1.95684 -0.0780452 0)
(1.95408 -0.0791519 0)
(1.95142 -0.080215 0)
(1.94853 -0.0808768 0)
(1.94515 -0.0807843 0)
(1.94149 -0.0802206 0)
(1.93846 -0.0796745 0)
(1.93709 -0.0793922 0)
(1.93522 -0.0791536 0)
(1.93329 -0.078808 0)
(1.93167 -0.0782763 0)
(1.93014 -0.0776438 0)
(1.92836 -0.0764471 0)
(1.92699 -0.074857 0)
(1.92609 -0.0736835 0)
(1.92577 -0.0727115 0)
(1.92518 -0.0705432 0)
(1.92425 -0.0683436 0)
(1.92354 -0.0677164 0)
(1.92212 -0.0669702 0)
(1.91998 -0.0657319 0)
(1.91734 -0.0648093 0)
(1.91295 -0.0646981 0)
(1.9032 -0.0693258 0)
(1.88827 -0.075575 0)
(1.86894 -0.0830231 0)
(1.85258 -0.0934126 0)
(1.8429 -0.0948442 0)
(1.83737 -0.0940182 0)
(1.83538 -0.0929816 0)
(1.83388 -0.091435 0)
(1.83278 -0.0896952 0)
(1.8324 -0.0871238 0)
(1.83291 -0.0828722 0)
(1.8328 -0.0782902 0)
(1.83177 -0.0755216 0)
(1.82997 -0.0742945 0)
(1.8278 -0.0730135 0)
(1.8262 -0.0713 0)
(1.8255 -0.0700324 0)
(1.82561 -0.0691997 0)
(1.82604 -0.0686071 0)
(1.8263 -0.068565 0)
(1.82669 -0.0685212 0)
(1.82713 -0.0683933 0)
(1.82743 -0.068244 0)
(1.82776 -0.0679714 0)
(1.82817 -0.067572 0)
(1.8286 -0.0670328 0)
(1.82903 -0.0664412 0)
(1.82955 -0.0661089 0)
(1.83033 -0.0658026 0)
(1.83108 -0.0655841 0)
(1.83171 -0.0653964 0)
(1.83259 -0.0646334 0)
(1.83355 -0.0634779 0)
(1.83435 -0.062795 0)
(1.835 -0.0625674 0)
(1.83561 -0.0616273 0)
(1.83634 -0.0597763 0)
(1.83687 -0.0583134 0)
(1.83741 -0.05762 0)
(1.83782 -0.056541 0)
(1.83894 -0.0549227 0)
(1.83996 -0.0534881 0)
(1.84087 -0.0529333 0)
(1.842 -0.0519917 0)
(1.84347 -0.0503937 0)
(1.84462 -0.0489362 0)
(1.84569 -0.0486046 0)
(1.84709 -0.0471684 0)
(1.84826 -0.0447994 0)
(1.84893 -0.0420398 0)
(1.85008 -0.0399652 0)
(1.84805 -0.0365494 0)
(1.84381 -0.0322679 0)
(1.83028 -0.021242 0)
(1.80084 0.00312721 0)
(1.73044 0.0498556 0)
(1.9973 0.0854471 0)
(2.00141 0.085804 0)
(2.00598 0.0848763 0)
(2.01075 0.0835053 0)
(2.01617 0.0826707 0)
(2.02181 0.0816222 0)
(2.02674 0.0801533 0)
(2.0319 0.0800509 0)
(2.04013 0.0787499 0)
(2.04767 0.0780358 0)
(2.05119 0.077633 0)
(2.05447 0.0767389 0)
(2.05601 0.0735743 0)
(2.05582 0.0715045 0)
(2.05005 0.0679953 0)
(2.03382 0.0610292 0)
(2.00691 0.0572554 0)
(1.98533 0.0518582 0)
(1.97744 0.0437502 0)
(1.97799 0.0372597 0)
(1.97914 0.0313896 0)
(1.97865 0.0286675 0)
(1.98146 0.0246389 0)
(1.98334 0.0202511 0)
(1.98425 0.0161568 0)
(1.98659 0.0113195 0)
(1.98756 0.00584224 0)
(1.98623 0.00210415 0)
(1.98656 -0.00220459 0)
(1.98606 -0.00651746 0)
(1.98388 -0.00996736 0)
(1.9831 -0.0146764 0)
(1.98368 -0.0190045 0)
(1.98477 -0.0234158 0)
(1.98523 -0.0275995 0)
(1.9854 -0.0290993 0)
(1.98618 -0.0307519 0)
(1.98759 -0.0338319 0)
(1.98809 -0.036788 0)
(1.98869 -0.0402142 0)
(1.98884 -0.0440062 0)
(1.98819 -0.0465381 0)
(1.9875 -0.0492444 0)
(1.98686 -0.0529315 0)
(1.98531 -0.0568104 0)
(1.98289 -0.0597619 0)
(1.97992 -0.0615567 0)
(1.97652 -0.0634522 0)
(1.973 -0.0658008 0)
(1.96964 -0.0678936 0)
(1.96649 -0.0695691 0)
(1.96324 -0.0709947 0)
(1.95965 -0.0720635 0)
(1.95579 -0.0726885 0)
(1.95223 -0.0734445 0)
(1.94945 -0.0745377 0)
(1.94736 -0.0753875 0)
(1.94532 -0.0757754 0)
(1.943 -0.0759939 0)
(1.94025 -0.0757766 0)
(1.93708 -0.0748598 0)
(1.93522 -0.0741693 0)
(1.93369 -0.0738078 0)
(1.93241 -0.0736192 0)
(1.93131 -0.0735614 0)
(1.93034 -0.0728986 0)
(1.92955 -0.0716906 0)
(1.9291 -0.0707623 0)
(1.92789 -0.0687696 0)
(1.92661 -0.0660716 0)
(1.92599 -0.0646475 0)
(1.92491 -0.0639169 0)
(1.92324 -0.0633538 0)
(1.92066 -0.0635695 0)
(1.9164 -0.0643168 0)
(1.90786 -0.0680084 0)
(1.89355 -0.0731972 0)
(1.87385 -0.0813928 0)
(1.85619 -0.0933842 0)
(1.84656 -0.0942526 0)
(1.84075 -0.0931735 0)
(1.83897 -0.0920144 0)
(1.83741 -0.0903627 0)
(1.836 -0.0885951 0)
(1.83471 -0.0872736 0)
(1.83411 -0.084821 0)
(1.83413 -0.0806566 0)
(1.83357 -0.0765441 0)
(1.83243 -0.0735344 0)
(1.83083 -0.0715348 0)
(1.82911 -0.0707888 0)
(1.82789 -0.0708619 0)
(1.82735 -0.0707253 0)
(1.82706 -0.0705331 0)
(1.82717 -0.0700146 0)
(1.82798 -0.0695762 0)
(1.8287 -0.0693774 0)
(1.82926 -0.0692068 0)
(1.82962 -0.0690379 0)
(1.82988 -0.0688026 0)
(1.83012 -0.0686632 0)
(1.8305 -0.0683156 0)
(1.83093 -0.0677784 0)
(1.83145 -0.067718 0)
(1.83224 -0.0674043 0)
(1.83304 -0.0667382 0)
(1.83354 -0.0665753 0)
(1.8342 -0.066041 0)
(1.83538 -0.0648207 0)
(1.83625 -0.0639183 0)
(1.83682 -0.0634518 0)
(1.83738 -0.0622577 0)
(1.83816 -0.0603496 0)
(1.83877 -0.0590628 0)
(1.83932 -0.0583425 0)
(1.83993 -0.0571266 0)
(1.84124 -0.0555834 0)
(1.84223 -0.0543439 0)
(1.84324 -0.0538845 0)
(1.84429 -0.0529288 0)
(1.84579 -0.0512027 0)
(1.84685 -0.0496403 0)
(1.84779 -0.0493077 0)
(1.84871 -0.0480937 0)
(1.84991 -0.0453532 0)
(1.85098 -0.0423678 0)
(1.85092 -0.0404311 0)
(1.8502 -0.0385358 0)
(1.84745 -0.0383313 0)
(1.84305 -0.0372026 0)
(1.83063 -0.0378334 0)
(1.76656 -0.0115644 0)
(1.99832 0.0842388 0)
(2.0029 0.0837683 0)
(2.00719 0.0817588 0)
(2.01185 0.0802206 0)
(2.01674 0.0795462 0)
(2.02195 0.0786421 0)
(2.02617 0.0775184 0)
(2.03131 0.0774601 0)
(2.03932 0.0761891 0)
(2.04568 0.0756526 0)
(2.04874 0.075427 0)
(2.05118 0.0736654 0)
(2.05193 0.0702599 0)
(2.05083 0.0681949 0)
(2.04342 0.0642697 0)
(2.02504 0.0581749 0)
(1.99649 0.055655 0)
(1.97555 0.0497315 0)
(1.9696 0.0426333 0)
(1.97059 0.0373898 0)
(1.97203 0.0319171 0)
(1.97191 0.0297745 0)
(1.97446 0.0256871 0)
(1.97724 0.0206003 0)
(1.97799 0.0169485 0)
(1.98 0.0122037 0)
(1.98133 0.00731872 0)
(1.97999 0.00415152 0)
(1.98002 0.000361069 0)
(1.97982 -0.0036044 0)
(1.97789 -0.00750834 0)
(1.9779 -0.0123277 0)
(1.97949 -0.0163903 0)
(1.97996 -0.019923 0)
(1.97997 -0.0222228 0)
(1.98022 -0.0232185 0)
(1.98079 -0.0249887 0)
(1.98262 -0.0283623 0)
(1.98368 -0.0320138 0)
(1.98462 -0.0359778 0)
(1.98499 -0.0401176 0)
(1.98435 -0.0427211 0)
(1.98314 -0.0447827 0)
(1.98171 -0.0480253 0)
(1.98012 -0.0519295 0)
(1.97834 -0.0549065 0)
(1.97649 -0.0567158 0)
(1.97423 -0.0586021 0)
(1.97118 -0.0609499 0)
(1.96744 -0.0630649 0)
(1.96365 -0.0643885 0)
(1.96024 -0.0653837 0)
(1.95738 -0.0665709 0)
(1.95512 -0.0678608 0)
(1.95276 -0.0690401 0)
(1.95019 -0.0699043 0)
(1.94716 -0.0702783 0)
(1.94412 -0.0705204 0)
(1.94142 -0.0708609 0)
(1.9393 -0.0710453 0)
(1.93798 -0.0709853 0)
(1.93659 -0.0707853 0)
(1.93524 -0.0705535 0)
(1.9339 -0.0701319 0)
(1.93261 -0.0694095 0)
(1.93158 -0.0685265 0)
(1.931 -0.067733 0)
(1.9307 -0.0668728 0)
(1.93016 -0.0652354 0)
(1.92944 -0.0635669 0)
(1.92845 -0.0626356 0)
(1.92681 -0.0620854 0)
(1.92433 -0.0617197 0)
(1.92028 -0.0622176 0)
(1.91226 -0.0661505 0)
(1.89918 -0.0701532 0)
(1.87972 -0.0772576 0)
(1.85995 -0.0913122 0)
(1.84968 -0.0942617 0)
(1.84315 -0.0933299 0)
(1.84167 -0.0922165 0)
(1.84053 -0.0905442 0)
(1.83949 -0.0880671 0)
(1.83827 -0.0855758 0)
(1.83685 -0.084061 0)
(1.83546 -0.0824208 0)
(1.83434 -0.0796196 0)
(1.83345 -0.0758508 0)
(1.83246 -0.072349 0)
(1.83147 -0.0703983 0)
(1.83067 -0.0699061 0)
(1.82996 -0.0705622 0)
(1.8292 -0.0710416 0)
(1.82876 -0.0711112 0)
(1.82926 -0.0712559 0)
(1.82984 -0.0713698 0)
(1.83043 -0.0714057 0)
(1.83102 -0.0711109 0)
(1.83132 -0.070593 0)
(1.83154 -0.0704078 0)
(1.8319 -0.0703584 0)
(1.83243 -0.0698912 0)
(1.83292 -0.0692926 0)
(1.83343 -0.0693286 0)
(1.83405 -0.0690381 0)
(1.83485 -0.0681218 0)
(1.83551 -0.0673449 0)
(1.83615 -0.0668916 0)
(1.83703 -0.0661992 0)
(1.83815 -0.0648607 0)
(1.83871 -0.063913 0)
(1.83924 -0.0628604 0)
(1.84012 -0.0612029 0)
(1.84076 -0.0600451 0)
(1.84119 -0.0590406 0)
(1.84235 -0.0575237 0)
(1.84341 -0.0561731 0)
(1.8444 -0.0553252 0)
(1.8458 -0.0539738 0)
(1.8466 -0.0531535 0)
(1.84774 -0.0520299 0)
(1.84882 -0.0506315 0)
(1.84959 -0.0501627 0)
(1.85029 -0.0489038 0)
(1.85106 -0.0465367 0)
(1.85087 -0.0441717 0)
(1.84966 -0.0445964 0)
(1.84733 -0.0463043 0)
(1.84194 -0.0523749 0)
(1.83502 -0.0572154 0)
(1.82558 -0.0706867 0)
(1.79007 -0.0643756 0)
(1.99941 0.0812834 0)
(2.00362 0.0795617 0)
(2.00785 0.0780082 0)
(2.01239 0.07713 0)
(2.01673 0.0768065 0)
(2.02175 0.0759942 0)
(2.0254 0.0752882 0)
(2.03071 0.07537 0)
(2.03832 0.0740001 0)
(2.04402 0.0735058 0)
(2.04662 0.0729643 0)
(2.04847 0.0708217 0)
(2.04937 0.068129 0)
(2.04767 0.0662458 0)
(2.03888 0.0618226 0)
(2.01816 0.0568275 0)
(1.98809 0.0557161 0)
(1.96752 0.0482899 0)
(1.96281 0.0422676 0)
(1.96356 0.0379526 0)
(1.96541 0.0330137 0)
(1.96548 0.030919 0)
(1.96799 0.0269377 0)
(1.97138 0.0213671 0)
(1.97226 0.0177753 0)
(1.97436 0.013145 0)
(1.9754 0.00888827 0)
(1.97412 0.00596619 0)
(1.97384 0.00255317 0)
(1.97415 -0.000834331 0)
(1.97296 -0.0046984 0)
(1.97358 -0.00893322 0)
(1.9751 -0.0132199 0)
(1.97492 -0.0155412 0)
(1.97547 -0.017696 0)
(1.97598 -0.0189491 0)
(1.97657 -0.0206491 0)
(1.97817 -0.0241739 0)
(1.9789 -0.0277266 0)
(1.97944 -0.0312323 0)
(1.97992 -0.0352766 0)
(1.9797 -0.0382819 0)
(1.97916 -0.040748 0)
(1.97822 -0.043949 0)
(1.97653 -0.0474516 0)
(1.97434 -0.0500215 0)
(1.97199 -0.0515822 0)
(1.9695 -0.0533162 0)
(1.96703 -0.0557635 0)
(1.96468 -0.0581759 0)
(1.96211 -0.059783 0)
(1.95922 -0.0608014 0)
(1.95594 -0.0616384 0)
(1.95281 -0.0626908 0)
(1.95035 -0.0638828 0)
(1.94862 -0.0648744 0)
(1.94679 -0.0656304 0)
(1.94456 -0.0663442 0)
(1.94169 -0.0667624 0)
(1.93866 -0.0665598 0)
(1.93736 -0.0664126 0)
(1.93633 -0.0663701 0)
(1.93537 -0.0664167 0)
(1.93464 -0.0665049 0)
(1.93412 -0.0662202 0)
(1.93384 -0.0657291 0)
(1.93335 -0.064699 0)
(1.93226 -0.06287 0)
(1.93133 -0.0608517 0)
(1.93049 -0.0595168 0)
(1.92921 -0.0591644 0)
(1.92719 -0.0592266 0)
(1.9236 -0.0601534 0)
(1.91621 -0.063832 0)
)
;

boundaryField
{
    inlet
    {
        type            fixedValue;
        value           nonuniform 0();
    }
    outlet
    {
        type            inletOutlet;
        inletValue      uniform (2 0 0);
        value           nonuniform List<vector> 
18
(
(1.64378 0.0933893 0)
(1.64908 0.0925324 0)
(1.65367 0.0913399 0)
(1.65763 0.0907199 0)
(1.66101 0.089785 0)
(1.6638 0.0903447 0)
(1.66559 0.0925283 0)
(1.6675 0.0942704 0)
(1.66998 0.0954947 0)
(1.67216 0.0956047 0)
(1.67158 0.0989925 0)
(1.66927 0.103933 0)
(1.67094 0.105596 0)
(1.67646 0.102469 0)
(1.69305 0.0914874 0)
(1.73044 0.0498556 0)
(1.76656 -0.0115644 0)
(1.79007 -0.0643756 0)
)
;
    }
    bottom
    {
        type            symmetryPlane;
    }
    top
    {
        type            symmetryPlane;
    }
    obstacle
    {
        type            slip;
    }
    front
    {
        type            empty;
    }
    back
    {
        type            empty;
    }
    procBoundary15to7
    {
        type            processor;
        value           nonuniform List<vector> 
133
(
(2.15262 -0.225513 0)
(2.13719 -0.235527 0)
(2.1208 -0.240281 0)
(2.10084 -0.244145 0)
(2.07963 -0.246204 0)
(2.0582 -0.246331 0)
(2.03653 -0.24416 0)
(2.01475 -0.239284 0)
(1.99501 -0.233733 0)
(1.97868 -0.229833 0)
(1.96502 -0.226271 0)
(1.95375 -0.221062 0)
(1.9418 -0.216593 0)
(1.93129 -0.213009 0)
(1.92159 -0.208235 0)
(1.91137 -0.20399 0)
(1.9021 -0.198742 0)
(1.89549 -0.19327 0)
(1.88723 -0.187626 0)
(1.87948 -0.181689 0)
(1.87529 -0.176353 0)
(1.86926 -0.169999 0)
(1.86341 -0.164324 0)
(1.86063 -0.159208 0)
(1.85718 -0.153635 0)
(1.85321 -0.148016 0)
(1.85048 -0.141858 0)
(1.85022 -0.138532 0)
(1.84762 -0.133062 0)
(1.84516 -0.126583 0)
(1.84568 -0.122862 0)
(1.84564 -0.118705 0)
(1.84407 -0.113273 0)
(1.8438 -0.107894 0)
(1.84544 -0.104643 0)
(1.84479 -0.0998257 0)
(1.845 -0.094823 0)
(1.84716 -0.0919656 0)
(1.84737 -0.0875549 0)
(1.84837 -0.0832519 0)
(1.85093 -0.0807781 0)
(1.85175 -0.076863 0)
(1.85319 -0.0733908 0)
(1.8559 -0.070336 0)
(1.85635 -0.0675603 0)
(1.85768 -0.0648573 0)
(1.85958 -0.0619042 0)
(1.86002 -0.0594072 0)
(1.8609 -0.0567974 0)
(1.86257 -0.0541797 0)
(1.86336 -0.0517725 0)
(1.86294 -0.0491888 0)
(1.86292 -0.0471984 0)
(1.86103 -0.0475007 0)
(1.8564 -0.0491386 0)
(1.84654 -0.0538012 0)
(1.83003 -0.0655266 0)
(1.81559 -0.0713103 0)
(1.80227 -0.0801061 0)
(1.79695 -0.0834744 0)
(1.79267 -0.0830365 0)
(1.79069 -0.0821915 0)
(1.78979 -0.0804668 0)
(1.78916 -0.0787007 0)
(1.78914 -0.0768327 0)
(1.78955 -0.0747337 0)
(1.7894 -0.0728302 0)
(1.79004 -0.0695052 0)
(1.79027 -0.0672301 0)
(1.79052 -0.0657601 0)
(1.79042 -0.0639299 0)
(1.78874 -0.0617679 0)
(1.78729 -0.0595228 0)
(1.7815 -0.0546119 0)
(1.76416 -0.0463811 0)
(1.7243 -0.0240359 0)
(1.67721 0.00797054 0)
(1.65159 0.0169269 0)
(1.6433 0.0234023 0)
(1.64137 0.026716 0)
(1.63779 0.0316264 0)
(1.63607 0.037781 0)
(1.63389 0.0422677 0)
(1.63265 0.0436713 0)
(1.63185 0.0437906 0)
(1.63133 0.0437191 0)
(1.63071 0.0444031 0)
(1.62977 0.0458164 0)
(1.62799 0.047972 0)
(1.62873 0.0530338 0)
(1.62829 0.0591856 0)
(1.63109 0.0677669 0)
(1.63184 0.074836 0)
(1.63498 0.0841911 0)
(1.63801 0.0935663 0)
(1.95954 0.204557 0)
(1.97006 0.2061 0)
(1.98184 0.20737 0)
(1.99413 0.20856 0)
(2.01038 0.20942 0)
(2.02825 0.208599 0)
(2.04499 0.209047 0)
(2.06115 0.208886 0)
(2.07856 0.20751 0)
(2.09808 0.208302 0)
(2.12025 0.205536 0)
(2.14376 0.191421 0)
(2.16148 0.181872 0)
(2.18062 0.18256 0)
(2.2056 0.176745 0)
(2.22932 0.165467 0)
(2.24565 0.158678 0)
(2.26243 0.146865 0)
(2.27556 0.125058 0)
(2.2787 0.0977276 0)
(2.28119 0.0895809 0)
(2.26904 0.0678776 0)
(2.24636 0.040503 0)
(2.21864 0.0246528 0)
(2.20086 -0.000621859 0)
(2.20081 -0.0209522 0)
(2.20041 -0.0404733 0)
(2.20995 -0.064044 0)
(2.21694 -0.085311 0)
(2.21508 -0.0988925 0)
(2.21098 -0.114381 0)
(2.20375 -0.137677 0)
(2.19675 -0.150848 0)
(2.18443 -0.161907 0)
(2.16814 -0.176764 0)
(2.1533 -0.186227 0)
(2.14153 -0.18981 0)
(2.14153 -0.18981 0)
)
;
    }
    procBoundary15to14
    {
        type            processor;
        value           nonuniform List<vector> 
17
(
(1.95713 0.188993 0)
(1.96318 0.177819 0)
(1.96894 0.166579 0)
(1.9731 0.155535 0)
(1.97673 0.146487 0)
(1.97876 0.138083 0)
(1.98126 0.130382 0)
(1.98453 0.122845 0)
(1.9854 0.114675 0)
(1.98838 0.108689 0)
(1.98969 0.102851 0)
(1.99275 0.0988235 0)
(1.99379 0.0942022 0)
(1.9934 0.089659 0)
(1.9937 0.0864843 0)
(1.99405 0.0842627 0)
(1.99482 0.0832908 0)
)
;
    }
    procBoundary15to22
    {
        type            processor;
        value           uniform (1.99592 0.0818438 0);
    }
    procBoundary15to23
    {
        type            processor;
        value           nonuniform List<vector> 
133
(
(1.90379 -0.0690435 0)
(1.88518 -0.0753587 0)
(1.86557 -0.0855578 0)
(1.85381 -0.0928589 0)
(1.84606 -0.0928013 0)
(1.84389 -0.0924175 0)
(1.84258 -0.091511 0)
(1.84168 -0.0895613 0)
(1.8412 -0.0862829 0)
(1.84029 -0.0827511 0)
(1.83875 -0.0807989 0)
(1.83662 -0.0799629 0)
(1.83459 -0.0780743 0)
(1.83327 -0.0749985 0)
(1.83237 -0.0727806 0)
(1.83176 -0.0716027 0)
(1.8313 -0.0711318 0)
(1.83096 -0.0711937 0)
(1.83069 -0.0718327 0)
(1.83095 -0.0725438 0)
(1.8313 -0.0730506 0)
(1.83176 -0.0733541 0)
(1.83223 -0.0732548 0)
(1.83266 -0.0727806 0)
(1.83286 -0.0723043 0)
(1.8332 -0.0721614 0)
(1.83365 -0.072178 0)
(1.83429 -0.0716553 0)
(1.83487 -0.0709576 0)
(1.83542 -0.0708134 0)
(1.83596 -0.0704598 0)
(1.8368 -0.0693331 0)
(1.83756 -0.0680984 0)
(1.83815 -0.0677952 0)
(1.83902 -0.0671087 0)
(1.84008 -0.065587 0)
(1.8406 -0.0645549 0)
(1.8414 -0.0632333 0)
(1.84225 -0.0617401 0)
(1.84278 -0.0607351 0)
(1.84355 -0.0592848 0)
(1.84469 -0.0576116 0)
(1.84546 -0.0567079 0)
(1.84674 -0.055459 0)
(1.84804 -0.0539279 0)
(1.84876 -0.0533687 0)
(1.84966 -0.0526126 0)
(1.85053 -0.0515073 0)
(1.85126 -0.0510426 0)
(1.85099 -0.0498729 0)
(1.8497 -0.0502866 0)
(1.84703 -0.051765 0)
(1.84064 -0.0581939 0)
(1.83543 -0.0638158 0)
(1.82543 -0.0765184 0)
(1.81894 -0.0827564 0)
(1.81014 -0.0997601 0)
(1.79336 -0.0996116 0)
(2.0011 0.0792246 0)
(2.00469 0.0766821 0)
(2.00858 0.0748934 0)
(2.01245 0.0742574 0)
(2.0163 0.074051 0)
(2.02021 0.0727259 0)
(2.02352 0.0723686 0)
(2.02856 0.0723779 0)
(2.0355 0.0707795 0)
(2.04074 0.0702594 0)
(2.0429 0.0693608 0)
(2.04461 0.0670279 0)
(2.04575 0.0646618 0)
(2.04392 0.0629933 0)
(2.03438 0.0584571 0)
(2.01182 0.0546975 0)
(1.98074 0.0549667 0)
(1.96072 0.0470806 0)
(1.95692 0.0419117 0)
(1.9571 0.0381798 0)
(1.95898 0.0338804 0)
(1.95919 0.0318317 0)
(1.96185 0.0281041 0)
(1.96557 0.0225624 0)
(1.96684 0.0190147 0)
(1.96857 0.0146546 0)
(1.9697 0.010873 0)
(1.96891 0.00797295 0)
(1.96867 0.00468673 0)
(1.9693 0.00173006 0)
(1.96911 -0.00219903 0)
(1.97023 -0.00638265 0)
(1.97047 -0.0101681 0)
(1.97003 -0.0110024 0)
(1.97045 -0.0125221 0)
(1.97097 -0.0140979 0)
(1.97159 -0.0161645 0)
(1.97353 -0.0201322 0)
(1.97459 -0.0243231 0)
(1.97518 -0.0275826 0)
(1.97565 -0.0309774 0)
(1.97534 -0.0336567 0)
(1.97459 -0.0358766 0)
(1.97387 -0.0389784 0)
(1.973 -0.0426571 0)
(1.97163 -0.0455384 0)
(1.96983 -0.0473624 0)
(1.96762 -0.0491049 0)
(1.96475 -0.0512913 0)
(1.96148 -0.0535571 0)
(1.95865 -0.0551426 0)
(1.95651 -0.056308 0)
(1.95462 -0.0576186 0)
(1.95243 -0.0589589 0)
(1.94996 -0.0599308 0)
(1.9474 -0.06059 0)
(1.94484 -0.0613413 0)
(1.94235 -0.0621384 0)
(1.94016 -0.0627 0)
(1.93895 -0.0629827 0)
(1.93787 -0.0629474 0)
(1.93686 -0.0629172 0)
(1.93591 -0.0628158 0)
(1.93504 -0.0624711 0)
(1.9345 -0.0620949 0)
(1.93427 -0.0614477 0)
(1.93423 -0.0603685 0)
(1.93409 -0.0591815 0)
(1.9335 -0.0582259 0)
(1.93221 -0.0574737 0)
(1.93012 -0.0571941 0)
(1.92668 -0.0577472 0)
(1.9205 -0.0593596 0)
(1.90379 -0.0690435 0)
(1.90815 -0.0652432 0)
)
;
    }
}


// ************************************************************************* //
