/*--------------------------------*- C++ -*----------------------------------*\
  =========                 |
  \\      /  F ield         | OpenFOAM: The Open Source CFD Toolbox
   \\    /   O peration     | Website:  https://openfoam.org
    \\  /    A nd           | Version:  7
     \\/     M anipulation  |
\*---------------------------------------------------------------------------*/
FoamFile
{
    version     2.0;
    format      ascii;
    class       volVectorField;
    location    "10.5";
    object      U;
}
// * * * * * * * * * * * * * * * * * * * * * * * * * * * * * * * * * * * * * //

dimensions      [0 1 -1 0 0 0 0];

internalField   nonuniform List<vector> 
2413
(
(2 4.78775e-16 0)
(2 9.39345e-16 0)
(2 8.18088e-16 0)
(2 7.53408e-16 0)
(2 9.98897e-16 0)
(2 1.19847e-15 0)
(2 1.37481e-15 0)
(2 1.68507e-15 0)
(2 2.28422e-15 0)
(2 2.46296e-15 0)
(2 2.23025e-15 0)
(2 2.23526e-15 0)
(2 2.01722e-15 0)
(2 1.56493e-15 0)
(2 7.3247e-16 0)
(2 1.80183e-16 0)
(2 -1.32928e-16 0)
(2 -5.30272e-16 0)
(2 -6.9333e-16 0)
(2 -8.75339e-16 0)
(2 -1.09898e-15 0)
(2 -1.49909e-15 0)
(2 -1.84929e-15 0)
(2 -1.98541e-15 0)
(2 -2.0174e-15 0)
(2 -2.19777e-15 0)
(2 -2.55098e-15 0)
(2 -2.89008e-15 0)
(2 -2.91071e-15 0)
(2 -1.7273e-15 0)
(2 -9.31434e-16 0)
(2 2.09105e-16 0)
(2 1.65722e-16 0)
(2 7.31267e-17 0)
(2 -4.20016e-17 0)
(2 1.56871e-16 0)
(2 5.18551e-16 0)
(2 8.99684e-16 0)
(2 1.03999e-15 0)
(2 1.64216e-15 0)
(2 2.33207e-15 0)
(2 2.69664e-15 0)
(2 2.82143e-15 0)
(2 2.85033e-15 0)
(2 2.74811e-15 0)
(2 3.20277e-15 0)
(2 3.46507e-15 0)
(2 3.78712e-15 0)
(2 4.08939e-15 0)
(2 4.01833e-15 0)
(2 3.66878e-15 0)
(2 3.1903e-15 0)
(2 2.87912e-15 0)
(2 6.95019e-16 0)
(2 1.02244e-15 0)
(2 1.25055e-15 0)
(2 1.45656e-15 0)
(2 1.65612e-15 0)
(2 1.91036e-15 0)
(2 2.05209e-15 0)
(2 1.89562e-15 0)
(2 1.26767e-15 0)
(2 1.12488e-15 0)
(2 9.09246e-16 0)
(2 5.63984e-16 0)
(2 7.07157e-16 0)
(2 8.05366e-16 0)
(2 8.19939e-16 0)
(2 1.17487e-15 0)
(2 1.39229e-15 0)
(2 1.30206e-15 0)
(2 1.24347e-15 0)
(2 8.62282e-16 0)
(2 -3.79694e-18 0)
(2 -3.1684e-16 0)
(2 1.15693e-16 0)
(2 7.8487e-16 0)
(2 1.00086e-15 0)
(2 1.01027e-15 0)
(2 8.02736e-16 0)
(2 8.27716e-16 0)
(2 9.58745e-16 0)
(2 9.98946e-16 0)
(2 6.88593e-16 0)
(2 5.93342e-16 0)
(2 6.19917e-16 0)
(2 4.39111e-16 0)
(2 5.49367e-16 0)
(2 1.02682e-15 0)
(2 1.57785e-15 0)
(2 1.66159e-15 0)
(2 1.62294e-15 0)
(2 1.56482e-15 0)
(2 1.66321e-15 0)
(2 1.76264e-15 0)
(2 1.93596e-15 0)
(2 1.86934e-15 0)
(2 1.66336e-15 0)
(2 1.46787e-15 0)
(2 1.64081e-15 0)
(2 1.87246e-15 0)
(2 1.71994e-15 0)
(2 1.19826e-15 0)
(2 1.2247e-15 0)
(2 8.30516e-16 0)
(2 5.58268e-16 0)
(2 3.45622e-16 0)
(2 3.25926e-16 0)
(2 6.4727e-16 0)
(2 1.38005e-15 0)
(2 1.54542e-15 0)
(2 1.77811e-15 0)
(2 2.04045e-15 0)
(2 2.11277e-15 0)
(2 2.01421e-15 0)
(2 1.84225e-15 0)
(2 1.90017e-15 0)
(2 1.9988e-15 0)
(2 1.97554e-15 0)
(2 1.94272e-15 0)
(2 1.89693e-15 0)
(2 1.94245e-15 0)
(2 1.9692e-15 0)
(2 2.04962e-15 0)
(2 2.18954e-15 0)
(2 2.54827e-15 0)
(2 2.8215e-15 0)
(2 2.77603e-15 0)
(2 2.76068e-15 0)
(2 2.43049e-15 0)
(2 1.89787e-15 0)
(2 1.30673e-15 0)
(2 1.1579e-15 0)
(2 1.14129e-15 0)
(2 9.1182e-16 0)
(2 2.48555e-16 0)
(2 -5.56206e-16 0)
(2 -8.5745e-16 0)
(2 -1.16292e-15 0)
(2 -1.93932e-15 0)
(2 -2.20207e-15 0)
(2 -2.45049e-15 0)
(2 -2.55745e-15 0)
(2 -2.58641e-15 0)
(2 -2.5087e-15 0)
(2 -2.40992e-15 0)
(2 -2.30711e-15 0)
(2 -2.29396e-15 0)
(2 -2.31931e-15 0)
(2 -2.1051e-15 0)
(2 -1.94896e-15 0)
(2 -1.66777e-15 0)
(2 -1.41406e-15 0)
(2 -1.2642e-15 0)
(2 -9.99283e-16 0)
(2 -8.32014e-16 0)
(2 -6.07065e-16 0)
(2 -4.28811e-16 0)
(2 -2.7374e-16 0)
(2 2.23306e-16 0)
(2 6.46878e-16 0)
(2 6.84954e-16 0)
(2 9.03728e-16 0)
(2 1.08577e-15 0)
(2 1.37194e-15 0)
(2 1.90888e-15 0)
(2 2.16766e-15 0)
(2 2.12454e-15 0)
(2 2.15614e-15 0)
(2 2.25685e-15 0)
(2 2.78815e-15 0)
(2 2.25202e-15 0)
(2 1.93747e-15 0)
(2 5.03922e-16 0)
(2 5.23474e-16 0)
(2 6.16885e-16 0)
(2 6.769e-16 0)
(2 6.68409e-16 0)
(2 6.29796e-16 0)
(2 6.54261e-16 0)
(2 7.52959e-16 0)
(2 7.34321e-16 0)
(2 5.94445e-16 0)
(2 6.33892e-16 0)
(2 5.05493e-16 0)
(2 1.59548e-16 0)
(2 1.46283e-16 0)
(2 1.59802e-16 0)
(2 2.5886e-16 0)
(2 4.30007e-16 0)
(2 6.64895e-16 0)
(2 1.27833e-15 0)
(2 1.62359e-15 0)
(2 2.12794e-15 0)
(2 2.08574e-15 0)
(2 1.80979e-15 0)
(2 1.64195e-15 0)
(2 1.42612e-15 0)
(2 1.19096e-15 0)
(2 1.06204e-15 0)
(2 1.03062e-15 0)
(2 1.18763e-15 0)
(2 1.44364e-15 0)
(2 1.97583e-15 0)
(2 2.22535e-15 0)
(2 2.25244e-15 0)
(2 1.40694e-15 0)
(2 1.09074e-15 0)
(2 8.74929e-16 0)
(2 7.45352e-16 0)
(2 6.05881e-16 0)
(2 4.99292e-16 0)
(2 3.64577e-16 0)
(2 7.1574e-16 0)
(2 1.26144e-15 0)
(2 1.23164e-15 0)
(2 1.04345e-15 0)
(2 5.75475e-16 0)
(2 5.18659e-16 0)
(2 9.07179e-17 0)
(2 1.10978e-17 0)
(2 2.70817e-16 0)
(2 7.00263e-16 0)
(2 7.63497e-16 0)
(2 8.26299e-16 0)
(2 1.00445e-15 0)
(2 9.78976e-16 0)
(2 1.27691e-15 0)
(2 1.6083e-15 0)
(2 1.96697e-15 0)
(2 2.08012e-15 0)
(2 2.48495e-15 0)
(2 2.51651e-15 0)
(2 2.92585e-15 0)
(2 3.34073e-15 0)
(2 3.67894e-15 0)
(2 3.63851e-15 0)
(2 3.6574e-15 0)
(2 3.66109e-15 0)
(2 3.58233e-15 0)
(2 3.79305e-15 0)
(2 3.92124e-15 0)
(2 3.97234e-15 0)
(2 4.40704e-15 0)
(2 4.40378e-15 0)
(2 4.18482e-15 0)
(2 4.17684e-15 0)
(2 3.45971e-15 0)
(2 3.08194e-15 0)
(2 2.64686e-15 0)
(2 2.28268e-15 0)
(2 1.77046e-15 0)
(2 1.4243e-15 0)
(2 1.34642e-15 0)
(2 1.23966e-15 0)
(2 9.70759e-16 0)
(2 8.24944e-16 0)
(2 5.03029e-16 0)
(2 -1.97515e-16 0)
(2 -7.23019e-16 0)
(2 -1.09371e-15 0)
(2 -1.52265e-15 0)
(2 -1.96126e-15 0)
(2 -2.40452e-15 0)
(2 -2.42629e-15 0)
(2 -2.41815e-15 0)
(2 -2.33766e-15 0)
(2 -2.2457e-15 0)
(2 -2.1569e-15 0)
(2 -2.21284e-15 0)
(2 -2.22361e-15 0)
(2 -2.05654e-15 0)
(2 -1.76669e-15 0)
(2 -1.85211e-15 0)
(2 -1.75574e-15 0)
(2 -1.35993e-15 0)
(2 -1.10225e-15 0)
(2 -1.02321e-15 0)
(2 -9.63076e-16 0)
(2 -2.59576e-16 0)
(2 1.2142e-15 0)
(2 1.28263e-15 0)
(2 1.57896e-15 0)
(2 1.92026e-15 0)
(2 1.90634e-15 0)
(2 1.82147e-15 0)
(2 1.88162e-15 0)
(2 1.9678e-15 0)
(2 1.70807e-15 0)
(2 1.23076e-15 0)
(2 1.01983e-15 0)
(2 9.71654e-16 0)
(2 9.16626e-16 0)
(2 1.59604e-15 0)
(2 1.50409e-15 0)
(2 1.56181e-15 0)
(2 1.18981e-15 0)
(2 9.74049e-16 0)
(2 8.29048e-16 0)
(2 3.7662e-16 0)
(2 1.58829e-16 0)
(2 2.61892e-17 0)
(2 -6.98649e-16 0)
(2 -8.61582e-16 0)
(2 -8.19515e-16 0)
(2 -1.70986e-16 0)
(2 -6.73719e-17 0)
(2 -6.72903e-17 0)
(2 -1.76351e-16 0)
(2 5.21836e-17 0)
(2 2.50632e-16 0)
(2 5.4702e-16 0)
(2 9.58366e-16 0)
(2 1.24907e-15 0)
(2 1.39869e-15 0)
(2 1.27048e-15 0)
(2 9.88057e-16 0)
(2 9.2528e-16 0)
(2 8.5144e-16 0)
(2 1.30584e-15 0)
(2 1.10213e-15 0)
(2 1.42056e-15 0)
(2 1.82093e-15 0)
(2 2.03162e-15 0)
(2 2.19831e-15 0)
(2 2.39156e-15 0)
(2 2.55729e-15 0)
(2 2.5786e-15 0)
(2 2.41684e-15 0)
(2 2.32014e-15 0)
(2 2.15192e-15 0)
(2 2.10918e-15 0)
(2 1.58077e-15 0)
(2 1.19311e-15 0)
(2 8.57047e-16 0)
(2 5.49478e-16 0)
(2 2.37519e-16 0)
(2 2.60917e-16 0)
(2 2.92658e-16 0)
(2 3.14034e-16 0)
(2 3.87715e-16 0)
(2 6.64702e-16 0)
(2 1.05524e-15 0)
(2 1.39089e-15 0)
(2 1.24753e-15 0)
(2 1.56573e-15 0)
(2 1.73789e-15 0)
(2 1.7879e-15 0)
(2 1.78643e-15 0)
(2 1.64241e-15 0)
(2 1.35016e-15 0)
(2 1.36838e-15 0)
(2 2.10401e-15 0)
(2 2.31186e-15 0)
(2 2.62397e-15 0)
(2 2.76291e-15 0)
(2 2.84507e-15 0)
(2 2.83019e-15 0)
(2 2.93367e-15 0)
(2 2.89441e-15 0)
(2 2.68852e-15 0)
(2 2.62389e-15 0)
(2 2.83036e-15 0)
(2 3.15755e-15 0)
(2 3.27621e-15 0)
(2 3.20317e-15 0)
(2 2.93008e-15 0)
(2 2.68728e-15 0)
(2 1.72223e-15 0)
(2 1.31188e-15 0)
(2 1.12871e-15 0)
(2 9.10056e-16 0)
(2 7.31388e-16 0)
(2 6.10852e-16 0)
(2 1.67501e-16 0)
(2 -7.46693e-17 0)
(2 -3.24603e-16 0)
(2 -4.83492e-16 0)
(2 -6.82745e-16 0)
(2 -8.01424e-16 0)
(2 -8.53662e-16 0)
(2 -8.5419e-16 0)
(2 -8.99989e-16 0)
(2 -1.04566e-15 0)
(2 -1.08281e-15 0)
(2 -1.0708e-15 0)
(2 -1.064e-15 0)
(2 -1.0195e-15 0)
(2 -1.04394e-15 0)
(2 -9.14586e-16 0)
(2 -4.30416e-16 0)
(2 -4.50186e-16 0)
(2 -7.29221e-16 0)
(2 -7.41046e-16 0)
(2 -5.48537e-16 0)
(2 -4.2738e-16 0)
(2 -1.21448e-16 0)
(2 3.62484e-16 0)
(2 7.80809e-16 0)
(2 1.14263e-15 0)
(2 1.30054e-15 0)
(2 1.85361e-15 0)
(2 2.13007e-15 0)
(2 2.50494e-15 0)
(2 2.77916e-15 0)
(2 3.12101e-15 0)
(2 3.45336e-15 0)
(2 3.31943e-15 0)
(2 3.0094e-15 0)
(2 2.64014e-15 0)
(2 1.9405e-15 0)
(2 1.66567e-15 0)
(2 1.54889e-15 0)
(2 2.48613e-15 0)
(2 3.02365e-15 0)
(2 3.04986e-15 0)
(2 2.98358e-15 0)
(2 3.05315e-15 0)
(2 3.20994e-15 0)
(2 2.47266e-15 0)
(2 1.66101e-15 0)
(2 1.26699e-15 0)
(2 9.01184e-16 0)
(2 8.71042e-16 0)
(2 9.61583e-16 0)
(2 1.09521e-15 0)
(2 1.13392e-15 0)
(2 1.56731e-15 0)
(2 1.78084e-15 0)
(2 1.97042e-15 0)
(2 1.97083e-15 0)
(2 1.84763e-15 0)
(2 1.87261e-15 0)
(2 1.65471e-15 0)
(2 1.6563e-15 0)
(2 2.62824e-15 0)
(2 2.78211e-15 0)
(2 2.95812e-15 0)
(2 2.8503e-15 0)
(2 2.86698e-15 0)
(2 3.51794e-15 0)
(2 3.63183e-15 0)
(2 3.58826e-15 0)
(2 3.17083e-15 0)
(2 3.08555e-15 0)
(2 3.11521e-15 0)
(2 3.3083e-15 0)
(2 3.45869e-15 0)
(2 3.4024e-15 0)
(2 3.18978e-15 0)
(2 2.7763e-15 0)
(2 2.14662e-15 0)
(2 2.12992e-15 0)
(2 1.69632e-15 0)
(2 1.15531e-15 0)
(2 9.58939e-16 0)
(2 1.07609e-15 0)
(2 1.08312e-15 0)
(2 1.13626e-15 0)
(2 1.21854e-15 0)
(2 1.21254e-15 0)
(2 1.12897e-15 0)
(2 1.21161e-15 0)
(2 1.8441e-15 0)
(2 2.34378e-15 0)
(2 2.28881e-15 0)
(2 2.30608e-15 0)
(2 2.39634e-15 0)
(2 2.4765e-15 0)
(2 2.36025e-15 0)
(2 2.25597e-15 0)
(2 2.08168e-15 0)
(2 2.06405e-15 0)
(2 2.10996e-15 0)
(2 1.8621e-15 0)
(2 1.90496e-15 0)
(2 2.06544e-15 0)
(2 1.88867e-15 0)
(2 1.55654e-15 0)
(2 1.15e-15 0)
(2 3.29627e-16 0)
(2 1.19487e-17 0)
(2 -1.59941e-16 0)
(2 -3.31306e-16 0)
(2 -6.7142e-16 0)
(2 -8.72611e-16 0)
(2 -7.86395e-16 0)
(2 -4.04655e-16 0)
(2 -1.24841e-16 0)
(2 -5.1588e-16 0)
(2 -8.49501e-16 0)
(2 -9.34338e-16 0)
(2 -1.25888e-15 0)
(2 -1.54885e-15 0)
(2 -1.36375e-15 0)
(2 -1.20475e-15 0)
(2 -8.83439e-16 0)
(2 -1.48559e-16 0)
(2 4.57715e-17 0)
(2 2.51952e-16 0)
(2 3.38944e-16 0)
(2 2.21274e-16 0)
(2 1.81058e-16 0)
(2 2.63245e-16 0)
(2 4.09425e-16 0)
(2 7.32936e-16 0)
(2 7.90172e-16 0)
(2 7.45686e-16 0)
(2 6.37992e-16 0)
(2 2.99402e-16 0)
(2 9.93836e-17 0)
(2 3.76562e-17 0)
(2 7.6768e-17 0)
(2 4.9433e-16 0)
(2 6.43751e-16 0)
(2 8.7846e-16 0)
(2 8.5989e-16 0)
(2 8.56685e-16 0)
(2 8.23786e-16 0)
(2 7.34236e-16 0)
(2 7.24464e-16 0)
(2 5.34357e-16 0)
(2 4.3497e-16 0)
(2 6.86282e-16 0)
(2 1.00244e-15 0)
(2 1.43277e-15 0)
(2 1.46541e-15 0)
(2 2.15771e-15 0)
(2 2.77103e-15 0)
(2 3.3587e-15 0)
(2 3.62769e-15 0)
(2 3.46825e-15 0)
(2 3.01328e-15 0)
(2 3.06711e-16 0)
(2 9.6916e-16 0)
(2 1.30754e-15 0)
(2 1.76406e-15 0)
(2 1.96509e-15 0)
(2 2.10456e-15 0)
(2 2.1954e-15 0)
(2 2.40082e-15 0)
(2 2.84886e-15 0)
(2 2.97905e-15 0)
(2 3.17073e-15 0)
(2 3.35073e-15 0)
(2 3.39261e-15 0)
(2 3.23648e-15 0)
(2 3.37769e-15 0)
(2 3.55109e-15 0)
(2 3.82188e-15 0)
(2 3.80068e-15 0)
(2 3.50291e-15 0)
(2 3.16105e-15 0)
(2 3.2343e-15 0)
(2 3.42902e-15 0)
(2 3.98317e-15 0)
(2 3.91738e-15 0)
(2 3.67185e-15 0)
(2 3.6498e-15 0)
(2 3.59625e-15 0)
(2 3.5077e-15 0)
(2 3.33461e-15 0)
(2 3.28127e-15 0)
(2 3.15955e-15 0)
(2 3.3942e-15 0)
(2 3.50383e-15 0)
(2 3.50138e-15 0)
(2 3.41899e-15 0)
(2 3.2472e-15 0)
(2 2.96441e-15 0)
(2 2.76811e-15 0)
(2 2.58934e-15 0)
(2 2.70372e-15 0)
(2 2.73974e-15 0)
(2 2.53262e-15 0)
(2 1.77413e-15 0)
(2 1.69492e-15 0)
(2 1.62665e-15 0)
(2 1.6053e-15 0)
(2 1.60692e-15 0)
(2 1.71903e-15 0)
(2 1.82589e-15 0)
(2 1.77948e-15 0)
(2 1.63517e-15 0)
(2 1.83803e-15 0)
(2 1.97526e-15 0)
(2 1.97251e-15 0)
(2 1.78783e-15 0)
(2 1.49486e-15 0)
(2 1.14689e-15 0)
(2 1.52338e-15 0)
(2 2.01014e-15 0)
(2 1.64948e-15 0)
(2 1.18298e-15 0)
(2 9.90358e-16 0)
(2 9.02422e-16 0)
(2 7.86455e-16 0)
(2 5.97465e-16 0)
(2 5.31273e-16 0)
(2 3.4837e-16 0)
(2 2.90295e-16 0)
(2 3.26937e-16 0)
(2 2.24538e-16 0)
(2 -2.21991e-16 0)
(2 -5.08106e-16 0)
(2 -6.599e-16 0)
(2 -6.41664e-16 0)
(2 -5.45947e-16 0)
(2 -5.04598e-16 0)
(2 -2.75942e-16 0)
(2 -1.6285e-16 0)
(2 -1.57362e-16 0)
(2 -2.03721e-16 0)
(2 -3.32257e-16 0)
(2 -4.36365e-16 0)
(2 -4.45884e-16 0)
(2 -3.3619e-16 0)
(2 -1.75306e-16 0)
(2 1.41096e-17 0)
(2 4.56591e-16 0)
(2 7.41598e-16 0)
(2 1.25006e-15 0)
(2 1.65243e-15 0)
(2 2.00229e-15 0)
(2 2.18518e-15 0)
(2 2.31652e-15 0)
(2 2.39418e-15 0)
(2 2.45948e-15 0)
(2 2.51315e-15 0)
(2 2.74953e-15 0)
(2 2.82733e-15 0)
(2 2.91123e-15 0)
(2 2.92268e-15 0)
(2 2.8906e-15 0)
(2 2.85179e-15 0)
(2 3.05084e-15 0)
(2 2.71038e-15 0)
(2 1.96778e-15 0)
(2 1.15543e-15 0)
(2 1.10113e-15 0)
(2 1.13614e-15 0)
(2 1.20691e-15 0)
(2 9.25141e-16 0)
(2 4.78283e-16 0)
(2 3.0599e-16 0)
(2 6.02477e-16 0)
(2 8.88979e-16 0)
(2 1.78808e-15 0)
(2 2.4993e-15 0)
(2 2.74016e-15 0)
(2 2.75355e-15 0)
(2 2.48173e-15 0)
(2 3.21991e-15 0)
(2 1.85893e-16 0)
(2 5.44568e-16 0)
(2 6.27727e-16 0)
(2 1.15208e-15 0)
(2 1.3499e-15 0)
(2 1.44736e-15 0)
(2 1.55252e-15 0)
(2 1.79655e-15 0)
(2 2.55008e-15 0)
(2 2.95082e-15 0)
(2 2.96172e-15 0)
(2 2.91841e-15 0)
(2 2.91381e-15 0)
(2 3.04674e-15 0)
(2 3.04187e-15 0)
(2 3.00091e-15 0)
(2 3.30537e-15 0)
(2 3.52993e-15 0)
(2 3.47518e-15 0)
(2 3.23487e-15 0)
(2 3.15013e-15 0)
(2 3.18642e-15 0)
(2 3.32406e-15 0)
(2 3.63451e-15 0)
(2 3.83644e-15 0)
(2 3.9789e-15 0)
(2 3.89093e-15 0)
(2 3.86235e-15 0)
(2 3.96441e-15 0)
(2 3.92849e-15 0)
(2 3.79316e-15 0)
(2 3.61801e-15 0)
(2 3.43718e-15 0)
(2 3.20034e-15 0)
(2 3.30535e-15 0)
(2 3.59867e-15 0)
(2 4.08575e-15 0)
(2 4.77066e-15 0)
(2 4.13622e-15 0)
(2 3.60282e-15 0)
(2 3.48975e-15 0)
(2 2.38891e-15 0)
(2 2.16121e-15 0)
(2 1.73731e-15 0)
(2 1.21444e-15 0)
(2 1.02875e-15 0)
(2 9.49491e-16 0)
(2 9.79593e-16 0)
(2 9.61091e-16 0)
(2 9.30423e-16 0)
(2 6.9809e-16 0)
(2 6.15964e-16 0)
(2 7.32909e-16 0)
(2 1.17936e-15 0)
(2 1.56264e-15 0)
(2 1.87795e-15 0)
(2 1.80685e-15 0)
(2 1.70481e-15 0)
(2 1.60476e-15 0)
(2 1.47823e-15 0)
(2 1.45259e-15 0)
(2 1.35184e-15 0)
(2 1.00776e-15 0)
(2 9.1089e-16 0)
(2 8.13629e-16 0)
(2 7.5003e-16 0)
(2 8.85907e-16 0)
(2 8.2686e-16 0)
(2 7.64133e-16 0)
(2 6.0546e-16 0)
(2 5.88548e-16 0)
(2 6.6045e-16 0)
(2 8.56709e-16 0)
(2 9.61696e-16 0)
(2 8.53734e-16 0)
(2 7.62595e-16 0)
(2 1.01839e-15 0)
(2 1.11101e-15 0)
(2 1.2016e-15 0)
(2 1.14219e-15 0)
(2 1.11741e-15 0)
(2 1.11617e-15 0)
(2 1.06993e-15 0)
(2 9.29364e-16 0)
(2 1.02981e-15 0)
(2 1.20233e-15 0)
(2 1.50506e-15 0)
(2 1.76011e-15 0)
(2 2.4253e-15 0)
(2 2.94638e-15 0)
(2 3.29211e-15 0)
(2 3.38429e-15 0)
(2 3.3838e-15 0)
(2 3.44046e-15 0)
(2 3.51851e-15 0)
(2 3.55737e-15 0)
(2 3.70159e-15 0)
(2 3.52873e-15 0)
(2 3.1836e-15 0)
(2 3.17402e-15 0)
(2 2.99077e-15 0)
(2 2.94319e-15 0)
(2 2.60723e-15 0)
(2 2.21251e-15 0)
(2 1.98937e-15 0)
(2 2.05165e-15 0)
(2 2.14887e-15 0)
(2 2.22054e-15 0)
(2 2.4852e-15 0)
(2 2.94576e-15 0)
(2 3.1622e-15 0)
(2 3.12835e-15 0)
(2 3.13679e-15 0)
(2 3.0566e-15 0)
(2 2.16855e-15 0)
(2 1.9408e-15 0)
(2 1.86735e-15 0)
(2 1.88888e-15 0)
(2 1.93615e-15 0)
(2 2.38869e-15 0)
(2 3.55186e-15 0)
(2 3.35648e-15 0)
(2 3.02492e-15 0)
(2 3.11174e-15 0)
(2 3.26978e-15 0)
(2 3.32874e-15 0)
(2 3.28801e-15 0)
(2 3.29957e-15 0)
(2 3.24546e-15 0)
(2 3.21321e-15 0)
(2 2.86108e-15 0)
(2 2.71516e-15 0)
(2 2.84363e-15 0)
(2 2.8294e-15 0)
(2 2.64671e-15 0)
(2 2.40746e-15 0)
(2 2.62427e-15 0)
(2 3.10908e-15 0)
(2 3.58262e-15 0)
(2 3.96392e-15 0)
(2 4.8201e-15 0)
(2 4.91859e-15 0)
(2 4.87848e-15 0)
(2 4.9138e-15 0)
(2 4.93279e-15 0)
(2 4.86963e-15 0)
(2 5.11213e-15 0)
(2 5.73527e-15 0)
(2 5.7314e-15 0)
(2 5.68077e-15 0)
(2 5.66848e-15 0)
(2 5.30314e-15 0)
(2 4.56447e-15 0)
(2 4.48126e-15 0)
(2 4.34539e-15 0)
(2 4.27699e-15 0)
(2 4.17722e-15 0)
(2 4.03339e-15 0)
(2 3.77845e-15 0)
(2 3.26088e-15 0)
(2 3.11125e-15 0)
(2 2.97884e-15 0)
(2 2.72132e-15 0)
(2 2.25258e-15 0)
(2 2.12575e-15 0)
(2 2.4178e-15 0)
(2 2.34166e-15 0)
(2 1.76922e-15 0)
(2 1.61336e-15 0)
(2 1.69225e-15 0)
(2 1.71874e-15 0)
(2 1.45648e-15 0)
(2 1.50714e-15 0)
(2 1.57533e-15 0)
(2 1.76929e-15 0)
(2 2.17861e-15 0)
(2 2.56835e-15 0)
(2 2.68926e-15 0)
(2 2.66838e-15 0)
(2 2.61371e-15 0)
(2 2.23954e-15 0)
(2 1.88606e-15 0)
(2 1.54678e-15 0)
(2 1.26304e-15 0)
(2 1.26442e-15 0)
(2 1.34983e-15 0)
(2 1.59778e-15 0)
(2 2.08436e-15 0)
(2 2.25033e-15 0)
(2 2.22559e-15 0)
(2 2.37656e-15 0)
(2 2.56667e-15 0)
(2 2.66308e-15 0)
(2 2.64945e-15 0)
(2 2.65671e-15 0)
(2 2.75112e-15 0)
(2 2.83449e-15 0)
(2 2.81828e-15 0)
(2 2.85796e-15 0)
(2 2.99847e-15 0)
(2 3.32348e-15 0)
(2 3.5329e-15 0)
(2 3.79095e-15 0)
(2 3.99611e-15 0)
(2 4.14507e-15 0)
(2 4.24411e-15 0)
(2 4.37902e-15 0)
(2 4.51312e-15 0)
(2 4.67419e-15 0)
(2 4.64472e-15 0)
(2 4.91977e-15 0)
(2 5.41757e-15 0)
(2 5.47439e-15 0)
(2 5.54511e-15 0)
(2 5.70108e-15 0)
(2 5.49005e-15 0)
(2 4.9091e-15 0)
(2 4.29427e-15 0)
(2 3.26235e-15 0)
(2 3.01267e-15 0)
(2 3.11168e-15 0)
(2 3.31032e-15 0)
(2 2.62332e-15 0)
(2 2.17041e-15 0)
(2 2.10173e-15 0)
(2 2.21523e-15 0)
(2 2.7679e-15 0)
(2 2.84698e-15 0)
(2 2.94541e-15 0)
(2 3.04531e-15 0)
(2 3.21203e-15 0)
(2 3.25629e-15 0)
(2 2.44741e-15 0)
(2 2.32251e-15 0)
(2 1.77205e-15 0)
(2 1.50242e-15 0)
(2 1.52947e-15 0)
(2 1.7711e-15 0)
(2 1.96423e-15 0)
(2 2.13025e-15 0)
(2 3.34577e-15 0)
(2 3.28949e-15 0)
(2 3.14947e-15 0)
(2 3.1073e-15 0)
(2 3.15026e-15 0)
(2 3.13549e-15 0)
(2 3.48001e-15 0)
(2 3.41539e-15 0)
(2 3.33548e-15 0)
(2 3.03705e-15 0)
(2 2.91702e-15 0)
(2 2.91608e-15 0)
(2 2.94962e-15 0)
(2 2.82809e-15 0)
(2 2.651e-15 0)
(2 2.44936e-15 0)
(2 2.41203e-15 0)
(2 2.89003e-15 0)
(2 3.53688e-15 0)
(2 3.71046e-15 0)
(2 3.6527e-15 0)
(2 3.95956e-15 0)
(2 4.12844e-15 0)
(2 3.99341e-15 0)
(2 3.99721e-15 0)
(2 3.93242e-15 0)
(2 3.69257e-15 0)
(2 3.60255e-15 0)
(2 3.5498e-15 0)
(2 3.52593e-15 0)
(2 3.48714e-15 0)
(2 3.46696e-15 0)
(2 3.27318e-15 0)
(2 3.08501e-15 0)
(2 2.95269e-15 0)
(2 2.92942e-15 0)
(2 3.19081e-15 0)
(2 3.59412e-15 0)
(2 3.83688e-15 0)
(2 3.96263e-15 0)
(2 4.09482e-15 0)
(2 4.2856e-15 0)
(2 4.26715e-15 0)
(2 4.33779e-15 0)
(2 4.42555e-15 0)
(2 4.10208e-15 0)
(2 3.84707e-15 0)
(2 3.43581e-15 0)
(2 3.33673e-15 0)
(2 3.24493e-15 0)
(2 3.24035e-15 0)
(2 3.22072e-15 0)
(2 2.53008e-15 0)
(2 1.43951e-15 0)
(2 1.02037e-15 0)
(2 8.60738e-16 0)
(2 9.99192e-16 0)
(2 1.10487e-15 0)
(2 1.34228e-15 0)
(2 1.40044e-15 0)
(2 1.38352e-15 0)
(2 1.75449e-15 0)
(2 2.58817e-15 0)
(2 3.02398e-15 0)
(2 3.14842e-15 0)
(2 3.25464e-15 0)
(2 3.36672e-15 0)
(2 3.40647e-15 0)
(2 3.37211e-15 0)
(2 3.38406e-15 0)
(2 3.32844e-15 0)
(2 3.2976e-15 0)
(2 3.2e-15 0)
(2 3.04181e-15 0)
(2 3.06311e-15 0)
(2 3.21382e-15 0)
(2 3.41088e-15 0)
(2 3.64315e-15 0)
(2 4.01519e-15 0)
(2 4.44028e-15 0)
(2 4.49484e-15 0)
(2 4.49149e-15 0)
(2 4.43288e-15 0)
(2 4.34133e-15 0)
(2 4.35896e-15 0)
(2 4.44341e-15 0)
(2 4.56473e-15 0)
(2 4.78197e-15 0)
(2 4.83871e-15 0)
(2 4.41702e-15 0)
(2 4.13074e-15 0)
(2 4.13741e-15 0)
(2 4.28766e-15 0)
(2 4.0811e-15 0)
(2 3.59668e-15 0)
(2 2.98628e-15 0)
(2 2.84198e-15 0)
(2 2.99625e-15 0)
(2 3.46482e-15 0)
(2 3.68363e-15 0)
(2 4.12754e-15 0)
(2 4.03681e-15 0)
(2 3.56886e-15 0)
(2 3.59802e-15 0)
(2 3.77488e-15 0)
(2 3.65478e-15 0)
(2 3.29888e-15 0)
(2 2.62957e-15 0)
(2 2.3078e-15 0)
(2 2.19793e-15 0)
(2 2.1751e-15 0)
(2 2.18712e-15 0)
(2 1.98759e-15 0)
(2 1.67602e-15 0)
(2 1.5238e-15 0)
(2 1.59974e-15 0)
(2 1.7159e-15 0)
(2 1.79565e-15 0)
(2 1.70965e-15 0)
(2 1.61795e-15 0)
(2 6.52142e-17 0)
(2 -1.24013e-16 0)
(2 -2.46912e-16 0)
(2 -2.66717e-16 0)
(2 -2.56494e-16 0)
(2 -2.47509e-16 0)
(2 -1.91943e-16 0)
(2 -2.87198e-16 0)
(2 -2.11379e-17 0)
(2 1.36997e-16 0)
(2 4.09126e-16 0)
(2 5.33935e-16 0)
(2 6.29818e-16 0)
(2 6.92508e-16 0)
(2 9.98168e-16 0)
(2 1.37923e-15 0)
(2 9.58516e-16 0)
(2 2.73729e-16 0)
(2 -1.75501e-17 0)
(2 -1.41377e-16 0)
(2 -3.83135e-16 0)
(2 -5.43462e-17 0)
(2 5.82387e-16 0)
(2 9.94552e-16 0)
(2 9.84613e-16 0)
(2 8.88484e-16 0)
(2 4.9102e-16 0)
(2 4.27185e-16 0)
(2 4.34844e-16 0)
(2 9.62858e-17 0)
(2 4.22001e-17 0)
(2 1.14749e-16 0)
(2 2.78716e-16 0)
(2 4.20432e-16 0)
(2 5.02694e-16 0)
(2 4.58751e-16 0)
(2 7.65749e-16 0)
(2 1.18019e-15 0)
(2 1.34467e-15 0)
(2 1.445e-15 0)
(2 1.93457e-15 0)
(2 2.8028e-15 0)
(2 3.271e-15 0)
(2 3.759e-15 0)
(2 3.36314e-15 0)
(2 2.83448e-15 0)
(2 2.61359e-15 0)
(2 2.80986e-15 0)
(2 2.54746e-15 0)
(2 2.22741e-15 0)
(2 2.12028e-15 0)
(2 2.26887e-15 0)
(2 1.47592e-15 0)
(2 9.88374e-16 0)
(2 9.55422e-16 0)
(2 8.45072e-16 0)
(2 5.2052e-16 0)
(2 5.26771e-16 0)
(2 6.30701e-16 0)
(2 7.81004e-16 0)
(2 9.74556e-16 0)
(2 1.452e-15 0)
(2 1.94442e-15 0)
(2 2.16937e-15 0)
(2 2.7292e-15 0)
(2 2.76169e-15 0)
(2 2.74716e-15 0)
(2 2.63352e-15 0)
(2 2.62734e-15 0)
(2 2.67976e-15 0)
(2 2.70671e-15 0)
(2 2.97467e-15 0)
(2 3.15296e-15 0)
(2 3.58887e-15 0)
(2 3.83748e-15 0)
(2 3.9085e-15 0)
(2 3.98839e-15 0)
(2 3.97711e-15 0)
(2 3.42033e-15 0)
(2 2.81208e-15 0)
(2 2.61168e-15 0)
(2 2.89412e-15 0)
(2 3.20434e-15 0)
(2 3.4986e-15 0)
(2 3.49573e-15 0)
(2 3.70609e-15 0)
(2 3.74427e-15 0)
(2 3.91045e-15 0)
(2 3.51253e-15 0)
(2 2.47845e-15 0)
(2 2.31004e-15 0)
(2 2.33953e-15 0)
(2 2.36814e-15 0)
(2 2.50058e-15 0)
(2 2.49591e-15 0)
(2 2.16341e-15 0)
(2 1.79282e-15 0)
(2 1.75394e-15 0)
(2 1.64448e-15 0)
(2 1.63147e-15 0)
(2 1.79323e-15 0)
(2 1.63425e-15 0)
(2 1.57355e-15 0)
(2 1.62139e-15 0)
(2 1.59869e-15 0)
(2 1.6536e-15 0)
(2 1.22454e-15 0)
(2 6.58606e-16 0)
(2 4.35432e-16 0)
(2 4.94216e-16 0)
(2 5.41162e-16 0)
(2 7.08385e-16 0)
(2 7.99376e-16 0)
(2 7.9048e-16 0)
(2 7.10509e-16 0)
(2 6.91318e-16 0)
(2 6.84823e-16 0)
(2 7.38596e-16 0)
(2 8.46502e-16 0)
(2 9.60861e-16 0)
(2 -8.59824e-16 0)
(2 -1.21281e-15 0)
(2 -1.3797e-15 0)
(2 -1.56529e-15 0)
(2 -1.6522e-15 0)
(2 -1.8163e-15 0)
(2 -1.89228e-15 0)
(2 -1.81931e-15 0)
(2 -1.6753e-15 0)
(2 -1.63242e-15 0)
(2 -1.01528e-15 0)
(2 -7.17749e-16 0)
(2 1.20238e-16 0)
(2 8.85483e-16 0)
(2 5.651e-16 0)
(2 4.63563e-17 0)
(2 -2.44025e-16 0)
(2 -5.99744e-16 0)
(2 -1.00518e-15 0)
(2 -1.40996e-15 0)
(2 -1.53797e-15 0)
(2 -1.30113e-15 0)
(2 -1.0133e-15 0)
(2 -8.72292e-16 0)
(2 -1.08222e-15 0)
(2 -1.38286e-15 0)
(2 -1.20926e-15 0)
(2 -1.48285e-15 0)
(2 -1.87216e-15 0)
(2 -2.09478e-15 0)
(2 -1.67728e-15 0)
(2 -1.1527e-15 0)
(2 -6.9589e-16 0)
(2 -6.4459e-16 0)
(2 -6.33341e-16 0)
(2 -6.22166e-16 0)
(2 -4.07312e-16 0)
(2 2.02928e-16 0)
(2 1.02412e-15 0)
(2 1.45874e-15 0)
(2 2.23418e-15 0)
(2 2.82274e-15 0)
(2 2.97416e-15 0)
(2 2.79038e-15 0)
(2 2.76638e-15 0)
(2 2.66838e-15 0)
(2 2.01919e-15 0)
(2 1.85033e-15 0)
(2 1.69765e-15 0)
(2 1.44184e-15 0)
(2 1.1253e-15 0)
(2 1.10614e-15 0)
(2 1.35803e-15 0)
(2 1.65001e-15 0)
(2 1.92107e-15 0)
(2 1.77329e-15 0)
(2 1.55522e-15 0)
(2 1.62373e-15 0)
(2 1.6685e-15 0)
(2 1.66006e-15 0)
(2 1.74413e-15 0)
(2 1.92307e-15 0)
(2 1.98514e-15 0)
(2 2.0448e-15 0)
(2 2.46929e-15 0)
(2 2.61668e-15 0)
(2 2.75604e-15 0)
(2 2.87109e-15 0)
(2 2.87785e-15 0)
(2 2.88999e-15 0)
(2 2.97937e-15 0)
(2 3.22489e-15 0)
(2 3.61679e-15 0)
(2 3.64085e-15 0)
(2 3.4862e-15 0)
(2 3.21983e-15 0)
(2 3.04666e-15 0)
(2 2.63785e-15 0)
(2 2.51705e-15 0)
(2 2.37292e-15 0)
(2 2.42781e-15 0)
(2 2.60157e-15 0)
(2 3.02926e-15 0)
(2 3.30078e-15 0)
(2 3.4863e-15 0)
(2 3.586e-15 0)
(2 3.53956e-15 0)
(2 3.54473e-15 0)
(2 3.89199e-15 0)
(2 3.88205e-15 0)
(2 3.29553e-15 0)
(2 3.07846e-15 0)
(2 2.99626e-15 0)
(2 2.95187e-15 0)
(2 2.95369e-15 0)
(2 3.05322e-15 0)
(2 3.14444e-15 0)
(2 3.23031e-15 0)
(2 3.00177e-15 0)
(2 2.555e-15 0)
(2 2.05005e-15 0)
(2 1.52292e-15 0)
(2 1.45358e-15 0)
(2 1.24725e-15 0)
(2 8.94657e-16 0)
(2 8.67719e-16 0)
(2 8.19061e-16 0)
(2 6.52655e-16 0)
(2 3.72771e-16 0)
(2 3.72706e-16 0)
(2 3.65725e-16 0)
(2 3.86656e-16 0)
(2 5.72479e-16 0)
(2 7.51501e-16 0)
(2 9.39912e-16 0)
(2 1.03118e-15 0)
(2 1.08311e-15 0)
(2 1.10485e-15 0)
(2 1.13043e-15 0)
(2 9.55247e-16 0)
(2 -1.51797e-15 0)
(2 -1.66158e-15 0)
(2 -1.74085e-15 0)
(2 -1.78831e-15 0)
(2 -1.75097e-15 0)
(2 -1.75703e-15 0)
(2 -1.5889e-15 0)
(2 -1.42092e-15 0)
(2 -1.41942e-15 0)
(2 -1.35851e-15 0)
(2 -1.21496e-15 0)
(2 -1.23927e-15 0)
(2 -6.84564e-16 0)
(2 -3.31749e-16 0)
(2 -2.08768e-16 0)
(2 -2.65738e-16 0)
(2 -3.21203e-16 0)
(2 -2.37305e-16 0)
(2 -4.5491e-16 0)
(2 -4.33032e-16 0)
(2 -2.94797e-16 0)
(2 -1.98805e-16 0)
(2 -7.38781e-16 0)
(2 -2.02433e-15 0)
(2 -2.24956e-15 0)
(2 -2.15163e-15 0)
(2 -2.22027e-15 0)
(2 -2.65379e-15 0)
(2 -2.80782e-15 0)
(2 -2.72959e-15 0)
(2 -2.46874e-15 0)
(2 -1.77322e-15 0)
(2 -1.02956e-15 0)
(2 -8.91021e-17 0)
(2 1.71708e-16 0)
(2 2.75645e-16 0)
(2 4.10219e-16 0)
(2 5.63404e-16 0)
(2 9.3522e-16 0)
(2 1.15806e-15 0)
(2 1.13004e-15 0)
(2 8.77036e-16 0)
(2 7.29822e-16 0)
(2 5.82487e-16 0)
(2 4.61211e-16 0)
(2 5.03076e-16 0)
(2 7.17995e-16 0)
(2 8.25831e-16 0)
(2 8.64327e-16 0)
(2 7.93884e-16 0)
(2 6.03871e-16 0)
(2 5.83089e-16 0)
(2 7.48708e-16 0)
(2 8.98614e-16 0)
(2 1.04314e-15 0)
(2 1.16332e-15 0)
(2 1.38469e-15 0)
(2 1.43111e-15 0)
(2 1.48457e-15 0)
(2 1.51933e-15 0)
(2 1.51389e-15 0)
(2 1.66007e-15 0)
(2 1.79204e-15 0)
(2 2.08561e-15 0)
(2 2.22678e-15 0)
(2 2.39932e-15 0)
(2 2.24609e-15 0)
(2 2.04795e-15 0)
(2 2.04018e-15 0)
(2 2.19973e-15 0)
(2 2.32475e-15 0)
(2 2.50256e-15 0)
(2 2.49965e-15 0)
(2 2.21988e-15 0)
(2 2.0883e-15 0)
(2 1.27108e-15 0)
(2 8.7952e-16 0)
(2 1.0104e-15 0)
(2 1.34665e-15 0)
(2 1.96404e-15 0)
(2 2.01803e-15 0)
(2 2.00187e-15 0)
(2 1.89542e-15 0)
(2 1.85815e-15 0)
(2 1.9451e-15 0)
(2 2.0566e-15 0)
(2 2.10199e-15 0)
(2 2.24247e-15 0)
(2 2.80581e-15 0)
(2 3.62787e-15 0)
(2 3.23724e-15 0)
(2 3.04562e-15 0)
(2 2.92973e-15 0)
(2 2.88999e-15 0)
(2 2.9279e-15 0)
(2 2.9803e-15 0)
(2 2.97957e-15 0)
(2 2.86613e-15 0)
(2 2.7328e-15 0)
(2 2.46923e-15 0)
(2 1.95688e-15 0)
(2 1.75845e-15 0)
(2 1.59809e-15 0)
(2 1.4776e-15 0)
(2 1.39573e-15 0)
(2 1.38845e-15 0)
(2 1.25184e-15 0)
(2 9.48601e-16 0)
(2 6.97228e-16 0)
(2 6.33964e-16 0)
(2 6.22746e-16 0)
(2 5.56951e-16 0)
(2 6.11631e-16 0)
(2 9.50939e-16 0)
(2 1.1497e-15 0)
(2 1.18021e-15 0)
(2 1.72406e-15 0)
(2 1.81288e-15 0)
(2 1.93306e-15 0)
(2 2.26021e-15 0)
(2 -2.69014e-15 0)
(2 -2.78037e-15 0)
(2 -2.81306e-15 0)
(2 -2.78013e-15 0)
(2 -2.35645e-15 0)
(2 -2.26679e-15 0)
(2 -1.85904e-15 0)
(2 -1.65329e-15 0)
(2 -1.50318e-15 0)
(2 -1.55499e-15 0)
(2 -1.48022e-15 0)
(2 -1.4789e-15 0)
(2 -1.84547e-15 0)
(2 -1.59018e-15 0)
(2 -1.35076e-15 0)
(2 -1.05829e-15 0)
(2 -1.21145e-15 0)
(2 -1.4796e-15 0)
(2 -1.63569e-15 0)
(2 -1.51437e-15 0)
(2 -1.40926e-15 0)
(2 -1.49799e-15 0)
(2 -1.53294e-15 0)
(2 -1.4961e-15 0)
(2 -1.49387e-15 0)
(2 -1.40627e-15 0)
(2 -1.65763e-15 0)
(2 -2.02604e-15 0)
(2 -1.93241e-15 0)
(2 -1.93165e-15 0)
(2 -1.89519e-15 0)
(2 -1.70997e-15 0)
(2 -1.36985e-15 0)
(2 -1.05331e-15 0)
(2 -6.89727e-16 0)
(2 2.52171e-16 0)
(2 5.93689e-16 0)
(2 6.04529e-16 0)
(2 -5.80942e-17 0)
(2 -5.19629e-16 0)
(2 -7.18533e-16 0)
(2 -1.00282e-15 0)
(2 -1.35457e-15 0)
(2 -1.32136e-15 0)
(2 -1.24329e-15 0)
(2 -1.09413e-15 0)
(2 -1.02219e-15 0)
(2 -9.23325e-16 0)
(2 -7.34719e-16 0)
(2 -6.25713e-16 0)
(2 -5.53659e-16 0)
(2 -5.96029e-16 0)
(2 -6.7202e-16 0)
(2 -7.15045e-16 0)
(2 -7.26131e-16 0)
(2 -6.0136e-16 0)
(2 -3.20696e-16 0)
(2 -4.04913e-17 0)
(2 1.99039e-16 0)
(2 5.51789e-16 0)
(2 8.79921e-16 0)
(2 8.62169e-16 0)
(2 6.61359e-16 0)
(2 4.3879e-16 0)
(2 3.22951e-16 0)
(2 3.02972e-16 0)
(2 -1.20334e-16 0)
(2 -3.50864e-16 0)
(2 -3.12662e-16 0)
(2 8.0139e-17 0)
(2 3.77288e-16 0)
(2 3.89e-16 0)
(2 4.15027e-16 0)
(2 2.58522e-17 0)
(2 -1.55478e-16 0)
(2 4.14658e-16 0)
(2 7.4369e-16 0)
(2 1.16308e-15 0)
(2 1.38091e-15 0)
(2 1.50838e-15 0)
(2 1.44631e-15 0)
(2 1.27995e-15 0)
(2 1.20152e-15 0)
(2 9.432e-16 0)
(2 4.77288e-16 0)
(2 4.45838e-16 0)
(2 6.54106e-16 0)
(2 3.47541e-16 0)
(2 8.71316e-16 0)
(2 1.01788e-15 0)
(2 1.20205e-15 0)
(2 1.34222e-15 0)
(2 1.40989e-15 0)
(2 1.45772e-15 0)
(2 1.47063e-15 0)
(2 1.49805e-15 0)
(2 1.39344e-15 0)
(2 1.17413e-15 0)
(2 9.64269e-16 0)
(2 8.33293e-16 0)
(2 7.65422e-16 0)
(2 8.7059e-16 0)
(2 1.0057e-15 0)
(2 3.17831e-16 0)
(2 1.65909e-16 0)
(2 4.2124e-17 0)
(2 5.34092e-18 0)
(2 -2.83655e-17 0)
(2 -5.78973e-17 0)
(2 -2.64908e-16 0)
(2 -1.5306e-16 0)
(2 4.27985e-16 0)
(2 8.27287e-16 0)
(2 1.14738e-15 0)
(2 1.28329e-15 0)
(2 1.4046e-15 0)
(2 1.85813e-15 0)
(2 2.13634e-15 0)
(2 2.49486e-15 0)
(2 2.89282e-15 0)
(2 -3.17217e-15 0)
(2 -2.91849e-15 0)
(2 -2.45084e-15 0)
(2 -2.18579e-15 0)
(2 -2.21087e-15 0)
(2 -2.14114e-15 0)
(2 -1.94128e-15 0)
(2 -1.83746e-15 0)
(2 -2.01077e-15 0)
(2 -2.34214e-15 0)
(2 -2.58452e-15 0)
(2 -2.42284e-15 0)
(2 -2.4535e-15 0)
(2 -2.64185e-15 0)
(2 -2.53272e-15 0)
(2 -2.63169e-15 0)
(2 -1.66743e-15 0)
(2 -8.80422e-16 0)
(2 -2.64614e-16 0)
(2 -2.05491e-16 0)
(2 -3.63534e-16 0)
(2 -5.03032e-16 0)
(2 -6.00337e-16 0)
(2 -6.38318e-16 0)
(2 -5.86799e-16 0)
(2 -5.62271e-16 0)
(2 -8.9372e-16 0)
(2 -1.14247e-15 0)
(2 -1.15893e-15 0)
(2 -1.24439e-15 0)
(2 -1.37814e-15 0)
(2 -1.49552e-15 0)
(2 -1.68112e-15 0)
(2 -1.8748e-15 0)
(2 -1.75382e-15 0)
(2 -1.32865e-15 0)
(2 -1.24701e-15 0)
(2 -1.48379e-15 0)
(2 -2.22343e-15 0)
(2 -2.84698e-15 0)
(2 -2.89043e-15 0)
(2 -2.79797e-15 0)
(2 -2.93164e-15 0)
(2 -2.54042e-15 0)
(2 -2.11526e-15 0)
(2 -1.88105e-15 0)
(2 -1.66058e-15 0)
(2 -1.63377e-15 0)
(2 -1.5636e-15 0)
(2 -1.41794e-15 0)
(2 -1.28562e-15 0)
(2 -1.17685e-15 0)
(2 -1.03648e-15 0)
(2 -6.29837e-16 0)
(2 -2.16718e-16 0)
(2 2.32168e-16 0)
(2 4.31128e-16 0)
(2 5.41642e-16 0)
(2 1.11744e-15 0)
(2 1.54855e-15 0)
(2 1.81845e-15 0)
(2 1.74153e-15 0)
(2 1.66511e-15 0)
(2 1.58105e-15 0)
(2 1.21267e-15 0)
(2 8.70106e-16 0)
(2 3.63122e-16 0)
(2 2.35246e-16 0)
(2 -7.72067e-17 0)
(2 -3.92714e-16 0)
(2 -5.15652e-16 0)
(2 -7.44676e-16 0)
(2 -9.50491e-16 0)
(2 -7.20583e-16 0)
(2 -6.18546e-16 0)
(2 -2.15978e-16 0)
(2 -6.42646e-17 0)
(2 -8.24695e-17 0)
(2 -1.47485e-16 0)
(2 -6.20351e-16 0)
(2 -8.93814e-16 0)
(2 -9.33994e-16 0)
(2 -7.29014e-16 0)
(2 -4.48648e-16 0)
(2 -3.51824e-16 0)
(2 -3.06187e-16 0)
(2 -1.87591e-17 0)
(2 9.0783e-17 0)
(2 7.45538e-17 0)
(2 -1.97652e-16 0)
(2 -5.14572e-17 0)
(2 2.17431e-17 0)
(2 4.84377e-17 0)
(2 -2.34748e-17 0)
(2 -2.95276e-17 0)
(2 8.21245e-17 0)
(2 1.78999e-17 0)
(2 6.67239e-17 0)
(2 2.78484e-16 0)
(2 6.9993e-16 0)
(2 5.27508e-16 0)
(2 5.2611e-16 0)
(2 1.71294e-17 0)
(2 -2.2824e-16 0)
(2 -4.39816e-16 0)
(2 -6.11648e-16 0)
(2 -6.41596e-16 0)
(2 -5.49627e-16 0)
(2 -3.22599e-16 0)
(2 -3.57573e-16 0)
(2 -2.28044e-16 0)
(2 6.94808e-16 0)
(2 1.20404e-15 0)
(2 1.41232e-15 0)
(2 1.84902e-15 0)
(2 2.51338e-15 0)
(2 2.87459e-15 0)
(2 3.06692e-15 0)
(2 3.11005e-15 0)
(2 3.23767e-15 0)
(2 -4.94807e-16 0)
(2 -1.98969e-16 0)
(2 -9.11793e-17 0)
(2 -1.16386e-16 0)
(2 -7.65544e-17 0)
(2 6.11627e-17 0)
(2 -1.03635e-15 0)
(2 -1.45488e-15 0)
(2 -1.61217e-15 0)
(2 -1.61478e-15 0)
(2 -1.57638e-15 0)
(2 -1.58534e-15 0)
(2 -1.58482e-15 0)
(2 -1.34828e-15 0)
(2 -1.21213e-15 0)
(2 -8.3372e-16 0)
(2 -6.61115e-16 0)
(2 7.21743e-17 0)
(2 7.34165e-16 0)
(2 1.27054e-15 0)
(2 1.35038e-15 0)
(2 1.35027e-15 0)
(2 1.48153e-15 0)
(2 1.80707e-15 0)
(2 2.07891e-15 0)
(2 1.29963e-15 0)
(2 7.41085e-16 0)
(2 3.72215e-16 0)
(2 6.23626e-17 0)
(2 -2.46278e-17 0)
(2 -1.13108e-16 0)
(2 -3.73905e-16 0)
(2 -1.04806e-15 0)
(2 -1.08365e-15 0)
(2 -1.10227e-15 0)
(2 -1.04519e-15 0)
(2 -1.23643e-15 0)
(2 -1.88086e-15 0)
(2 -2.35955e-15 0)
(2 -2.46879e-15 0)
(2 -2.63256e-15 0)
(2 -2.47171e-15 0)
(2 -1.95042e-15 0)
(2 -1.71852e-15 0)
(2 -1.6951e-15 0)
(2 -1.61089e-15 0)
(2 -1.51732e-15 0)
(2 -1.42784e-15 0)
(2 -1.30189e-15 0)
(2 -1.06181e-15 0)
(2 -8.49499e-16 0)
(2 -9.4203e-16 0)
(2 -3.45995e-16 0)
(2 1.89066e-16 0)
(2 3.6088e-16 0)
(2 9.6528e-16 0)
(2 1.18553e-15 0)
(2 2.04121e-15 0)
(2 2.72595e-15 0)
(2 2.70211e-15 0)
(2 2.90531e-15 0)
(2 3.20659e-15 0)
(2 3.28225e-15 0)
(2 3.2187e-15 0)
(2 3.14604e-15 0)
(2 3.00242e-15 0)
(2 2.6526e-15 0)
(2 2.3299e-15 0)
(2 1.67634e-15 0)
(2 8.54201e-16 0)
(2 7.07962e-16 0)
(2 7.3307e-16 0)
(2 6.24898e-16 0)
(2 2.19696e-16 0)
(2 5.0532e-17 0)
(2 -9.57872e-18 0)
(2 1.2423e-17 0)
(2 -4.66479e-18 0)
(2 -1.30448e-16 0)
(2 -2.76126e-16 0)
(2 -4.36953e-16 0)
(2 -4.16685e-16 0)
(2 -7.73834e-17 0)
(2 1.60728e-16 0)
(2 3.17303e-16 0)
(2 1.25168e-16 0)
(2 3.74814e-17 0)
(2 -9.61512e-16 0)
(2 -7.48504e-16 0)
(2 -2.36402e-16 0)
(2 2.23375e-16 0)
(2 2.65511e-16 0)
(2 1.35308e-16 0)
(2 7.10302e-17 0)
(2 4.57643e-16 0)
(2 6.16435e-16 0)
(2 4.2188e-16 0)
(2 4.08986e-16 0)
(2 6.00686e-16 0)
(2 8.63721e-16 0)
(2 4.95846e-16 0)
(2 1.27173e-16 0)
(2 -1.43576e-16 0)
(2 -1.35519e-16 0)
(2 3.78715e-17 0)
(2 4.86236e-16 0)
(2 6.59133e-16 0)
(2 9.87634e-16 0)
(2 8.78695e-16 0)
(2 5.4552e-16 0)
(2 4.09136e-16 0)
(2 3.29134e-16 0)
(2 7.05746e-16 0)
(2 9.88981e-16 0)
(2 1.05924e-15 0)
(2 1.2502e-15 0)
(2 1.30095e-15 0)
(2 2.00758e-15 0)
(2 2.15459e-15 0)
(2 1.45262e-15 0)
(2 -7.37482e-16 0)
(2 -7.37677e-16 0)
(2 -8.78771e-16 0)
(2 -9.02611e-16 0)
(2 -8.86728e-16 0)
(2 -1.21578e-15 0)
(2 -1.35614e-15 0)
(2 -9.13002e-16 0)
(2 -7.67113e-16 0)
(2 -8.20361e-16 0)
(2 -8.63418e-16 0)
(2 -8.26844e-16 0)
(2 -6.05537e-16 0)
(2 -4.24594e-16 0)
(2 -4.56304e-16 0)
(2 -6.85977e-16 0)
(2 -9.54254e-16 0)
(2 -1.3993e-15 0)
(2 -1.31838e-15 0)
(2 -1.03444e-15 0)
(2 -5.66428e-16 0)
(2 4.16857e-16 0)
(2 1.11277e-15 0)
(2 1.36874e-15 0)
(2 1.36134e-15 0)
(2 1.23142e-15 0)
(2 1.14236e-15 0)
(2 9.80457e-16 0)
(2 5.30625e-16 0)
(2 2.42961e-16 0)
(2 1.1467e-16 0)
(2 -1.67288e-16 0)
(2 -3.59769e-16 0)
(2 -7.56631e-16 0)
(2 -8.52403e-16 0)
(2 -9.59683e-16 0)
(2 -1.24446e-15 0)
(2 -1.86827e-15 0)
(2 -2.17597e-15 0)
(2 -2.14661e-15 0)
(2 -1.55593e-15 0)
(2 -1.38466e-15 0)
(2 -1.16043e-15 0)
(2 -1.17733e-15 0)
(2 -1.19188e-15 0)
(2 -1.18169e-15 0)
(2 -1.19307e-15 0)
(2 -1.12052e-15 0)
(2 -1.14099e-15 0)
(2 -5.21222e-16 0)
(2 -1.98863e-16 0)
(2 7.49703e-17 0)
(2 3.35801e-16 0)
(2 3.66899e-16 0)
(2 3.36135e-16 0)
(2 3.81784e-16 0)
(2 3.25948e-16 0)
(2 1.75038e-16 0)
(2 -6.35769e-17 0)
(2 -1.51066e-16 0)
(2 -1.1053e-16 0)
(2 -8.13712e-17 0)
(2 -8.98826e-17 0)
(2 -6.72769e-17 0)
(2 -9.51886e-17 0)
(2 -2.9933e-17 0)
(2 -4.70216e-17 0)
(2 -6.6022e-17 0)
(2 -1.18882e-16 0)
(2 2.72571e-16 0)
(2 3.8054e-16 0)
(2 4.03969e-16 0)
(2 4.15239e-16 0)
(2 4.25765e-16 0)
(2 4.90334e-16 0)
(2 6.46469e-16 0)
(2 8.20605e-16 0)
(2 9.46286e-16 0)
(2 1.06296e-15 0)
(2 1.20783e-15 0)
(2 9.91703e-16 0)
(2 8.8086e-16 0)
(2 8.18559e-16 0)
(2 8.21523e-17 0)
(2 4.24615e-17 0)
(2 -4.24044e-16 0)
(2 -9.63102e-16 0)
(2 -1.0913e-15 0)
(2 -7.65096e-16 0)
(2 -5.78163e-16 0)
(2 -6.80567e-16 0)
(2 -5.57619e-16 0)
(2 -4.07172e-16 0)
(2 -4.7955e-16 0)
(2 -3.72702e-16 0)
(2 -1.61001e-16 0)
(2 3.60452e-16 0)
(2 6.33046e-16 0)
(2 5.09973e-16 0)
(2 9.54176e-17 0)
(2 4.66515e-18 0)
(2 -1.26274e-16 0)
(2 -1.76992e-16 0)
(2 4.21625e-17 0)
(2 4.39664e-16 0)
(2 4.51894e-16 0)
(2 8.20861e-17 0)
(2 -1.38813e-16 0)
(2 -6.64988e-16 0)
(2 -6.04544e-16 0)
(2 -9.02278e-16 0)
(2 -1.24798e-15 0)
(2 -1.63981e-15 0)
(2 -1.68224e-15 0)
(2 -1.78185e-15 0)
(2 -1.9128e-15 0)
(2 -1.98191e-15 0)
(2 -2.09294e-15 0)
(2 -2.06791e-15 0)
(2 -2.06453e-15 0)
(2 -1.3519e-15 0)
(2 -1.49072e-15 0)
(2 -1.62104e-15 0)
(2 -1.81577e-15 0)
(2 -2.08596e-15 0)
(2 -2.98585e-15 0)
(2 -3.33798e-15 0)
(2 -3.09911e-15 0)
(2 -2.79629e-15 0)
(2 -2.63524e-15 0)
(2 -2.86887e-15 0)
(2 -2.83301e-15 0)
(2 -2.75407e-15 0)
(2 -2.68899e-15 0)
(2 -2.60105e-15 0)
(2 -2.41353e-15 0)
(2 -1.78808e-15 0)
(2 -1.74465e-15 0)
(2 -1.59727e-15 0)
(2 -1.57719e-15 0)
(2 -1.44259e-15 0)
(2 -1.22805e-15 0)
(2 -6.45479e-16 0)
(2 -4.47328e-16 0)
(2 -5.19738e-16 0)
(2 -5.80184e-16 0)
(2 -6.02709e-16 0)
(2 -4.08717e-16 0)
(2 -3.79669e-16 0)
(2 -6.1474e-17 0)
(2 -1.3697e-16 0)
(2 -1.31397e-15 0)
(2 -1.7653e-15 0)
(2 -2.31049e-15 0)
(2 -2.84708e-15 0)
(2 -3.13571e-15 0)
(2 -3.20894e-15 0)
(2 -2.90317e-15 0)
(2 -2.76163e-15 0)
(2 -2.55088e-15 0)
(2 -2.40732e-15 0)
(2 -2.22979e-15 0)
(2 -2.10136e-15 0)
(2 -2.09114e-15 0)
(2 -2.08745e-15 0)
(2 -2.07496e-15 0)
(2 -1.97319e-15 0)
(2 -1.89295e-15 0)
(2 -1.71402e-15 0)
(2 -1.66954e-15 0)
(2 -1.498e-15 0)
(2 -1.22979e-15 0)
(2 -9.4601e-16 0)
(2 -9.80077e-16 0)
(2 -1.07231e-15 0)
(2 -1.2594e-15 0)
(2 -1.58039e-15 0)
(2 -1.91333e-15 0)
(2 -2.07312e-15 0)
(2 -2.09764e-15 0)
(2 -2.2754e-15 0)
(2 -2.69546e-15 0)
(2 -2.84843e-15 0)
(2 -2.82065e-15 0)
(2 -2.7467e-15 0)
(2 -2.6439e-15 0)
(2 -2.42035e-15 0)
(2 -2.22666e-15 0)
(2 -1.94491e-15 0)
(2 -1.74341e-15 0)
(2 -1.76208e-15 0)
(2 -1.72476e-15 0)
(2 -1.4775e-15 0)
(2 -1.42784e-15 0)
(2 -1.08414e-15 0)
(2 -7.17649e-16 0)
(2 -7.36679e-16 0)
(2 -8.24331e-16 0)
(2 -6.8662e-16 0)
(2 -6.5486e-16 0)
(2 -6.85231e-16 0)
(2 -7.86358e-16 0)
(2 -1.05352e-15 0)
(2 -1.51162e-15 0)
(2 -1.91481e-15 0)
(2 -2.25928e-15 0)
(2 -2.36209e-15 0)
(2 -2.34277e-15 0)
(2 -2.69461e-15 0)
(2 -3.01867e-15 0)
(2 -3.2604e-15 0)
(2 -2.58995e-15 0)
(2 -1.69042e-15 0)
(2 -1.32415e-15 0)
(2 -1.1924e-15 0)
(2 -1.16292e-15 0)
(2 -1.36671e-15 0)
(2 -1.50713e-15 0)
(2 -1.37107e-15 0)
(2 -1.28082e-15 0)
(2 -1.35947e-15 0)
(2 -1.62349e-15 0)
(2 -1.72426e-15 0)
(2 -1.85046e-15 0)
(2 -2.2697e-15 0)
(2 -2.64519e-15 0)
(2 -2.99365e-15 0)
(2 -3.156e-15 0)
(2 -3.22793e-15 0)
(2 -3.15803e-15 0)
(2 -3.20605e-15 0)
(2 -3.13308e-15 0)
(2 -3.35445e-15 0)
(2 -3.64593e-15 0)
(2 -4.09187e-15 0)
(2 -4.06875e-15 0)
(2 -3.85184e-15 0)
(2 -3.8153e-15 0)
(2 -3.64087e-15 0)
(2 -3.45583e-15 0)
(2 -1.77782e-16 0)
(2 -3.00267e-16 0)
(2 -5.14773e-16 0)
(2 -7.3362e-16 0)
(2 -9.66645e-16 0)
(2 -1.26613e-15 0)
(2 -1.63892e-15 0)
(2 -1.84838e-15 0)
(2 -1.8791e-15 0)
(2 -1.79548e-15 0)
(2 -1.55055e-15 0)
(2 -1.43298e-15 0)
(2 -1.3048e-15 0)
(2 -1.30172e-15 0)
(2 -1.37793e-15 0)
(2 -1.32828e-15 0)
(2 -1.25754e-15 0)
(2 -7.34892e-16 0)
(2 -7.83582e-16 0)
(2 -9.18774e-16 0)
(2 -1.12019e-15 0)
(2 -1.10124e-15 0)
(2 -8.0033e-16 0)
(2 -5.32618e-16 0)
(2 -2.11622e-16 0)
(2 -5.39933e-17 0)
(2 1.78725e-16 0)
(2 1.95186e-16 0)
(2 8.49311e-17 0)
(2 -8.03792e-17 0)
(2 -2.35398e-16 0)
(2 -2.21351e-16 0)
(2 -2.8298e-16 0)
(2 -3.50554e-16 0)
(2 -6.09369e-16 0)
(2 -1.38668e-15 0)
(2 -1.85382e-15 0)
(2 -2.0131e-15 0)
(2 -2.01865e-15 0)
(2 -1.90365e-15 0)
(2 -1.77562e-15 0)
(2 -1.77104e-15 0)
(2 -1.87924e-15 0)
(2 -1.84596e-15 0)
(2 -1.53585e-15 0)
(2 -1.1833e-15 0)
(2 -8.79027e-16 0)
(2 -7.87461e-16 0)
(2 -1.0431e-15 0)
(2 -1.36658e-15 0)
(2 -1.84486e-15 0)
(2 -9.96414e-16 0)
(2 -3.19618e-16 0)
(2 -1.10954e-16 0)
(2 -4.81102e-16 0)
(2 -1.02619e-15 0)
(2 -1.10289e-15 0)
(2 -1.72511e-15 0)
(2 -2.23479e-15 0)
(2 -2.88968e-15 0)
(2 -3.08498e-15 0)
(2 -3.27629e-15 0)
(2 -3.23522e-15 0)
(2 -3.33263e-15 0)
(2 -2.95417e-15 0)
(2 -2.66431e-15 0)
(2 -2.42604e-15 0)
(2 -2.38946e-15 0)
(2 -2.41184e-15 0)
(2 -2.60916e-15 0)
(2 -2.54477e-15 0)
(2 -2.25419e-15 0)
(2 -2.12555e-15 0)
(2 -1.46462e-15 0)
(2 -7.66353e-16 0)
(2 -5.04185e-16 0)
(2 -4.34467e-16 0)
(2 -2.93722e-16 0)
(2 -5.11989e-16 0)
(2 -6.49724e-16 0)
(2 -7.93529e-16 0)
(2 -1.07e-15 0)
(2 -1.36284e-15 0)
(2 -1.69185e-15 0)
(2 -2.00892e-15 0)
(2 -2.35976e-15 0)
(2 -2.31757e-15 0)
(2 -2.70066e-15 0)
(2 -3.23276e-15 0)
(2 -3.27303e-15 0)
(2 -2.94584e-15 0)
(2 -2.91334e-15 0)
(2 -2.3658e-15 0)
(2 -2.09711e-15 0)
(2 -1.85255e-15 0)
(2 -1.62852e-15 0)
(2 -1.5671e-15 0)
(2 -1.34738e-15 0)
(2 -1.34494e-15 0)
(2 -1.53303e-15 0)
(2 -1.67442e-15 0)
(2 -1.67324e-15 0)
(2 -1.73682e-15 0)
(2 -1.84523e-15 0)
(2 -2.055e-15 0)
(2 -2.41327e-15 0)
(2 -2.88073e-15 0)
(2 -3.29376e-15 0)
(2 -3.40643e-15 0)
(2 -3.13616e-15 0)
(2 -2.47563e-15 0)
(2 -2.22809e-15 0)
(2 -2.28516e-15 0)
(2 -2.42204e-15 0)
(2 -3.06027e-15 0)
(2 -3.56152e-15 0)
(2 -3.63641e-15 0)
(2 -3.6165e-15 0)
(2 -3.3743e-15 0)
(2 -2.93797e-15 0)
(2 -7.59422e-16 0)
(2 -8.35107e-16 0)
(2 -2.38733e-16 0)
(2 -2.79639e-18 0)
(2 3.31449e-16 0)
(2 4.55088e-16 0)
(2 5.61595e-16 0)
(2 6.4783e-16 0)
(2 5.30881e-16 0)
(2 2.34276e-16 0)
(2 5.84623e-17 0)
(2 -2.0987e-16 0)
(2 -4.39715e-16 0)
(2 -4.97528e-16 0)
(2 -6.39518e-16 0)
(2 -6.63657e-16 0)
(2 -4.41555e-16 0)
(2 -2.81673e-16 0)
(2 -9.90505e-17 0)
(2 -3.92065e-16 0)
(2 -1.0141e-15 0)
(2 -1.61197e-15 0)
(2 -1.10653e-15 0)
(2 2.23111e-16 0)
(2 6.23203e-16 0)
(2 8.48861e-16 0)
(2 9.11123e-16 0)
(2 8.76457e-16 0)
(2 7.99905e-16 0)
(2 6.8164e-16 0)
(2 5.4697e-16 0)
(2 3.86659e-16 0)
(2 3.24814e-16 0)
(2 2.23894e-16 0)
(2 2.19576e-16 0)
(2 2.07234e-16 0)
(2 1.73093e-16 0)
(2 -3.41963e-16 0)
(2 -9.36918e-16 0)
(2 -1.1885e-15 0)
(2 -1.18903e-15 0)
(2 -1.31804e-15 0)
(2 -1.31075e-15 0)
(2 -1.02869e-15 0)
(2 -7.98971e-16 0)
(2 -6.20596e-16 0)
(2 -2.45294e-16 0)
(2 -1.47389e-16 0)
(2 2.42091e-16 0)
(2 6.67727e-16 0)
(2 7.91468e-16 0)
(2 6.48921e-16 0)
(2 8.33058e-16 0)
(2 1.17695e-15 0)
(2 1.03663e-15 0)
(2 -1.34135e-16 0)
(2 -7.31559e-16 0)
(2 -1.14525e-15 0)
(2 -1.49321e-15 0)
(2 -2.03288e-15 0)
(2 -2.404e-15 0)
(2 -2.40884e-15 0)
(2 -2.15288e-15 0)
(2 -2.45587e-15 0)
(2 -2.86557e-15 0)
(2 -3.17219e-15 0)
(2 -3.38417e-15 0)
(2 -3.61875e-15 0)
(2 -3.41406e-15 0)
(2 -3.19096e-15 0)
(2 -2.86086e-15 0)
(2 -2.40554e-15 0)
(2 -1.8223e-15 0)
(2 -1.12567e-15 0)
(2 -1.09216e-15 0)
(2 -8.40684e-16 0)
(2 -4.10563e-16 0)
(2 -1.50937e-16 0)
(2 -1.18341e-16 0)
(2 -2.02707e-16 0)
(2 -2.93759e-16 0)
(2 -2.02513e-16 0)
(2 -5.80737e-16 0)
(2 -1.10671e-15 0)
(2 -1.18562e-15 0)
(2 -1.31649e-15 0)
(2 -1.87439e-15 0)
(2 -2.13433e-15 0)
(2 -2.32646e-15 0)
(2 -2.16024e-15 0)
(2 -2.94028e-15 0)
(2 -3.28559e-15 0)
(2 -3.11741e-15 0)
(2 -2.06087e-15 0)
(2 -1.38666e-15 0)
(2 -1.27848e-15 0)
(2 -7.14072e-16 0)
(2 -6.85286e-16 0)
(2 -2.9896e-16 0)
(2 -2.69981e-16 0)
(2 -1.13565e-16 0)
(2 3.93761e-17 0)
(2 1.64859e-17 0)
(2 -2.08167e-17 0)
(2 -1.44799e-16 0)
(2 -3.69819e-16 0)
(2 -3.99044e-16 0)
(2 -4.65013e-16 0)
(2 -8.71796e-16 0)
(2 -1.73197e-15 0)
(2 -2.18728e-15 0)
(2 -2.34165e-15 0)
(2 -2.44825e-15 0)
(2 -2.69418e-15 0)
(2 -2.8285e-15 0)
(2 -2.89615e-15 0)
(2 -2.77371e-15 0)
(2 -2.58636e-15 0)
(2 -2.57084e-15 0)
(2 -2.1906e-15 0)
(2 -1.0478e-16 0)
(2 2.4632e-16 0)
(2 8.5785e-16 0)
(2 1.29746e-15 0)
(2 1.32659e-15 0)
(2 1.35154e-15 0)
(2 2.79295e-15 0)
(2 3.02468e-15 0)
(2 2.87004e-15 0)
(2 2.62738e-15 0)
(2 2.19616e-15 0)
(2 1.80931e-15 0)
(2 1.35564e-15 0)
(2 1.10374e-15 0)
(2 1.03685e-15 0)
(2 9.77146e-16 0)
(2 8.51226e-16 0)
(2 7.49649e-16 0)
(2 5.20737e-16 0)
(2 4.55438e-16 0)
(2 2.76308e-16 0)
(2 7.6369e-17 0)
(2 -1.02503e-16 0)
(2 5.13298e-16 0)
(2 7.15061e-16 0)
(2 8.95281e-16 0)
(2 1.03557e-15 0)
(2 1.06535e-15 0)
(2 1.01663e-15 0)
(2 9.73272e-16 0)
(2 6.99418e-16 0)
(2 3.63076e-16 0)
(2 1.53261e-16 0)
(2 1.21334e-17 0)
(2 3.54055e-16 0)
(2 5.18933e-16 0)
(2 6.40284e-16 0)
(2 6.07006e-16 0)
(2 4.84281e-16 0)
(2 4.98729e-16 0)
(2 8.50354e-16 0)
(2 9.83734e-16 0)
(2 9.26922e-16 0)
(2 8.99113e-16 0)
(2 9.13069e-16 0)
(2 9.04977e-16 0)
(2 9.2104e-16 0)
(2 9.92934e-16 0)
(2 2.24916e-15 0)
(2 8.382e-16 0)
(2 -8.42189e-16 0)
(2 -1.54896e-15 0)
(2 -1.20438e-15 0)
(2 -1.18817e-15 0)
(2 -1.35198e-15 0)
(2 -1.89959e-15 0)
(2 4.53838e-16 0)
(2 2.10116e-16 0)
(2 3.04039e-16 0)
(2 8.13835e-16 0)
(2 4.39249e-16 0)
(2 -2.72118e-16 0)
(2 -1.34892e-15 0)
(2 -1.34822e-15 0)
(2 -8.02446e-16 0)
(2 1.74595e-16 0)
(2 8.34363e-16 0)
(2 3.0459e-15 0)
(2 2.64602e-15 0)
(2 1.52967e-15 0)
(2 8.74434e-16 0)
(2 7.59728e-16 0)
(2 1.39412e-15 0)
(2 9.19024e-17 0)
(2 1.1743e-15 0)
(2 2.90797e-15 0)
(2 3.70674e-15 0)
(2 3.30266e-15 0)
(2 2.91549e-15 0)
(2 1.39384e-15 0)
(2 1.18876e-15 0)
(2 -3.05649e-16 0)
(2 4.92684e-16 0)
(2 8.30663e-16 0)
(2 1.32959e-15 0)
(2 1.21784e-15 0)
(2 9.99368e-17 0)
(2 -1.04632e-15 0)
(2 1.34557e-15 0)
(2 2.29617e-17 0)
(2 4.89094e-16 0)
(2 9.65294e-16 0)
(2 1.35279e-15 0)
(2 7.53766e-16 0)
(2 4.96005e-16 0)
(2 -1.56874e-16 0)
(2 3.14873e-15 0)
(2 1.52468e-15 0)
(2 -1.97004e-16 0)
(2 5.96517e-17 0)
(2 5.06387e-16 0)
(2 7.86911e-16 0)
(2 1.90718e-15 0)
(2 1.07718e-15 0)
(2 2.50221e-15 0)
(2 1.27535e-15 0)
(2 -3.28308e-16 0)
(2 -2.57004e-17 0)
(2 3.60419e-16 0)
(2 1.49526e-15 0)
(2 2.10929e-15 0)
(2 3.20082e-15 0)
(2 2.05535e-15 0)
(2 1.40883e-15 0)
(2 1.89218e-15 0)
(2 3.63457e-15 0)
(2 4.17309e-15 0)
(2 4.21524e-15 0)
(2 4.85441e-15 0)
(2 5.62857e-15 0)
(2 1.70052e-15 0)
(2 3.31394e-15 0)
(2 2.87637e-15 0)
(2 1.64007e-15 0)
(2 1.92501e-15 0)
(2 1.82134e-15 0)
(2 1.71028e-15 0)
(2 7.98056e-16 0)
(2 2.66869e-15 0)
(2 3.98558e-15 0)
(2 4.12871e-15 0)
(2 3.12863e-15 0)
(2 2.1481e-15 0)
(2 1.02452e-15 0)
(2 6.11908e-17 0)
(2 -1.10449e-15 0)
(2 3.08518e-15 0)
(2 3.44965e-15 0)
(2 4.07393e-15 0)
(2 5.38557e-15 0)
(2 4.96974e-15 0)
(2 4.72462e-15 0)
(2 3.64443e-15 0)
(2 2.5342e-15 0)
(2 2.93816e-15 0)
(2 3.48223e-15 0)
(2 4.07335e-15 0)
(2 2.96301e-15 0)
(2 2.99084e-15 0)
(2 3.33097e-15 0)
(2 2.89683e-15 0)
(2 1.30625e-15 0)
(2 2.68155e-15 0)
(2 2.46968e-15 0)
(2 2.535e-15 0)
(2 1.87865e-15 0)
(2 -4.16936e-16 0)
(2 -1.30816e-15 0)
(2 -1.33454e-15 0)
(2 -2.17937e-15 0)
(2 2.15119e-15 0)
(2 7.88118e-16 0)
(2 5.84229e-16 0)
(2 1.22037e-15 0)
(2 -5.71545e-16 0)
(2 -2.32987e-15 0)
(2 -3.53035e-15 0)
(2 -3.99363e-15 0)
(2 -1.08977e-15 0)
(2 -1.37379e-15 0)
(2 -1.17215e-15 0)
(2 -1.21914e-15 0)
(2 -1.04503e-15 0)
(2 -7.31175e-16 0)
(2 4.64652e-16 0)
(2 1.63862e-15 0)
(2 -3.0722e-15 0)
(2 -2.47309e-15 0)
(2 -1.69987e-15 0)
(2 -8.49925e-16 0)
(2 -4.69636e-16 0)
(2 4.01002e-17 0)
(2 -3.60846e-16 0)
(2 -7.63948e-17 0)
(2 -2.2532e-15 0)
(2 -1.26837e-15 0)
(2 -1.72999e-15 0)
(2 -2.02103e-15 0)
(2 -2.1959e-16 0)
(2 -1.0567e-16 0)
(2 -1.21906e-15 0)
(2 -1.8263e-15 0)
(2 -1.95552e-15 0)
(2 -2.00234e-15 0)
(2 -2.0848e-15 0)
(2 -2.2566e-15 0)
(2 -1.81559e-15 0)
(2 -1.30128e-15 0)
(2 -1.53519e-16 0)
(2 9.60228e-16 0)
)
;

boundaryField
{
    inlet
    {
        type            fixedValue;
        value           nonuniform 0();
    }
    outlet
    {
        type            inletOutlet;
        inletValue      nonuniform 0();
        value           nonuniform 0();
    }
    bottom
    {
        type            symmetryPlane;
    }
    top
    {
        type            symmetryPlane;
    }
    obstacle
    {
        type            slip;
    }
    front
    {
        type            empty;
    }
    back
    {
        type            empty;
    }
    procBoundary26to17
    {
        type            processor;
        value           uniform (2 6.09645e-16 0);
    }
    procBoundary26to18
    {
        type            processor;
        value           nonuniform List<vector> 
129
(
(2 -1.91229e-15 0)
(2 -1.71139e-15 0)
(2 -1.35149e-15 0)
(2 -1.08841e-15 0)
(2 -1.22776e-15 0)
(2 -1.44427e-15 0)
(2 -1.59638e-15 0)
(2 -1.637e-15 0)
(2 -1.5594e-15 0)
(2 -1.49074e-15 0)
(2 -2.58749e-16 0)
(2 2.73225e-16 0)
(2 3.16138e-16 0)
(2 3.2755e-16 0)
(2 1.50907e-16 0)
(2 -6.4127e-16 0)
(2 -8.69161e-16 0)
(2 -1.03985e-15 0)
(2 -1.68983e-15 0)
(2 -2.19564e-15 0)
(2 -2.5285e-15 0)
(2 -3.09275e-15 0)
(2 -3.21799e-15 0)
(2 -3.22708e-15 0)
(2 -3.18457e-15 0)
(2 -3.21859e-15 0)
(2 -3.31458e-15 0)
(2 -3.19244e-15 0)
(2 -2.77212e-15 0)
(2 -2.40964e-15 0)
(2 -2.03142e-15 0)
(2 -1.47579e-15 0)
(2 -1.24782e-15 0)
(2 -1.0629e-15 0)
(2 -9.08747e-16 0)
(2 -1.06481e-15 0)
(2 -1.14101e-15 0)
(2 -2.00474e-16 0)
(2 1.16971e-15 0)
(2 1.67789e-15 0)
(2 1.7642e-15 0)
(2 2.01446e-15 0)
(2 2.29307e-15 0)
(2 2.36365e-15 0)
(2 2.71296e-15 0)
(2 3.00157e-15 0)
(2 2.96565e-15 0)
(2 2.85953e-15 0)
(2 2.59606e-15 0)
(2 2.40815e-15 0)
(2 2.04358e-15 0)
(2 1.70276e-15 0)
(2 1.23967e-15 0)
(2 4.43296e-16 0)
(2 4.86531e-16 0)
(2 6.22995e-16 0)
(2 6.91852e-16 0)
(2 7.41942e-16 0)
(2 7.70089e-16 0)
(2 8.29312e-16 0)
(2 4.18468e-16 0)
(2 1.90179e-16 0)
(2 -2.46075e-17 0)
(2 -6.2863e-17 0)
(2 -1.41483e-16 0)
(2 6.483e-18 0)
(2 1.59656e-16 0)
(2 3.68524e-16 0)
(2 -2.1651e-16 0)
(2 -5.6939e-16 0)
(2 -5.93443e-16 0)
(2 -5.177e-16 0)
(2 -6.56495e-16 0)
(2 -9.05074e-16 0)
(2 -1.16711e-15 0)
(2 -1.00597e-15 0)
(2 -7.22067e-16 0)
(2 -8.28124e-16 0)
(2 -7.84719e-16 0)
(2 -3.51101e-16 0)
(2 -2.37672e-16 0)
(2 -2.5111e-16 0)
(2 -1.41832e-16 0)
(2 4.77766e-17 0)
(2 1.1602e-16 0)
(2 1.82463e-17 0)
(2 2.48698e-16 0)
(2 4.38109e-16 0)
(2 4.18532e-16 0)
(2 2.61167e-16 0)
(2 6.29699e-16 0)
(2 8.42673e-16 0)
(2 1.13033e-15 0)
(2 1.40615e-15 0)
(2 1.37581e-15 0)
(2 1.24329e-15 0)
(2 1.12213e-15 0)
(2 9.43808e-16 0)
(2 8.50837e-16 0)
(2 8.27437e-16 0)
(2 8.84571e-16 0)
(2 8.15787e-16 0)
(2 4.73963e-16 0)
(2 3.68254e-18 0)
(2 -2.58338e-16 0)
(2 1.86342e-16 0)
(2 9.01686e-16 0)
(2 1.16626e-15 0)
(2 8.35586e-16 0)
(2 -2.72225e-16 0)
(2 -4.00504e-16 0)
(2 -1.54591e-16 0)
(2 -1.24637e-16 0)
(2 -2.18371e-16 0)
(2 -5.13026e-16 0)
(2 -7.42616e-16 0)
(2 -7.06805e-16 0)
(2 -5.08861e-16 0)
(2 -5.16926e-16 0)
(2 -2.08475e-16 0)
(2 -2.08475e-16 0)
(2 1.53513e-15 0)
(2 1.09419e-15 0)
(2 1.18468e-15 0)
(2 7.32883e-16 0)
(2 1.35436e-17 0)
(2 2.2695e-16 0)
(2 -2.28945e-16 0)
(2 -9.71806e-16 0)
)
;
    }
    procBoundary26to25
    {
        type            processor;
        value           nonuniform List<vector> 
18
(
(2 4.28801e-16 0)
(2 1.61979e-15 0)
(2 2.36583e-15 0)
(2 -1.50786e-16 0)
(2 7.30647e-17 0)
(2 3.4854e-15 0)
(2 3.41302e-15 0)
(2 2.16576e-16 0)
(2 -6.85232e-16 0)
(2 -1.3113e-15 0)
(2 -2.63924e-15 0)
(2 -3.29273e-15 0)
(2 -1.51795e-15 0)
(2 -6.15503e-16 0)
(2 -8.22686e-16 0)
(2 2.78486e-17 0)
(2 -6.73836e-16 0)
(2 -5.43391e-16 0)
)
;
    }
    procBoundary26to34
    {
        type            processor;
        value           nonuniform List<vector> 
129
(
(2 1.21481e-15 0)
(2 1.41422e-15 0)
(2 1.52882e-15 0)
(2 1.54489e-15 0)
(2 9.93581e-16 0)
(2 7.3182e-16 0)
(2 6.93129e-16 0)
(2 1.47687e-18 0)
(2 -9.36597e-16 0)
(2 -1.05429e-15 0)
(2 -9.73255e-16 0)
(2 -6.76568e-16 0)
(2 -4.21743e-16 0)
(2 -3.85953e-16 0)
(2 -4.49352e-16 0)
(2 -9.2006e-16 0)
(2 -2.03402e-15 0)
(2 -2.32683e-15 0)
(2 -2.43862e-15 0)
(2 -2.60738e-15 0)
(2 -2.69642e-15 0)
(2 -1.92429e-15 0)
(2 -1.57194e-15 0)
(2 -1.57548e-15 0)
(2 -1.47957e-15 0)
(2 -1.53807e-15 0)
(2 -1.7162e-15 0)
(2 -1.18782e-15 0)
(2 3.65037e-17 0)
(2 3.22111e-16 0)
(2 5.56084e-16 0)
(2 7.10578e-16 0)
(2 6.66786e-16 0)
(2 7.32888e-16 0)
(2 5.9111e-16 0)
(2 -1.09356e-16 0)
(2 -2.75444e-16 0)
(2 -5.67173e-16 0)
(2 -1.08497e-15 0)
(2 -1.14822e-15 0)
(2 -1.09647e-15 0)
(2 -1.11651e-15 0)
(2 -1.35131e-15 0)
(2 -1.68242e-15 0)
(2 -1.67539e-15 0)
(2 -1.40106e-15 0)
(2 -9.85631e-16 0)
(2 -1.04652e-15 0)
(2 -1.03525e-15 0)
(2 -7.54247e-16 0)
(2 2.18765e-16 0)
(2 1.43593e-15 0)
(2 1.94128e-15 0)
(2 2.06961e-15 0)
(2 1.90311e-15 0)
(2 1.62865e-15 0)
(2 1.11343e-15 0)
(2 9.64841e-16 0)
(2 9.7049e-16 0)
(2 1.11841e-15 0)
(2 1.1093e-15 0)
(2 7.19085e-16 0)
(2 -3.91625e-16 0)
(2 -1.11433e-15 0)
(2 -1.12539e-15 0)
(2 -1.0682e-15 0)
(2 -1.13631e-15 0)
(2 -1.14042e-15 0)
(2 -1.12602e-15 0)
(2 -8.32016e-16 0)
(2 -3.54055e-16 0)
(2 -2.76969e-16 0)
(2 6.41233e-16 0)
(2 1.11165e-15 0)
(2 1.19862e-15 0)
(2 1.07282e-15 0)
(2 1.59478e-15 0)
(2 1.93703e-15 0)
(2 2.05558e-15 0)
(2 2.15117e-15 0)
(2 2.20883e-15 0)
(2 2.36474e-15 0)
(2 2.64571e-15 0)
(2 2.66297e-15 0)
(2 2.55508e-15 0)
(2 2.2617e-15 0)
(2 1.70736e-15 0)
(2 1.24689e-15 0)
(2 1.01719e-15 0)
(2 5.38852e-16 0)
(2 -1.62581e-16 0)
(2 -1.93909e-16 0)
(2 -1.66226e-17 0)
(2 2.7935e-16 0)
(2 -7.58015e-17 0)
(2 -6.41662e-16 0)
(2 -6.77918e-16 0)
(2 -4.82846e-16 0)
(2 -8.1536e-17 0)
(2 1.25333e-16 0)
(2 -6.76499e-18 0)
(2 -1.91299e-16 0)
(2 -3.85417e-16 0)
(2 -3.07543e-16 0)
(2 -3.80395e-16 0)
(2 -5.07936e-16 0)
(2 -3.879e-16 0)
(2 -1.7092e-16 0)
(2 4.06401e-16 0)
(2 9.63907e-16 0)
(2 1.65742e-15 0)
(2 1.82563e-15 0)
(2 2.05137e-15 0)
(2 2.05116e-15 0)
(2 2.01371e-15 0)
(2 1.92967e-15 0)
(2 1.72543e-15 0)
(2 1.46643e-15 0)
(2 1.12879e-15 0)
(2 1.21481e-15 0)
(2 1.03944e-15 0)
(2 -1.2178e-15 0)
(2 -2.31058e-15 0)
(2 -1.62448e-15 0)
(2 -9.95207e-16 0)
(2 -8.76007e-16 0)
(2 -9.18095e-17 0)
(2 2.18312e-15 0)
(2 4.58264e-15 0)
)
;
    }
    procBoundary26to35
    {
        type            processor;
        value           nonuniform List<vector> 
19
(
(2 -3.53892e-15 0)
(2 -9.05036e-16 0)
(2 1.36769e-15 0)
(2 1.32096e-15 0)
(2 -2.02975e-15 0)
(2 -9.26431e-16 0)
(2 1.67691e-15 0)
(2 3.71184e-15 0)
(2 5.01858e-15 0)
(2 -6.0523e-16 0)
(2 -2.30472e-15 0)
(2 1.01479e-15 0)
(2 7.15112e-16 0)
(2 -2.73839e-15 0)
(2 -2.9262e-15 0)
(2 1.68241e-15 0)
(2 -7.57857e-16 0)
(2 -1.49796e-15 0)
(2 4.54408e-16 0)
)
;
    }
}


// ************************************************************************* //
