/*--------------------------------*- C++ -*----------------------------------*\
  =========                 |
  \\      /  F ield         | OpenFOAM: The Open Source CFD Toolbox
   \\    /   O peration     | Website:  https://openfoam.org
    \\  /    A nd           | Version:  7
     \\/     M anipulation  |
\*---------------------------------------------------------------------------*/
FoamFile
{
    version     2.0;
    format      ascii;
    class       labelList;
    location    "constant/polyMesh";
    object      cellProcAddressing;
}
// * * * * * * * * * * * * * * * * * * * * * * * * * * * * * * * * * * * * * //


385
(
10
11
12
13
14
25
26
27
28
29
40
41
42
43
44
55
56
57
58
59
70
71
72
73
74
85
86
87
88
89
100
101
102
103
104
115
116
117
118
119
130
131
132
133
134
145
146
147
148
149
160
161
162
163
164
175
176
177
178
179
190
191
192
193
194
205
206
207
208
209
220
221
222
223
224
236
237
238
239
251
252
253
254
266
267
268
269
281
282
283
284
296
297
298
299
311
312
313
314
326
327
328
329
341
342
343
344
357
358
359
372
373
374
387
388
389
402
403
417
418
433
3192
3207
3222
3237
3238
3252
3253
3266
3267
3268
3281
3282
3283
3284
3296
3297
3298
3299
3311
3312
3313
3314
3326
3327
3328
3329
3341
3342
3343
3344
3356
3357
3358
3359
3371
3372
3373
3374
3385
3386
3387
3388
3389
3400
3401
3402
3403
3404
3415
3416
3417
3418
3419
3430
3431
3432
3433
3434
3445
3446
3447
3448
3449
3460
3461
3462
3463
3464
3475
3476
3477
3478
3479
3490
3491
3492
3493
3494
3505
3506
3507
3508
3509
3520
3521
3522
3523
3524
3535
3536
3537
3538
3539
3550
3551
3552
3553
3554
3565
3566
3567
3568
3569
3580
3581
3582
3583
3584
3595
3596
3597
3598
3599
3800
3840
3880
3920
3921
3960
3961
4000
4001
4040
4041
4042
4080
4081
4082
4120
4121
4122
4123
4160
4161
4162
4163
4200
4201
4202
4203
4204
4240
4241
4242
4243
4244
4280
4281
4282
4283
4284
4285
4320
4321
4322
4323
4324
4325
4360
4361
4362
4363
4364
4365
4366
4400
4401
4402
4403
4404
4405
4406
4440
4441
4442
4443
4444
4445
4446
4447
4480
4481
4482
4483
4484
4485
4486
4487
4520
4521
4522
4523
4524
4525
4526
4527
4528
4562
4563
4564
4565
4566
4567
4568
4569
20760
20761
20762
20763
20764
20765
20766
20800
20801
20802
20803
20804
20805
20806
20840
20841
20842
20843
20844
20845
20880
20881
20882
20883
20884
20885
20920
20921
20922
20923
20924
20960
20961
20962
20963
20964
21000
21001
21002
21003
21040
21041
21042
21043
21080
21081
21082
21120
21121
21122
21160
21161
21200
21201
21240
21241
21280
21320
21360
)


// ************************************************************************* //
