/*--------------------------------*- C++ -*----------------------------------*\
  =========                 |
  \\      /  F ield         | OpenFOAM: The Open Source CFD Toolbox
   \\    /   O peration     | Website:  https://openfoam.org
    \\  /    A nd           | Version:  7
     \\/     M anipulation  |
\*---------------------------------------------------------------------------*/
FoamFile
{
    version     2.0;
    format      ascii;
    class       faceList;
    location    "constant/polyMesh";
    object      faces;
}
// * * * * * * * * * * * * * * * * * * * * * * * * * * * * * * * * * * * * * //


1620
(
4(1 7 163 157)
4(6 162 163 7)
4(0 1 157 156)
4(2 8 164 158)
4(7 163 164 8)
4(1 2 158 157)
4(3 9 165 159)
4(8 164 165 9)
4(2 3 159 158)
4(4 10 166 160)
4(9 165 166 10)
4(3 4 160 159)
4(10 166 167 11)
4(4 5 161 160)
4(7 13 169 163)
4(12 168 169 13)
4(8 14 170 164)
4(13 169 170 14)
4(9 15 171 165)
4(14 170 171 15)
4(10 16 172 166)
4(15 171 172 16)
4(16 172 173 17)
4(13 19 175 169)
4(18 174 175 19)
4(14 20 176 170)
4(19 175 176 20)
4(15 21 177 171)
4(20 176 177 21)
4(16 22 178 172)
4(21 177 178 22)
4(22 178 179 23)
4(19 25 181 175)
4(24 180 181 25)
4(20 26 182 176)
4(25 181 182 26)
4(21 27 183 177)
4(26 182 183 27)
4(22 28 184 178)
4(27 183 184 28)
4(28 184 185 29)
4(25 31 187 181)
4(30 186 187 31)
4(26 32 188 182)
4(31 187 188 32)
4(27 33 189 183)
4(32 188 189 33)
4(28 34 190 184)
4(33 189 190 34)
4(34 190 191 35)
4(31 37 193 187)
4(36 192 193 37)
4(32 38 194 188)
4(37 193 194 38)
4(33 39 195 189)
4(38 194 195 39)
4(34 40 196 190)
4(39 195 196 40)
4(40 196 197 41)
4(35 41 197 191)
4(37 43 199 193)
4(42 198 199 43)
4(38 44 200 194)
4(43 199 200 44)
4(39 45 201 195)
4(44 200 201 45)
4(40 46 202 196)
4(45 201 202 46)
4(46 202 203 47)
4(41 47 203 197)
4(43 49 205 199)
4(48 204 205 49)
4(44 50 206 200)
4(49 205 206 50)
4(45 51 207 201)
4(50 206 207 51)
4(46 52 208 202)
4(51 207 208 52)
4(52 208 209 53)
4(47 53 209 203)
4(49 55 211 205)
4(54 210 211 55)
4(50 56 212 206)
4(55 211 212 56)
4(51 57 213 207)
4(56 212 213 57)
4(52 58 214 208)
4(57 213 214 58)
4(58 214 215 59)
4(53 59 215 209)
4(55 61 217 211)
4(60 216 217 61)
4(56 62 218 212)
4(61 217 218 62)
4(57 63 219 213)
4(62 218 219 63)
4(58 64 220 214)
4(63 219 220 64)
4(64 220 221 65)
4(59 65 221 215)
4(61 67 223 217)
4(66 222 223 67)
4(62 68 224 218)
4(67 223 224 68)
4(63 69 225 219)
4(68 224 225 69)
4(64 70 226 220)
4(69 225 226 70)
4(70 226 227 71)
4(65 71 227 221)
4(67 73 229 223)
4(72 228 229 73)
4(68 74 230 224)
4(73 229 230 74)
4(69 75 231 225)
4(74 230 231 75)
4(70 76 232 226)
4(75 231 232 76)
4(76 232 233 77)
4(71 77 233 227)
4(73 79 235 229)
4(78 234 235 79)
4(74 80 236 230)
4(79 235 236 80)
4(75 81 237 231)
4(80 236 237 81)
4(76 82 238 232)
4(81 237 238 82)
4(82 238 239 83)
4(77 83 239 233)
4(79 85 241 235)
4(84 240 241 85)
4(80 86 242 236)
4(85 241 242 86)
4(81 87 243 237)
4(86 242 243 87)
4(82 88 244 238)
4(87 243 244 88)
4(88 244 245 89)
4(83 89 245 239)
4(85 91 247 241)
4(86 92 248 242)
4(91 247 248 92)
4(87 93 249 243)
4(92 248 249 93)
4(88 94 250 244)
4(93 249 250 94)
4(94 250 251 95)
4(89 95 251 245)
4(92 97 253 248)
4(96 252 253 97)
4(93 98 254 249)
4(97 253 254 98)
4(94 99 255 250)
4(98 254 255 99)
4(99 255 256 100)
4(95 100 256 251)
4(97 102 258 253)
4(101 257 258 102)
4(98 103 259 254)
4(102 258 259 103)
4(99 104 260 255)
4(103 259 260 104)
4(104 260 261 105)
4(100 105 261 256)
4(102 107 263 258)
4(106 262 263 107)
4(103 108 264 259)
4(107 263 264 108)
4(104 109 265 260)
4(108 264 265 109)
4(109 265 266 110)
4(105 110 266 261)
4(107 112 268 263)
4(111 267 268 112)
4(108 113 269 264)
4(112 268 269 113)
4(109 114 270 265)
4(113 269 270 114)
4(114 270 271 115)
4(110 115 271 266)
4(112 117 273 268)
4(116 272 273 117)
4(113 118 274 269)
4(117 273 274 118)
4(114 119 275 270)
4(118 274 275 119)
4(119 275 276 120)
4(115 120 276 271)
4(117 122 278 273)
4(121 277 278 122)
4(118 123 279 274)
4(122 278 279 123)
4(119 124 280 275)
4(123 279 280 124)
4(124 280 281 125)
4(120 125 281 276)
4(122 127 283 278)
4(126 282 283 127)
4(123 128 284 279)
4(127 283 284 128)
4(124 129 285 280)
4(128 284 285 129)
4(129 285 286 130)
4(125 130 286 281)
4(127 132 288 283)
4(128 133 289 284)
4(132 288 289 133)
4(129 134 290 285)
4(133 289 290 134)
4(134 290 291 135)
4(130 135 291 286)
4(133 137 293 289)
4(136 292 293 137)
4(134 138 294 290)
4(137 293 294 138)
4(138 294 295 139)
4(135 139 295 291)
4(137 141 297 293)
4(140 296 297 141)
4(138 142 298 294)
4(141 297 298 142)
4(142 298 299 143)
4(141 145 301 297)
4(144 300 301 145)
4(142 146 302 298)
4(145 301 302 146)
4(145 149 305 301)
4(148 304 305 149)
4(149 305 306 150)
4(149 152 308 305)
4(152 308 309 153)
4(314 455 456 315)
4(316 457 458 317)
4(318 459 460 319)
4(319 322 463 460)
4(321 462 463 322)
4(322 463 464 323)
4(322 326 467 463)
4(325 466 467 326)
4(326 467 468 327)
4(325 329 470 466)
4(328 469 470 329)
4(326 330 471 467)
4(329 470 471 330)
4(330 471 472 331)
4(329 334 475 470)
4(333 474 475 334)
4(330 335 476 471)
4(334 475 476 335)
4(331 336 477 472)
4(335 476 477 336)
4(336 477 478 337)
4(334 339 480 475)
4(338 479 480 339)
4(335 340 481 476)
4(339 480 481 340)
4(336 341 482 477)
4(340 481 482 341)
4(341 482 483 342)
4(337 342 483 478)
4(339 344 485 480)
4(343 484 485 344)
4(340 345 486 481)
4(344 485 486 345)
4(341 346 487 482)
4(345 486 487 346)
4(346 487 488 347)
4(342 347 488 483)
4(344 349 490 485)
4(348 489 490 349)
4(345 350 491 486)
4(349 490 491 350)
4(346 351 492 487)
4(350 491 492 351)
4(351 492 493 352)
4(347 352 493 488)
4(349 354 495 490)
4(353 494 495 354)
4(350 355 496 491)
4(354 495 496 355)
4(351 356 497 492)
4(355 496 497 356)
4(356 497 498 357)
4(352 357 498 493)
4(354 359 500 495)
4(358 499 500 359)
4(355 360 501 496)
4(359 500 501 360)
4(356 361 502 497)
4(360 501 502 361)
4(361 502 503 362)
4(357 362 503 498)
4(359 365 506 500)
4(364 505 506 365)
4(360 366 507 501)
4(365 506 507 366)
4(361 367 508 502)
4(366 507 508 367)
4(367 508 509 368)
4(362 368 509 503)
4(364 370 511 505)
4(369 510 511 370)
4(365 371 512 506)
4(370 511 512 371)
4(366 372 513 507)
4(371 512 513 372)
4(367 373 514 508)
4(372 513 514 373)
4(373 514 515 374)
4(368 374 515 509)
4(370 376 517 511)
4(375 516 517 376)
4(371 377 518 512)
4(376 517 518 377)
4(372 378 519 513)
4(377 518 519 378)
4(373 379 520 514)
4(378 519 520 379)
4(379 520 521 380)
4(374 380 521 515)
4(376 382 523 517)
4(381 522 523 382)
4(377 383 524 518)
4(382 523 524 383)
4(378 384 525 519)
4(383 524 525 384)
4(379 385 526 520)
4(384 525 526 385)
4(385 526 527 386)
4(380 386 527 521)
4(382 388 529 523)
4(387 528 529 388)
4(383 389 530 524)
4(388 529 530 389)
4(384 390 531 525)
4(389 530 531 390)
4(385 391 532 526)
4(390 531 532 391)
4(391 532 533 392)
4(386 392 533 527)
4(388 394 535 529)
4(393 534 535 394)
4(389 395 536 530)
4(394 535 536 395)
4(390 396 537 531)
4(395 536 537 396)
4(391 397 538 532)
4(396 537 538 397)
4(397 538 539 398)
4(392 398 539 533)
4(394 400 541 535)
4(399 540 541 400)
4(395 401 542 536)
4(400 541 542 401)
4(396 402 543 537)
4(401 542 543 402)
4(397 403 544 538)
4(402 543 544 403)
4(403 544 545 404)
4(398 404 545 539)
4(400 406 547 541)
4(405 546 547 406)
4(401 407 548 542)
4(406 547 548 407)
4(402 408 549 543)
4(407 548 549 408)
4(403 409 550 544)
4(408 549 550 409)
4(409 550 551 410)
4(404 410 551 545)
4(406 412 553 547)
4(411 552 553 412)
4(407 413 554 548)
4(412 553 554 413)
4(408 414 555 549)
4(413 554 555 414)
4(409 415 556 550)
4(414 555 556 415)
4(415 556 557 416)
4(410 416 557 551)
4(412 418 559 553)
4(417 558 559 418)
4(413 419 560 554)
4(418 559 560 419)
4(414 420 561 555)
4(419 560 561 420)
4(415 421 562 556)
4(420 561 562 421)
4(421 562 563 422)
4(416 422 563 557)
4(418 424 565 559)
4(423 564 565 424)
4(419 425 566 560)
4(424 565 566 425)
4(420 426 567 561)
4(425 566 567 426)
4(421 427 568 562)
4(426 567 568 427)
4(427 568 569 428)
4(422 428 569 563)
4(424 430 571 565)
4(429 570 571 430)
4(425 431 572 566)
4(430 571 572 431)
4(426 432 573 567)
4(431 572 573 432)
4(427 433 574 568)
4(432 573 574 433)
4(433 574 575 434)
4(430 436 577 571)
4(435 576 577 436)
4(431 437 578 572)
4(436 577 578 437)
4(432 438 579 573)
4(437 578 579 438)
4(433 439 580 574)
4(438 579 580 439)
4(439 580 581 440)
4(436 442 583 577)
4(441 582 583 442)
4(437 443 584 578)
4(442 583 584 443)
4(438 444 585 579)
4(443 584 585 444)
4(439 445 586 580)
4(444 585 586 445)
4(445 586 587 446)
4(442 448 589 583)
4(447 588 589 448)
4(443 449 590 584)
4(448 589 590 449)
4(444 450 591 585)
4(449 590 591 450)
4(445 451 592 586)
4(450 591 592 451)
4(451 592 593 452)
4(448 1 157 589)
4(449 2 158 590)
4(450 3 159 591)
4(451 4 160 592)
4(41 197 698 595)
4(47 203 699 596)
4(53 209 700 597)
4(597 599 702 700)
4(59 215 702 599)
4(599 702 703 600)
4(599 601 704 702)
4(65 221 704 601)
4(601 704 705 602)
4(601 603 706 704)
4(71 227 706 603)
4(603 706 707 604)
4(603 606 709 706)
4(77 233 709 606)
4(604 607 710 707)
4(606 709 710 607)
4(607 710 711 608)
4(606 609 712 709)
4(83 239 712 609)
4(607 610 713 710)
4(609 712 713 610)
4(610 713 714 611)
4(609 613 716 712)
4(89 245 716 613)
4(610 614 717 713)
4(613 716 717 614)
4(611 615 718 714)
4(614 717 718 615)
4(615 718 719 616)
4(613 617 720 716)
4(95 251 720 617)
4(614 618 721 717)
4(617 720 721 618)
4(615 619 722 718)
4(618 721 722 619)
4(619 722 723 620)
4(617 622 725 720)
4(100 256 725 622)
4(618 623 726 721)
4(622 725 726 623)
4(619 624 727 722)
4(623 726 727 624)
4(620 625 728 723)
4(624 727 728 625)
4(625 728 729 626)
4(622 627 730 725)
4(105 261 730 627)
4(623 628 731 726)
4(627 730 731 628)
4(624 629 732 727)
4(628 731 732 629)
4(625 630 733 728)
4(629 732 733 630)
4(630 733 734 631)
4(627 633 736 730)
4(110 266 736 633)
4(628 634 737 731)
4(633 736 737 634)
4(629 635 738 732)
4(634 737 738 635)
4(630 636 739 733)
4(635 738 739 636)
4(631 637 740 734)
4(636 739 740 637)
4(637 740 741 638)
4(633 639 742 736)
4(115 271 742 639)
4(634 640 743 737)
4(639 742 743 640)
4(635 641 744 738)
4(640 743 744 641)
4(636 642 745 739)
4(641 744 745 642)
4(637 643 746 740)
4(642 745 746 643)
4(643 746 747 644)
4(639 646 749 742)
4(120 276 749 646)
4(640 647 750 743)
4(646 749 750 647)
4(641 648 751 744)
4(647 750 751 648)
4(642 649 752 745)
4(648 751 752 649)
4(643 650 753 746)
4(649 752 753 650)
4(644 651 754 747)
4(650 753 754 651)
4(651 754 755 652)
4(646 653 756 749)
4(125 281 756 653)
4(647 654 757 750)
4(653 756 757 654)
4(648 655 758 751)
4(654 757 758 655)
4(649 656 759 752)
4(655 758 759 656)
4(650 657 760 753)
4(656 759 760 657)
4(651 658 761 754)
4(657 760 761 658)
4(658 761 762 659)
4(653 661 764 756)
4(130 286 764 661)
4(654 662 765 757)
4(661 764 765 662)
4(655 663 766 758)
4(662 765 766 663)
4(656 664 767 759)
4(663 766 767 664)
4(657 665 768 760)
4(664 767 768 665)
4(658 666 769 761)
4(665 768 769 666)
4(659 667 770 762)
4(666 769 770 667)
4(667 770 771 668)
4(661 669 772 764)
4(135 291 772 669)
4(662 670 773 765)
4(669 772 773 670)
4(663 671 774 766)
4(670 773 774 671)
4(664 672 775 767)
4(671 774 775 672)
4(665 673 776 768)
4(672 775 776 673)
4(666 674 777 769)
4(673 776 777 674)
4(667 675 778 770)
4(674 777 778 675)
4(675 778 779 676)
4(669 678 781 772)
4(670 679 782 773)
4(671 680 783 774)
4(679 782 783 680)
4(672 681 784 775)
4(680 783 784 681)
4(673 682 785 776)
4(681 784 785 682)
4(674 683 786 777)
4(682 785 786 683)
4(675 684 787 778)
4(683 786 787 684)
4(676 685 788 779)
4(684 787 788 685)
4(685 788 789 686)
4(680 689 792 783)
4(681 690 793 784)
4(682 691 794 785)
4(683 692 795 786)
4(684 693 796 787)
4(685 694 797 788)
4(686 695 798 789)
4(800 807 873 866)
4(342 483 873 807)
4(801 808 874 867)
4(807 873 874 808)
4(802 809 875 868)
4(808 874 875 809)
4(803 810 876 869)
4(809 875 876 810)
4(804 811 877 870)
4(810 876 877 811)
4(805 812 878 871)
4(811 877 878 812)
4(812 878 879 813)
4(807 814 880 873)
4(347 488 880 814)
4(808 815 881 874)
4(814 880 881 815)
4(809 816 882 875)
4(815 881 882 816)
4(810 817 883 876)
4(816 882 883 817)
4(811 818 884 877)
4(817 883 884 818)
4(812 819 885 878)
4(818 884 885 819)
4(814 821 887 880)
4(352 493 887 821)
4(815 822 888 881)
4(821 887 888 822)
4(816 823 889 882)
4(822 888 889 823)
4(817 824 890 883)
4(823 889 890 824)
4(818 825 891 884)
4(824 890 891 825)
4(825 891 892 826)
4(821 827 893 887)
4(357 498 893 827)
4(822 828 894 888)
4(827 893 894 828)
4(823 829 895 889)
4(828 894 895 829)
4(824 830 896 890)
4(829 895 896 830)
4(825 831 897 891)
4(830 896 897 831)
4(827 833 899 893)
4(362 503 899 833)
4(828 834 900 894)
4(833 899 900 834)
4(829 835 901 895)
4(834 900 901 835)
4(830 836 902 896)
4(835 901 902 836)
4(836 902 903 837)
4(833 838 904 899)
4(368 509 904 838)
4(834 839 905 900)
4(838 904 905 839)
4(835 840 906 901)
4(839 905 906 840)
4(836 841 907 902)
4(840 906 907 841)
4(838 843 909 904)
4(374 515 909 843)
4(839 844 910 905)
4(843 909 910 844)
4(840 845 911 906)
4(844 910 911 845)
4(845 911 912 846)
4(843 847 913 909)
4(380 521 913 847)
4(844 848 914 910)
4(847 913 914 848)
4(845 849 915 911)
4(848 914 915 849)
4(847 851 917 913)
4(386 527 917 851)
4(848 852 918 914)
4(851 917 918 852)
4(852 918 919 853)
4(851 854 920 917)
4(392 533 920 854)
4(852 855 921 918)
4(854 920 921 855)
4(854 857 923 920)
4(398 539 923 857)
4(857 923 924 858)
4(857 859 925 923)
4(404 545 925 859)
4(859 925 926 860)
4(859 861 927 925)
4(410 551 927 861)
4(416 557 929 863)
4(422 563 930 864)
4(0 6 7 1)
4(6 12 13 7)
4(12 18 19 13)
4(18 24 25 19)
4(24 30 31 25)
4(30 36 37 31)
4(36 42 43 37)
4(42 48 49 43)
4(48 54 55 49)
4(54 60 61 55)
4(60 66 67 61)
4(66 72 73 67)
4(72 78 79 73)
4(78 84 85 79)
4(84 90 91 85)
4(1 7 8 2)
4(7 13 14 8)
4(13 19 20 14)
4(19 25 26 20)
4(25 31 32 26)
4(31 37 38 32)
4(37 43 44 38)
4(43 49 50 44)
4(49 55 56 50)
4(55 61 62 56)
4(61 67 68 62)
4(67 73 74 68)
4(73 79 80 74)
4(79 85 86 80)
4(85 91 92 86)
4(91 96 97 92)
4(96 101 102 97)
4(101 106 107 102)
4(106 111 112 107)
4(111 116 117 112)
4(116 121 122 117)
4(121 126 127 122)
4(126 131 132 127)
4(2 8 9 3)
4(8 14 15 9)
4(14 20 21 15)
4(20 26 27 21)
4(26 32 33 27)
4(32 38 39 33)
4(38 44 45 39)
4(44 50 51 45)
4(50 56 57 51)
4(56 62 63 57)
4(62 68 69 63)
4(68 74 75 69)
4(74 80 81 75)
4(80 86 87 81)
4(86 92 93 87)
4(92 97 98 93)
4(97 102 103 98)
4(102 107 108 103)
4(107 112 113 108)
4(112 117 118 113)
4(117 122 123 118)
4(122 127 128 123)
4(127 132 133 128)
4(132 136 137 133)
4(136 140 141 137)
4(140 144 145 141)
4(144 148 149 145)
4(148 151 152 149)
4(3 9 10 4)
4(9 15 16 10)
4(15 21 22 16)
4(21 27 28 22)
4(27 33 34 28)
4(33 39 40 34)
4(39 45 46 40)
4(45 51 52 46)
4(51 57 58 52)
4(57 63 64 58)
4(63 69 70 64)
4(69 75 76 70)
4(75 81 82 76)
4(81 87 88 82)
4(87 93 94 88)
4(93 98 99 94)
4(98 103 104 99)
4(103 108 109 104)
4(108 113 114 109)
4(113 118 119 114)
4(118 123 124 119)
4(123 128 129 124)
4(128 133 134 129)
4(133 137 138 134)
4(137 141 142 138)
4(141 145 146 142)
4(145 149 150 146)
4(149 152 153 150)
4(152 154 155 153)
4(4 10 11 5)
4(10 16 17 11)
4(16 22 23 17)
4(22 28 29 23)
4(28 34 35 29)
4(34 40 41 35)
4(40 46 47 41)
4(46 52 53 47)
4(52 58 59 53)
4(58 64 65 59)
4(64 70 71 65)
4(70 76 77 71)
4(76 82 83 77)
4(82 88 89 83)
4(88 94 95 89)
4(94 99 100 95)
4(99 104 105 100)
4(104 109 110 105)
4(109 114 115 110)
4(114 119 120 115)
4(119 124 125 120)
4(124 129 130 125)
4(129 134 135 130)
4(134 138 139 135)
4(138 142 143 139)
4(142 146 147 143)
4(156 157 163 162)
4(162 163 169 168)
4(168 169 175 174)
4(174 175 181 180)
4(180 181 187 186)
4(186 187 193 192)
4(192 193 199 198)
4(198 199 205 204)
4(204 205 211 210)
4(210 211 217 216)
4(216 217 223 222)
4(222 223 229 228)
4(228 229 235 234)
4(234 235 241 240)
4(240 241 247 246)
4(157 158 164 163)
4(163 164 170 169)
4(169 170 176 175)
4(175 176 182 181)
4(181 182 188 187)
4(187 188 194 193)
4(193 194 200 199)
4(199 200 206 205)
4(205 206 212 211)
4(211 212 218 217)
4(217 218 224 223)
4(223 224 230 229)
4(229 230 236 235)
4(235 236 242 241)
4(241 242 248 247)
4(247 248 253 252)
4(252 253 258 257)
4(257 258 263 262)
4(262 263 268 267)
4(267 268 273 272)
4(272 273 278 277)
4(277 278 283 282)
4(282 283 288 287)
4(158 159 165 164)
4(164 165 171 170)
4(170 171 177 176)
4(176 177 183 182)
4(182 183 189 188)
4(188 189 195 194)
4(194 195 201 200)
4(200 201 207 206)
4(206 207 213 212)
4(212 213 219 218)
4(218 219 225 224)
4(224 225 231 230)
4(230 231 237 236)
4(236 237 243 242)
4(242 243 249 248)
4(248 249 254 253)
4(253 254 259 258)
4(258 259 264 263)
4(263 264 269 268)
4(268 269 274 273)
4(273 274 279 278)
4(278 279 284 283)
4(283 284 289 288)
4(288 289 293 292)
4(292 293 297 296)
4(296 297 301 300)
4(300 301 305 304)
4(304 305 308 307)
4(159 160 166 165)
4(165 166 172 171)
4(171 172 178 177)
4(177 178 184 183)
4(183 184 190 189)
4(189 190 196 195)
4(195 196 202 201)
4(201 202 208 207)
4(207 208 214 213)
4(213 214 220 219)
4(219 220 226 225)
4(225 226 232 231)
4(231 232 238 237)
4(237 238 244 243)
4(243 244 250 249)
4(249 250 255 254)
4(254 255 260 259)
4(259 260 265 264)
4(264 265 270 269)
4(269 270 275 274)
4(274 275 280 279)
4(279 280 285 284)
4(284 285 290 289)
4(289 290 294 293)
4(293 294 298 297)
4(297 298 302 301)
4(301 302 306 305)
4(305 306 309 308)
4(308 309 311 310)
4(160 161 167 166)
4(166 167 173 172)
4(172 173 179 178)
4(178 179 185 184)
4(184 185 191 190)
4(190 191 197 196)
4(196 197 203 202)
4(202 203 209 208)
4(208 209 215 214)
4(214 215 221 220)
4(220 221 227 226)
4(226 227 233 232)
4(232 233 239 238)
4(238 239 245 244)
4(244 245 251 250)
4(250 251 256 255)
4(255 256 261 260)
4(260 261 266 265)
4(265 266 271 270)
4(270 271 276 275)
4(275 276 281 280)
4(280 281 286 285)
4(285 286 291 290)
4(290 291 295 294)
4(294 295 299 298)
4(298 299 303 302)
4(363 369 370 364)
4(369 375 376 370)
4(375 381 382 376)
4(381 387 388 382)
4(387 393 394 388)
4(393 399 400 394)
4(399 405 406 400)
4(405 411 412 406)
4(411 417 418 412)
4(417 423 424 418)
4(423 429 430 424)
4(429 435 436 430)
4(435 441 442 436)
4(441 447 448 442)
4(447 0 1 448)
4(324 328 329 325)
4(328 333 334 329)
4(333 338 339 334)
4(338 343 344 339)
4(343 348 349 344)
4(348 353 354 349)
4(353 358 359 354)
4(358 364 365 359)
4(364 370 371 365)
4(370 376 377 371)
4(376 382 383 377)
4(382 388 389 383)
4(388 394 395 389)
4(394 400 401 395)
4(400 406 407 401)
4(406 412 413 407)
4(412 418 419 413)
4(418 424 425 419)
4(424 430 431 425)
4(430 436 437 431)
4(436 442 443 437)
4(442 448 449 443)
4(448 1 2 449)
4(312 314 315 313)
4(314 316 317 315)
4(316 318 319 317)
4(318 321 322 319)
4(321 325 326 322)
4(325 329 330 326)
4(329 334 335 330)
4(334 339 340 335)
4(339 344 345 340)
4(344 349 350 345)
4(349 354 355 350)
4(354 359 360 355)
4(359 365 366 360)
4(365 371 372 366)
4(371 377 378 372)
4(377 383 384 378)
4(383 389 390 384)
4(389 395 396 390)
4(395 401 402 396)
4(401 407 408 402)
4(407 413 414 408)
4(413 419 420 414)
4(419 425 426 420)
4(425 431 432 426)
4(431 437 438 432)
4(437 443 444 438)
4(443 449 450 444)
4(449 2 3 450)
4(319 322 323 320)
4(322 326 327 323)
4(326 330 331 327)
4(330 335 336 331)
4(335 340 341 336)
4(340 345 346 341)
4(345 350 351 346)
4(350 355 356 351)
4(355 360 361 356)
4(360 366 367 361)
4(366 372 373 367)
4(372 378 379 373)
4(378 384 385 379)
4(384 390 391 385)
4(390 396 397 391)
4(396 402 403 397)
4(402 408 409 403)
4(408 414 415 409)
4(414 420 421 415)
4(420 426 427 421)
4(426 432 433 427)
4(432 438 439 433)
4(438 444 445 439)
4(444 450 451 445)
4(450 3 4 451)
4(331 336 337 332)
4(336 341 342 337)
4(341 346 347 342)
4(346 351 352 347)
4(351 356 357 352)
4(356 361 362 357)
4(361 367 368 362)
4(367 373 374 368)
4(373 379 380 374)
4(379 385 386 380)
4(385 391 392 386)
4(391 397 398 392)
4(397 403 404 398)
4(403 409 410 404)
4(409 415 416 410)
4(415 421 422 416)
4(421 427 428 422)
4(427 433 434 428)
4(433 439 440 434)
4(439 445 446 440)
4(445 451 452 446)
4(451 4 5 452)
4(504 505 511 510)
4(510 511 517 516)
4(516 517 523 522)
4(522 523 529 528)
4(528 529 535 534)
4(534 535 541 540)
4(540 541 547 546)
4(546 547 553 552)
4(552 553 559 558)
4(558 559 565 564)
4(564 565 571 570)
4(570 571 577 576)
4(576 577 583 582)
4(582 583 589 588)
4(588 589 157 156)
4(465 466 470 469)
4(469 470 475 474)
4(474 475 480 479)
4(479 480 485 484)
4(484 485 490 489)
4(489 490 495 494)
4(494 495 500 499)
4(499 500 506 505)
4(505 506 512 511)
4(511 512 518 517)
4(517 518 524 523)
4(523 524 530 529)
4(529 530 536 535)
4(535 536 542 541)
4(541 542 548 547)
4(547 548 554 553)
4(553 554 560 559)
4(559 560 566 565)
4(565 566 572 571)
4(571 572 578 577)
4(577 578 584 583)
4(583 584 590 589)
4(589 590 158 157)
4(453 454 456 455)
4(455 456 458 457)
4(457 458 460 459)
4(459 460 463 462)
4(462 463 467 466)
4(466 467 471 470)
4(470 471 476 475)
4(475 476 481 480)
4(480 481 486 485)
4(485 486 491 490)
4(490 491 496 495)
4(495 496 501 500)
4(500 501 507 506)
4(506 507 513 512)
4(512 513 519 518)
4(518 519 525 524)
4(524 525 531 530)
4(530 531 537 536)
4(536 537 543 542)
4(542 543 549 548)
4(548 549 555 554)
4(554 555 561 560)
4(560 561 567 566)
4(566 567 573 572)
4(572 573 579 578)
4(578 579 585 584)
4(584 585 591 590)
4(590 591 159 158)
4(460 461 464 463)
4(463 464 468 467)
4(467 468 472 471)
4(471 472 477 476)
4(476 477 482 481)
4(481 482 487 486)
4(486 487 492 491)
4(491 492 497 496)
4(496 497 502 501)
4(501 502 508 507)
4(507 508 514 513)
4(513 514 520 519)
4(519 520 526 525)
4(525 526 532 531)
4(531 532 538 537)
4(537 538 544 543)
4(543 544 550 549)
4(549 550 556 555)
4(555 556 562 561)
4(561 562 568 567)
4(567 568 574 573)
4(573 574 580 579)
4(579 580 586 585)
4(585 586 592 591)
4(591 592 160 159)
4(472 473 478 477)
4(477 478 483 482)
4(482 483 488 487)
4(487 488 493 492)
4(492 493 498 497)
4(497 498 503 502)
4(502 503 509 508)
4(508 509 515 514)
4(514 515 521 520)
4(520 521 527 526)
4(526 527 533 532)
4(532 533 539 538)
4(538 539 545 544)
4(544 545 551 550)
4(550 551 557 556)
4(556 557 563 562)
4(562 563 569 568)
4(568 569 575 574)
4(574 575 581 580)
4(580 581 587 586)
4(586 587 593 592)
4(592 593 161 160)
4(35 41 595 594)
4(41 47 596 595)
4(47 53 597 596)
4(53 59 599 597)
4(59 65 601 599)
4(65 71 603 601)
4(71 77 606 603)
4(77 83 609 606)
4(83 89 613 609)
4(89 95 617 613)
4(95 100 622 617)
4(100 105 627 622)
4(105 110 633 627)
4(110 115 639 633)
4(115 120 646 639)
4(120 125 653 646)
4(125 130 661 653)
4(130 135 669 661)
4(135 139 678 669)
4(597 599 600 598)
4(599 601 602 600)
4(601 603 604 602)
4(603 606 607 604)
4(606 609 610 607)
4(609 613 614 610)
4(613 617 618 614)
4(617 622 623 618)
4(622 627 628 623)
4(627 633 634 628)
4(633 639 640 634)
4(639 646 647 640)
4(646 653 654 647)
4(653 661 662 654)
4(661 669 670 662)
4(669 678 679 670)
4(604 607 608 605)
4(607 610 611 608)
4(610 614 615 611)
4(614 618 619 615)
4(618 623 624 619)
4(623 628 629 624)
4(628 634 635 629)
4(634 640 641 635)
4(640 647 648 641)
4(647 654 655 648)
4(654 662 663 655)
4(662 670 671 663)
4(670 679 680 671)
4(679 688 689 680)
4(611 615 616 612)
4(615 619 620 616)
4(619 624 625 620)
4(624 629 630 625)
4(629 635 636 630)
4(635 641 642 636)
4(641 648 649 642)
4(648 655 656 649)
4(655 663 664 656)
4(663 671 672 664)
4(671 680 681 672)
4(680 689 690 681)
4(620 625 626 621)
4(625 630 631 626)
4(630 636 637 631)
4(636 642 643 637)
4(642 649 650 643)
4(649 656 657 650)
4(656 664 665 657)
4(664 672 673 665)
4(672 681 682 673)
4(681 690 691 682)
4(631 637 638 632)
4(637 643 644 638)
4(643 650 651 644)
4(650 657 658 651)
4(657 665 666 658)
4(665 673 674 666)
4(673 682 683 674)
4(682 691 692 683)
4(644 651 652 645)
4(651 658 659 652)
4(658 666 667 659)
4(666 674 675 667)
4(674 683 684 675)
4(683 692 693 684)
4(659 667 668 660)
4(667 675 676 668)
4(675 684 685 676)
4(684 693 694 685)
4(676 685 686 677)
4(685 694 695 686)
4(686 695 696 687)
4(191 697 698 197)
4(197 698 699 203)
4(203 699 700 209)
4(209 700 702 215)
4(215 702 704 221)
4(221 704 706 227)
4(227 706 709 233)
4(233 709 712 239)
4(239 712 716 245)
4(245 716 720 251)
4(251 720 725 256)
4(256 725 730 261)
4(261 730 736 266)
4(266 736 742 271)
4(271 742 749 276)
4(276 749 756 281)
4(281 756 764 286)
4(286 764 772 291)
4(291 772 781 295)
4(700 701 703 702)
4(702 703 705 704)
4(704 705 707 706)
4(706 707 710 709)
4(709 710 713 712)
4(712 713 717 716)
4(716 717 721 720)
4(720 721 726 725)
4(725 726 731 730)
4(730 731 737 736)
4(736 737 743 742)
4(742 743 750 749)
4(749 750 757 756)
4(756 757 765 764)
4(764 765 773 772)
4(772 773 782 781)
4(707 708 711 710)
4(710 711 714 713)
4(713 714 718 717)
4(717 718 722 721)
4(721 722 727 726)
4(726 727 732 731)
4(731 732 738 737)
4(737 738 744 743)
4(743 744 751 750)
4(750 751 758 757)
4(757 758 766 765)
4(765 766 774 773)
4(773 774 783 782)
4(782 783 792 791)
4(714 715 719 718)
4(718 719 723 722)
4(722 723 728 727)
4(727 728 733 732)
4(732 733 739 738)
4(738 739 745 744)
4(744 745 752 751)
4(751 752 759 758)
4(758 759 767 766)
4(766 767 775 774)
4(774 775 784 783)
4(783 784 793 792)
4(723 724 729 728)
4(728 729 734 733)
4(733 734 740 739)
4(739 740 746 745)
4(745 746 753 752)
4(752 753 760 759)
4(759 760 768 767)
4(767 768 776 775)
4(775 776 785 784)
4(784 785 794 793)
4(734 735 741 740)
4(740 741 747 746)
4(746 747 754 753)
4(753 754 761 760)
4(760 761 769 768)
4(768 769 777 776)
4(776 777 786 785)
4(785 786 795 794)
4(747 748 755 754)
4(754 755 762 761)
4(761 762 770 769)
4(769 770 778 777)
4(777 778 787 786)
4(786 787 796 795)
4(762 763 771 770)
4(770 771 779 778)
4(778 779 788 787)
4(787 788 797 796)
4(779 780 789 788)
4(788 789 798 797)
4(789 790 799 798)
4(337 342 807 800)
4(342 347 814 807)
4(347 352 821 814)
4(352 357 827 821)
4(357 362 833 827)
4(362 368 838 833)
4(368 374 843 838)
4(374 380 847 843)
4(380 386 851 847)
4(386 392 854 851)
4(392 398 857 854)
4(398 404 859 857)
4(404 410 861 859)
4(410 416 863 861)
4(416 422 864 863)
4(422 428 865 864)
4(800 807 808 801)
4(807 814 815 808)
4(814 821 822 815)
4(821 827 828 822)
4(827 833 834 828)
4(833 838 839 834)
4(838 843 844 839)
4(843 847 848 844)
4(847 851 852 848)
4(851 854 855 852)
4(854 857 858 855)
4(857 859 860 858)
4(859 861 862 860)
4(801 808 809 802)
4(808 815 816 809)
4(815 822 823 816)
4(822 828 829 823)
4(828 834 835 829)
4(834 839 840 835)
4(839 844 845 840)
4(844 848 849 845)
4(848 852 853 849)
4(852 855 856 853)
4(802 809 810 803)
4(809 816 817 810)
4(816 823 824 817)
4(823 829 830 824)
4(829 835 836 830)
4(835 840 841 836)
4(840 845 846 841)
4(845 849 850 846)
4(803 810 811 804)
4(810 817 818 811)
4(817 824 825 818)
4(824 830 831 825)
4(830 836 837 831)
4(836 841 842 837)
4(804 811 812 805)
4(811 818 819 812)
4(818 825 826 819)
4(825 831 832 826)
4(805 812 813 806)
4(812 819 820 813)
4(478 866 873 483)
4(483 873 880 488)
4(488 880 887 493)
4(493 887 893 498)
4(498 893 899 503)
4(503 899 904 509)
4(509 904 909 515)
4(515 909 913 521)
4(521 913 917 527)
4(527 917 920 533)
4(533 920 923 539)
4(539 923 925 545)
4(545 925 927 551)
4(551 927 929 557)
4(557 929 930 563)
4(563 930 931 569)
4(866 867 874 873)
4(873 874 881 880)
4(880 881 888 887)
4(887 888 894 893)
4(893 894 900 899)
4(899 900 905 904)
4(904 905 910 909)
4(909 910 914 913)
4(913 914 918 917)
4(917 918 921 920)
4(920 921 924 923)
4(923 924 926 925)
4(925 926 928 927)
4(867 868 875 874)
4(874 875 882 881)
4(881 882 889 888)
4(888 889 895 894)
4(894 895 901 900)
4(900 901 906 905)
4(905 906 911 910)
4(910 911 915 914)
4(914 915 919 918)
4(918 919 922 921)
4(868 869 876 875)
4(875 876 883 882)
4(882 883 890 889)
4(889 890 896 895)
4(895 896 902 901)
4(901 902 907 906)
4(906 907 912 911)
4(911 912 916 915)
4(869 870 877 876)
4(876 877 884 883)
4(883 884 891 890)
4(890 891 897 896)
4(896 897 903 902)
4(902 903 908 907)
4(870 871 878 877)
4(877 878 885 884)
4(884 885 892 891)
4(891 892 898 897)
4(871 872 879 878)
4(878 879 886 885)
4(312 313 454 453)
4(312 453 455 314)
4(314 455 457 316)
4(316 457 459 318)
4(318 459 462 321)
4(321 462 466 325)
4(324 325 466 465)
4(324 465 469 328)
4(328 469 474 333)
4(333 474 479 338)
4(313 315 456 454)
4(315 317 458 456)
4(317 319 460 458)
4(319 320 461 460)
4(320 323 464 461)
4(323 327 468 464)
4(327 331 472 468)
4(331 332 473 472)
4(332 337 478 473)
4(337 800 866 478)
4(800 801 867 866)
4(801 802 868 867)
4(802 803 869 868)
4(803 804 870 869)
4(804 805 871 870)
4(805 806 872 871)
4(806 813 879 872)
4(813 820 886 879)
4(819 885 886 820)
4(819 826 892 885)
4(826 832 898 892)
4(831 897 898 832)
4(831 837 903 897)
4(837 842 908 903)
4(841 907 908 842)
4(841 846 912 907)
4(846 850 916 912)
4(849 915 916 850)
4(849 853 919 915)
4(853 856 922 919)
4(855 921 922 856)
4(855 858 924 921)
4(0 156 162 6)
4(6 162 168 12)
4(12 168 174 18)
4(18 174 180 24)
4(24 180 186 30)
4(30 186 192 36)
4(36 192 198 42)
4(42 198 204 48)
4(48 204 210 54)
4(54 210 216 60)
4(60 216 222 66)
4(66 222 228 72)
4(72 228 234 78)
4(78 234 240 84)
4(84 240 246 90)
4(90 246 247 91)
4(91 247 252 96)
4(96 252 257 101)
4(101 257 262 106)
4(338 479 484 343)
4(343 484 489 348)
4(348 489 494 353)
4(353 494 499 358)
4(358 499 505 364)
4(363 364 505 504)
4(363 504 510 369)
4(369 510 516 375)
4(375 516 522 381)
4(381 522 528 387)
4(387 528 534 393)
4(393 534 540 399)
4(399 540 546 405)
4(405 546 552 411)
4(411 552 558 417)
4(417 558 564 423)
4(423 564 570 429)
4(429 570 576 435)
4(435 576 582 441)
4(441 582 588 447)
4(447 588 156 0)
4(5 11 167 161)
4(11 17 173 167)
4(17 23 179 173)
4(23 29 185 179)
4(29 35 191 185)
4(428 434 575 569)
4(434 440 581 575)
4(440 446 587 581)
4(446 452 593 587)
4(452 5 161 593)
4(35 594 697 191)
4(594 595 698 697)
4(595 596 699 698)
4(858 860 926 924)
4(860 862 928 926)
4(861 927 928 862)
4(861 863 929 927)
4(863 864 930 929)
4(864 865 931 930)
4(428 569 931 865)
4(106 262 267 111)
4(111 267 272 116)
4(116 272 277 121)
4(121 277 282 126)
4(126 282 287 131)
4(131 287 288 132)
4(132 288 292 136)
4(136 292 296 140)
4(140 296 300 144)
4(144 300 304 148)
4(148 304 307 151)
4(151 307 308 152)
4(152 308 310 154)
4(139 143 299 295)
4(146 302 303 147)
4(143 147 303 299)
4(146 150 306 302)
4(150 153 309 306)
4(153 155 311 309)
4(154 310 311 155)
4(139 295 781 678)
4(678 781 782 679)
4(679 782 791 688)
4(688 791 792 689)
4(689 792 793 690)
4(690 793 794 691)
4(691 794 795 692)
4(692 795 796 693)
4(693 796 797 694)
4(694 797 798 695)
4(695 798 799 696)
4(596 597 700 699)
4(597 598 701 700)
4(598 600 703 701)
4(600 602 705 703)
4(602 604 707 705)
4(604 605 708 707)
4(605 608 711 708)
4(608 611 714 711)
4(611 612 715 714)
4(612 616 719 715)
4(616 620 723 719)
4(620 621 724 723)
4(621 626 729 724)
4(626 631 734 729)
4(631 632 735 734)
4(632 638 741 735)
4(638 644 747 741)
4(644 645 748 747)
4(645 652 755 748)
4(652 659 762 755)
4(659 660 763 762)
4(660 668 771 763)
4(668 676 779 771)
4(676 677 780 779)
4(677 686 789 780)
4(686 687 790 789)
4(687 696 799 790)
)


// ************************************************************************* //
