/*--------------------------------*- C++ -*----------------------------------*\
  =========                 |
  \\      /  F ield         | OpenFOAM: The Open Source CFD Toolbox
   \\    /   O peration     | Website:  https://openfoam.org
    \\  /    A nd           | Version:  7
     \\/     M anipulation  |
\*---------------------------------------------------------------------------*/
FoamFile
{
    version     2.0;
    format      ascii;
    class       volVectorField;
    location    "15.5";
    object      U;
}
// * * * * * * * * * * * * * * * * * * * * * * * * * * * * * * * * * * * * * //

dimensions      [0 1 -1 0 0 0 0];

internalField   nonuniform List<vector> 
2413
(
(2 4.10042e-16 0)
(2 -1.77823e-15 0)
(2 -5.5921e-15 0)
(2 -8.25461e-15 0)
(2 -1.20038e-14 0)
(2 -1.47584e-14 0)
(2 -1.60226e-14 0)
(2 -1.53435e-14 0)
(2 -1.8212e-14 0)
(2 -2.35518e-14 0)
(2 -2.35204e-14 0)
(2 -2.1617e-14 0)
(2 -2.00434e-14 0)
(2 -1.65312e-14 0)
(2 8.88883e-14 0)
(2 2.70515e-12 0)
(2 5.23682e-11 0)
(2 8.09233e-10 0)
(2 9.7268e-09 0)
(2 9.60027e-08 0)
(2 7.52178e-07 0)
(2 4.74367e-06 0)
(1.99998 2.46593e-05 0)
(1.99992 0.000103323 0)
(1.99973 0.000363962 0)
(1.99924 0.00103425 0)
(1.99817 0.0025987 0)
(1.99637 0.00529742 0)
(2 2.0797e-15 0)
(2 2.7019e-15 0)
(2 3.22959e-15 0)
(2 3.68892e-15 0)
(2 5.71757e-15 0)
(2 6.30637e-15 0)
(2 6.00055e-15 0)
(2 5.49079e-15 0)
(2 5.34778e-15 0)
(2 5.65727e-15 0)
(2 5.63285e-15 0)
(2 5.41175e-15 0)
(2 5.43925e-15 0)
(2 4.85632e-15 0)
(2 4.51326e-15 0)
(2 4.78504e-15 0)
(2 4.59042e-15 0)
(2 5.49778e-15 0)
(2 6.47472e-15 0)
(2 7.1868e-15 0)
(2 7.82628e-15 0)
(2 9.03947e-15 0)
(2 8.3615e-15 0)
(2 7.93862e-15 0)
(2 8.39071e-15 0)
(2 8.80568e-15 0)
(2 9.92604e-15 0)
(2 1.0232e-14 0)
(2 1.04152e-14 0)
(2 1.08584e-14 0)
(2 1.11114e-14 0)
(2 1.20807e-14 0)
(2 1.26117e-14 0)
(2 1.26039e-14 0)
(2 1.19946e-14 0)
(2 1.14416e-14 0)
(2 1.11869e-14 0)
(2 1.13912e-14 0)
(2 1.07752e-14 0)
(2 1.09533e-14 0)
(2 1.08745e-14 0)
(2 1.1295e-14 0)
(2 1.06343e-14 0)
(2 1.01854e-14 0)
(2 9.98831e-15 0)
(2 9.89767e-15 0)
(2 8.69288e-15 0)
(2 8.42044e-15 0)
(2 8.55298e-15 0)
(2 8.0964e-15 0)
(2 6.65026e-15 0)
(2 5.62364e-15 0)
(2 4.78855e-15 0)
(2 4.29556e-15 0)
(2 4.52328e-15 0)
(2 5.16496e-15 0)
(2 5.10791e-15 0)
(2 4.5138e-15 0)
(2 3.96157e-15 0)
(2 3.22483e-15 0)
(2 2.24639e-15 0)
(2 7.78544e-16 0)
(2 -1.91315e-15 0)
(2 -2.88565e-15 0)
(2 -6.90396e-15 0)
(2 -8.5184e-15 0)
(2 -1.09339e-14 0)
(2 -1.11687e-14 0)
(2 -1.12738e-14 0)
(2 -1.61002e-14 0)
(2 -1.72502e-14 0)
(2 -1.65872e-14 0)
(2 -1.67024e-14 0)
(2 -1.65949e-14 0)
(2 -1.61444e-14 0)
(2 -1.49446e-14 0)
(2 5.67182e-14 0)
(2 1.95725e-12 0)
(2 4.06958e-11 0)
(2 6.38626e-10 0)
(2 8.20352e-09 0)
(2 8.04601e-08 0)
(2 6.62482e-07 0)
(2 4.1962e-06 0)
(1.99998 2.22141e-05 0)
(1.99993 9.40143e-05 0)
(1.99976 0.000330352 0)
(1.99932 0.000959179 0)
(2 4.13804e-15 0)
(2 3.61224e-15 0)
(2 2.75093e-15 0)
(2 2.77268e-15 0)
(2 3.60999e-15 0)
(2 5.15525e-15 0)
(2 5.66731e-15 0)
(2 5.14956e-15 0)
(2 4.66044e-15 0)
(2 4.56982e-15 0)
(2 4.63978e-15 0)
(2 5.1644e-15 0)
(2 4.58707e-15 0)
(2 4.33969e-15 0)
(2 4.22714e-15 0)
(2 3.51917e-15 0)
(2 3.70978e-15 0)
(2 5.89306e-15 0)
(2 6.09694e-15 0)
(2 7.1092e-15 0)
(2 7.8399e-15 0)
(2 8.97322e-15 0)
(2 9.22293e-15 0)
(2 8.26073e-15 0)
(2 7.94769e-15 0)
(2 8.03696e-15 0)
(2 8.5105e-15 0)
(2 9.70065e-15 0)
(2 1.08977e-14 0)
(2 9.93629e-15 0)
(2 8.66357e-15 0)
(2 9.07147e-15 0)
(2 9.33486e-15 0)
(2 9.19588e-15 0)
(2 9.20667e-15 0)
(2 8.81141e-15 0)
(2 8.86137e-15 0)
(2 9.38534e-15 0)
(2 8.71907e-15 0)
(2 8.68662e-15 0)
(2 8.53532e-15 0)
(2 8.56062e-15 0)
(2 8.82516e-15 0)
(2 7.93724e-15 0)
(2 7.9632e-15 0)
(2 7.49532e-15 0)
(2 5.18092e-15 0)
(2 3.9791e-15 0)
(2 4.86179e-15 0)
(2 5.23723e-15 0)
(2 5.66361e-15 0)
(2 6.72642e-15 0)
(2 6.73386e-15 0)
(2 6.40186e-15 0)
(2 4.81806e-15 0)
(2 2.98919e-15 0)
(2 1.56511e-15 0)
(2 1.36798e-15 0)
(2 5.24166e-16 0)
(2 5.79395e-17 0)
(2 1.65276e-17 0)
(2 3.00722e-16 0)
(2 6.17749e-16 0)
(2 1.12812e-15 0)
(2 -3.84479e-16 0)
(2 -3.77084e-15 0)
(2 -3.73269e-15 0)
(2 -5.70828e-15 0)
(2 -4.82845e-15 0)
(2 -6.62737e-15 0)
(2 -9.3708e-15 0)
(2 -1.42807e-14 0)
(2 -1.62166e-14 0)
(2 -1.73733e-14 0)
(2 -1.78627e-14 0)
(2 -2.30092e-14 0)
(2 -2.48678e-14 0)
(2 -3.52219e-14 0)
(2 6.90638e-15 0)
(2 1.36809e-12 0)
(2 2.94058e-11 0)
(2 4.88625e-10 0)
(2 6.28556e-09 0)
(2 6.55935e-08 0)
(2 5.30267e-07 0)
(2 3.53898e-06 0)
(1.99999 1.84431e-05 0)
(1.99994 8.01876e-05 0)
(2 1.70283e-15 0)
(2 1.53031e-15 0)
(2 1.63567e-15 0)
(2 1.81666e-15 0)
(2 2.39282e-15 0)
(2 3.3424e-15 0)
(2 3.84759e-15 0)
(2 4.18552e-15 0)
(2 4.67692e-15 0)
(2 5.00567e-15 0)
(2 4.84186e-15 0)
(2 4.60702e-15 0)
(2 2.86132e-15 0)
(2 2.47299e-15 0)
(2 2.45827e-15 0)
(2 2.18558e-15 0)
(2 4.46856e-15 0)
(2 7.25211e-15 0)
(2 6.70335e-15 0)
(2 5.90964e-15 0)
(2 6.52005e-15 0)
(2 6.52577e-15 0)
(2 7.54296e-15 0)
(2 6.75494e-15 0)
(2 5.78026e-15 0)
(2 5.49836e-15 0)
(2 6.87753e-15 0)
(2 8.64042e-15 0)
(2 8.8363e-15 0)
(2 8.40343e-15 0)
(2 8.04476e-15 0)
(2 8.18807e-15 0)
(2 8.04016e-15 0)
(2 6.81107e-15 0)
(2 6.16055e-15 0)
(2 6.12379e-15 0)
(2 6.16846e-15 0)
(2 6.66218e-15 0)
(2 5.93486e-15 0)
(2 6.8491e-15 0)
(2 6.82607e-15 0)
(2 5.37145e-15 0)
(2 4.27055e-15 0)
(2 2.48824e-15 0)
(2 1.7414e-15 0)
(2 2.42118e-15 0)
(2 2.12664e-15 0)
(2 9.99062e-16 0)
(2 8.10821e-16 0)
(2 2.58001e-15 0)
(2 5.68206e-15 0)
(2 5.44648e-15 0)
(2 5.4837e-15 0)
(2 4.53387e-15 0)
(2 3.93169e-15 0)
(2 2.92388e-15 0)
(2 1.43664e-15 0)
(2 4.12713e-16 0)
(2 2.67067e-16 0)
(2 2.66275e-16 0)
(2 1.09073e-15 0)
(2 1.98951e-15 0)
(2 3.68997e-15 0)
(2 4.34174e-15 0)
(2 3.58962e-15 0)
(2 2.04147e-15 0)
(2 2.44619e-15 0)
(2 1.07149e-15 0)
(2 -3.75108e-16 0)
(2 -2.64297e-15 0)
(2 -6.2755e-15 0)
(2 -8.84184e-15 0)
(2 -1.17644e-14 0)
(2 -1.54818e-14 0)
(2 -1.66781e-14 0)
(2 -2.21382e-14 0)
(2 -2.54564e-14 0)
(2 -4.46344e-14 0)
(2 -4.94602e-14 0)
(2 -6.76436e-14 0)
(2 -4.36881e-14 0)
(2 8.40107e-13 0)
(2 2.01369e-11 0)
(2 3.39912e-10 0)
(2 4.57e-09 0)
(2 4.74923e-08 0)
(2 4.03672e-07 0)
(2 2.63181e-06 0)
(2 1.83177e-15 0)
(2 1.41741e-15 0)
(2 1.333e-15 0)
(2 1.05348e-15 0)
(2 1.48554e-16 0)
(2 -5.5705e-16 0)
(2 -1.65094e-15 0)
(2 -8.09006e-16 0)
(2 7.50496e-16 0)
(2 3.16201e-15 0)
(2 4.24028e-15 0)
(2 4.06615e-15 0)
(2 4.11195e-15 0)
(2 4.4698e-15 0)
(2 5.95743e-15 0)
(2 5.88818e-15 0)
(2 6.01806e-15 0)
(2 6.83642e-15 0)
(2 6.00665e-15 0)
(2 5.08923e-15 0)
(2 5.20441e-15 0)
(2 4.81652e-15 0)
(2 4.77235e-15 0)
(2 4.94485e-15 0)
(2 4.8407e-15 0)
(2 4.84937e-15 0)
(2 4.79943e-15 0)
(2 5.08744e-15 0)
(2 5.69061e-15 0)
(2 5.41548e-15 0)
(2 5.54205e-15 0)
(2 4.79842e-15 0)
(2 4.02614e-15 0)
(2 4.34609e-15 0)
(2 3.69293e-15 0)
(2 3.08296e-15 0)
(2 1.21264e-15 0)
(2 -6.1579e-16 0)
(2 5.9025e-16 0)
(2 4.89115e-16 0)
(2 2.00637e-15 0)
(2 2.30031e-15 0)
(2 -3.2643e-16 0)
(2 -7.21905e-17 0)
(2 7.21266e-16 0)
(2 3.36778e-16 0)
(2 4.2825e-16 0)
(2 8.45591e-16 0)
(2 9.4664e-16 0)
(2 1.78403e-15 0)
(2 3.5297e-15 0)
(2 2.60932e-15 0)
(2 2.29363e-15 0)
(2 1.75813e-15 0)
(2 2.41336e-15 0)
(2 3.44349e-15 0)
(2 3.34344e-15 0)
(2 1.99387e-15 0)
(2 1.36224e-15 0)
(2 2.07454e-15 0)
(2 2.58526e-15 0)
(2 3.2903e-15 0)
(2 3.86591e-15 0)
(2 4.23114e-15 0)
(2 6.13314e-15 0)
(2 7.1559e-15 0)
(2 6.93656e-15 0)
(2 5.39492e-15 0)
(2 1.06045e-15 0)
(2 -1.98207e-15 0)
(2 -3.38834e-15 0)
(2 -5.19474e-15 0)
(2 -7.28128e-15 0)
(2 -9.32533e-15 0)
(2 -1.1681e-14 0)
(2 -1.30087e-14 0)
(2 -1.96026e-14 0)
(2 -2.67206e-14 0)
(2 -3.67567e-14 0)
(2 -7.43411e-14 0)
(2 -7.79842e-14 0)
(2 -1.04927e-13 0)
(2 -1.04963e-13 0)
(2 4.11173e-13 0)
(2 1.22984e-11 0)
(2 2.15665e-10 0)
(2 2.92808e-09 0)
(2 3.19304e-08 0)
(2 1.27627e-16 0)
(2 -1.34447e-15 0)
(2 -2.36956e-15 0)
(2 -2.21149e-15 0)
(2 -2.07973e-15 0)
(2 -1.74641e-15 0)
(2 -1.27217e-15 0)
(2 -6.96019e-16 0)
(2 2.97105e-16 0)
(2 1.64179e-15 0)
(2 3.23071e-15 0)
(2 4.61904e-15 0)
(2 4.8092e-15 0)
(2 4.73473e-15 0)
(2 4.53174e-15 0)
(2 4.42859e-15 0)
(2 3.20439e-15 0)
(2 1.60644e-15 0)
(2 1.95242e-15 0)
(2 2.79064e-15 0)
(2 3.3015e-15 0)
(2 1.94671e-15 0)
(2 1.08191e-15 0)
(2 1.68332e-15 0)
(2 2.321e-15 0)
(2 7.77986e-16 0)
(2 -7.25688e-16 0)
(2 -4.43896e-16 0)
(2 -1.98719e-16 0)
(2 1.17465e-15 0)
(2 6.6772e-16 0)
(2 -3.63992e-16 0)
(2 -2.19565e-15 0)
(2 -2.02508e-15 0)
(2 -1.10057e-15 0)
(2 -1.48893e-15 0)
(2 -2.64084e-15 0)
(2 -5.84975e-15 0)
(2 -5.78073e-15 0)
(2 -6.97913e-15 0)
(2 -6.87033e-15 0)
(2 -7.2185e-15 0)
(2 -6.72251e-15 0)
(2 -5.93639e-15 0)
(2 -4.42793e-15 0)
(2 -3.02919e-15 0)
(2 -1.88406e-16 0)
(2 1.93087e-15 0)
(2 2.75274e-15 0)
(2 1.22234e-15 0)
(2 -4.61438e-17 0)
(2 1.409e-16 0)
(2 8.96258e-17 0)
(2 -2.14029e-16 0)
(2 3.54648e-16 0)
(2 9.58333e-16 0)
(2 1.98142e-15 0)
(2 2.0309e-15 0)
(2 1.62619e-15 0)
(2 2.09809e-15 0)
(2 2.98937e-15 0)
(2 3.19432e-15 0)
(2 2.10911e-15 0)
(2 4.50258e-16 0)
(2 2.73273e-15 0)
(2 4.21549e-15 0)
(2 3.66743e-15 0)
(2 2.04878e-15 0)
(2 -1.19473e-15 0)
(2 -5.1724e-15 0)
(2 -6.94592e-15 0)
(2 -9.76736e-15 0)
(2 -1.06878e-14 0)
(2 -1.15322e-14 0)
(2 -1.28726e-14 0)
(2 -1.36625e-14 0)
(2 -1.60667e-14 0)
(2 -2.13932e-14 0)
(2 -2.49635e-14 0)
(2 -4.95476e-14 0)
(2 -7.82948e-14 0)
(2 -1.00252e-13 0)
(2 -1.29773e-13 0)
(2 -1.37492e-13 0)
(2 -1.32007e-13 0)
(2 1.26382e-13 0)
(2 6.50853e-12 0)
(2 1.19758e-10 0)
(2 -5.09869e-15 0)
(2 -5.43316e-15 0)
(2 -6.13036e-15 0)
(2 -5.92303e-15 0)
(2 -4.14869e-15 0)
(2 -3.19908e-15 0)
(2 -1.93108e-15 0)
(2 -2.42663e-16 0)
(2 1.15226e-15 0)
(2 2.47283e-15 0)
(2 3.23729e-15 0)
(2 3.7677e-15 0)
(2 4.28546e-15 0)
(2 3.04241e-15 0)
(2 5.20746e-16 0)
(2 -2.32561e-16 0)
(2 -8.67005e-16 0)
(2 -1.61403e-15 0)
(2 -1.22315e-15 0)
(2 -4.13947e-16 0)
(2 -1.12829e-15 0)
(2 7.00117e-16 0)
(2 6.40326e-16 0)
(2 -9.71109e-16 0)
(2 -1.62696e-15 0)
(2 -1.95988e-15 0)
(2 -2.11772e-15 0)
(2 -2.90266e-15 0)
(2 -2.70539e-15 0)
(2 -2.38438e-15 0)
(2 -3.3027e-15 0)
(2 -3.39486e-15 0)
(2 -2.39432e-15 0)
(2 -1.83977e-15 0)
(2 -2.57779e-15 0)
(2 -3.54874e-15 0)
(2 -3.93578e-15 0)
(2 -4.22567e-15 0)
(2 -6.06532e-15 0)
(2 -6.59152e-15 0)
(2 -7.54414e-15 0)
(2 -7.69613e-15 0)
(2 -7.73454e-15 0)
(2 -7.89671e-15 0)
(2 -8.68181e-15 0)
(2 -8.03418e-15 0)
(2 -6.65729e-15 0)
(2 -4.79382e-15 0)
(2 -4.6504e-15 0)
(2 -5.09911e-15 0)
(2 -5.63788e-15 0)
(2 -4.46616e-15 0)
(2 -2.03316e-15 0)
(2 -1.76149e-15 0)
(2 -1.61315e-15 0)
(2 -1.60081e-15 0)
(2 -8.65996e-16 0)
(2 9.13177e-16 0)
(2 2.46773e-15 0)
(2 5.36541e-16 0)
(2 -2.29631e-16 0)
(2 -1.96947e-16 0)
(2 1.36818e-15 0)
(2 5.33674e-15 0)
(2 6.33534e-15 0)
(2 6.02605e-15 0)
(2 5.1056e-15 0)
(2 5.05905e-15 0)
(2 5.3649e-15 0)
(2 2.62259e-15 0)
(2 -1.14792e-15 0)
(2 -3.44632e-15 0)
(2 -5.33661e-15 0)
(2 -8.03979e-15 0)
(2 -1.20372e-14 0)
(2 -1.63423e-14 0)
(2 -1.85279e-14 0)
(2 -1.95327e-14 0)
(2 -2.24367e-14 0)
(2 -3.01413e-14 0)
(2 -5.35519e-14 0)
(2 -6.93813e-14 0)
(2 -1.07021e-13 0)
(2 -1.25206e-13 0)
(2 -1.27285e-13 0)
(2 -9.3662e-14 0)
(2 -1.33322e-13 0)
(2 3.71141e-14 0)
(2 -5.39696e-15 0)
(2 -5.33497e-15 0)
(2 -4.80555e-15 0)
(2 -4.88569e-15 0)
(2 -4.68528e-15 0)
(2 -4.58334e-15 0)
(2 -4.14004e-15 0)
(2 -3.19391e-15 0)
(2 -1.96511e-15 0)
(2 -5.10228e-17 0)
(2 1.46014e-15 0)
(2 2.72707e-15 0)
(2 2.93901e-15 0)
(2 1.69137e-15 0)
(2 1.18742e-15 0)
(2 -8.59201e-16 0)
(2 -2.18238e-15 0)
(2 -2.70721e-15 0)
(2 -2.60392e-15 0)
(2 -2.58231e-15 0)
(2 -2.08935e-15 0)
(2 -1.04147e-15 0)
(2 9.20488e-16 0)
(2 -6.66995e-17 0)
(2 -6.1069e-18 0)
(2 -3.2038e-17 0)
(2 -7.69749e-17 0)
(2 -3.43066e-16 0)
(2 -1.05423e-15 0)
(2 -3.187e-15 0)
(2 -3.29019e-15 0)
(2 -3.84566e-15 0)
(2 -3.66703e-15 0)
(2 -2.7493e-15 0)
(2 -2.83671e-15 0)
(2 -2.85693e-15 0)
(2 -3.53283e-15 0)
(2 -4.33807e-15 0)
(2 -6.07624e-15 0)
(2 -5.69352e-15 0)
(2 -5.58889e-15 0)
(2 -5.09306e-15 0)
(2 -4.99923e-15 0)
(2 -3.89845e-15 0)
(2 -4.02469e-15 0)
(2 -3.72546e-15 0)
(2 -4.44134e-15 0)
(2 -5.50685e-15 0)
(2 -6.09998e-15 0)
(2 -4.68098e-15 0)
(2 -2.86257e-15 0)
(2 -1.9539e-15 0)
(2 -1.20153e-15 0)
(2 6.73336e-16 0)
(2 2.13218e-15 0)
(2 2.73667e-15 0)
(2 3.26495e-15 0)
(2 3.85376e-15 0)
(2 4.17302e-15 0)
(2 3.93461e-15 0)
(2 3.40411e-15 0)
(2 2.21306e-15 0)
(2 2.64627e-15 0)
(2 3.88173e-15 0)
(2 4.88383e-15 0)
(2 5.44411e-15 0)
(2 7.04493e-15 0)
(2 7.17343e-15 0)
(2 6.13591e-15 0)
(2 4.29737e-15 0)
(2 2.00344e-15 0)
(2 1.70673e-16 0)
(2 -3.2366e-15 0)
(2 -6.52936e-15 0)
(2 -1.13524e-14 0)
(2 -1.43796e-14 0)
(2 -1.68243e-14 0)
(2 -1.78206e-14 0)
(2 -2.07331e-14 0)
(2 -2.45323e-14 0)
(2 -3.34475e-14 0)
(2 -5.19414e-14 0)
(2 -7.00613e-14 0)
(2 -1.07093e-13 0)
(2 -1.12771e-13 0)
(2 -1.0017e-13 0)
(2 -8.0427e-14 0)
(2 5.22429e-14 0)
(2 -1.55109e-15 0)
(2 -1.24573e-15 0)
(2 -1.32818e-15 0)
(2 -1.77718e-15 0)
(2 -2.3339e-15 0)
(2 -2.34199e-15 0)
(2 -1.67303e-15 0)
(2 7.36874e-18 0)
(2 1.32578e-15 0)
(2 2.00391e-15 0)
(2 2.17114e-15 0)
(2 2.12302e-15 0)
(2 1.1047e-15 0)
(2 8.17194e-16 0)
(2 6.89452e-16 0)
(2 1.22124e-15 0)
(2 1.34075e-15 0)
(2 -5.97418e-16 0)
(2 -6.34066e-16 0)
(2 4.20316e-16 0)
(2 3.33995e-17 0)
(2 -3.86642e-16 0)
(2 9.67356e-17 0)
(2 -1.09574e-15 0)
(2 -1.85355e-15 0)
(2 -2.05497e-15 0)
(2 -2.29402e-15 0)
(2 -2.86787e-15 0)
(2 -2.97559e-15 0)
(2 -2.98602e-15 0)
(2 -3.38148e-15 0)
(2 -4.5994e-15 0)
(2 -5.61731e-15 0)
(2 -6.95728e-15 0)
(2 -6.4218e-15 0)
(2 -6.04701e-15 0)
(2 -6.03914e-15 0)
(2 -5.72401e-15 0)
(2 -4.99972e-15 0)
(2 -4.76777e-15 0)
(2 -5.02525e-15 0)
(2 -4.60279e-15 0)
(2 -3.60928e-15 0)
(2 -2.68926e-15 0)
(2 -1.11993e-15 0)
(2 8.97267e-16 0)
(2 1.21779e-16 0)
(2 -6.39942e-16 0)
(2 -6.28455e-16 0)
(2 -3.05445e-16 0)
(2 3.00484e-16 0)
(2 3.3033e-16 0)
(2 1.51753e-15 0)
(2 3.13053e-15 0)
(2 3.62499e-15 0)
(2 3.44889e-15 0)
(2 3.30059e-15 0)
(2 3.25273e-15 0)
(2 3.33971e-15 0)
(2 3.80895e-15 0)
(2 4.55629e-15 0)
(2 4.98941e-15 0)
(2 5.53482e-15 0)
(2 6.31464e-15 0)
(2 6.21362e-15 0)
(2 6.10429e-15 0)
(2 6.50364e-15 0)
(2 5.22569e-15 0)
(2 5.00642e-15 0)
(2 5.37826e-15 0)
(2 6.09249e-15 0)
(2 5.31151e-15 0)
(2 2.34477e-15 0)
(2 2.86312e-16 0)
(2 -3.03151e-15 0)
(2 -8.01704e-15 0)
(2 -9.11305e-15 0)
(2 -1.21027e-14 0)
(2 -1.74414e-14 0)
(2 -1.90983e-14 0)
(2 -2.4968e-14 0)
(2 -3.18726e-14 0)
(2 -4.11439e-14 0)
(2 -6.82635e-14 0)
(2 -8.60651e-14 0)
(2 -8.55335e-14 0)
(2 -4.25711e-14 0)
(2 1.0533e-13 0)
(2 2.88014e-15 0)
(2 3.15689e-15 0)
(2 3.06006e-15 0)
(2 2.49196e-15 0)
(2 2.33965e-15 0)
(2 2.62372e-15 0)
(2 3.20786e-15 0)
(2 3.80121e-15 0)
(2 2.75617e-15 0)
(2 8.7517e-16 0)
(2 -2.95049e-16 0)
(2 -1.11295e-15 0)
(2 -1.66277e-15 0)
(2 -6.17365e-16 0)
(2 -1.27735e-16 0)
(2 1.63569e-15 0)
(2 2.36925e-15 0)
(2 1.59453e-15 0)
(2 1.30856e-15 0)
(2 5.98489e-16 0)
(2 6.56238e-16 0)
(2 -1.00874e-15 0)
(2 -1.47421e-15 0)
(2 -2.04887e-15 0)
(2 -2.10949e-15 0)
(2 -1.25227e-15 0)
(2 -1.5725e-15 0)
(2 -1.55913e-15 0)
(2 -1.26893e-15 0)
(2 -1.37555e-15 0)
(2 -2.3748e-15 0)
(2 -3.67608e-15 0)
(2 -6.33481e-15 0)
(2 -7.63868e-15 0)
(2 -7.436e-15 0)
(2 -6.37941e-15 0)
(2 -5.31552e-15 0)
(2 -4.50544e-15 0)
(2 -2.96579e-15 0)
(2 -2.92063e-15 0)
(2 -5.00834e-15 0)
(2 -5.91557e-15 0)
(2 -4.16764e-15 0)
(2 -3.46368e-15 0)
(2 -2.89144e-15 0)
(2 -2.24604e-15 0)
(2 -2.04444e-15 0)
(2 -1.13418e-15 0)
(2 7.27641e-16 0)
(2 2.58285e-15 0)
(2 3.26379e-15 0)
(2 4.42989e-15 0)
(2 5.57385e-15 0)
(2 5.89898e-15 0)
(2 6.06786e-15 0)
(2 7.04166e-15 0)
(2 8.03362e-15 0)
(2 7.73969e-15 0)
(2 7.76316e-15 0)
(2 7.75536e-15 0)
(2 7.51364e-15 0)
(2 7.40089e-15 0)
(2 7.13103e-15 0)
(2 7.98136e-15 0)
(2 7.6831e-15 0)
(2 7.78232e-15 0)
(2 6.06392e-15 0)
(2 6.39271e-15 0)
(2 6.77969e-15 0)
(2 7.15227e-15 0)
(2 7.02742e-15 0)
(2 5.58953e-15 0)
(2 2.05076e-15 0)
(2 4.57863e-16 0)
(2 -6.66907e-16 0)
(2 -1.03253e-15 0)
(2 -2.15993e-15 0)
(2 -4.31234e-15 0)
(2 -6.0692e-15 0)
(2 -1.132e-14 0)
(2 -1.46104e-14 0)
(2 -1.96528e-14 0)
(2 -2.8841e-14 0)
(2 -4.38261e-14 0)
(2 -6.37268e-14 0)
(2 -6.30366e-14 0)
(2 -4.01782e-14 0)
(2 7.00097e-14 0)
(2 5.30844e-15 0)
(2 5.61626e-15 0)
(2 5.94188e-15 0)
(2 6.41154e-15 0)
(2 6.83882e-15 0)
(2 7.33255e-15 0)
(2 6.71172e-15 0)
(2 4.27184e-15 0)
(2 1.57824e-15 0)
(2 1.06422e-15 0)
(2 -5.99941e-16 0)
(2 -2.9275e-15 0)
(2 -2.19794e-15 0)
(2 -8.36621e-16 0)
(2 -3.84712e-16 0)
(2 -1.42125e-16 0)
(2 7.79077e-16 0)
(2 3.10839e-15 0)
(2 3.97152e-15 0)
(2 2.18117e-15 0)
(2 1.84364e-16 0)
(2 -1.35605e-15 0)
(2 -1.75987e-15 0)
(2 -8.95626e-16 0)
(2 -3.4579e-16 0)
(2 1.17831e-16 0)
(2 -3.00009e-16 0)
(2 -8.52636e-17 0)
(2 -4.39796e-16 0)
(2 -1.37927e-15 0)
(2 -2.06093e-15 0)
(2 -3.40475e-15 0)
(2 -3.66595e-15 0)
(2 -4.55084e-15 0)
(2 -4.50278e-15 0)
(2 -4.67029e-15 0)
(2 -4.86495e-15 0)
(2 -5.30259e-15 0)
(2 -5.48735e-15 0)
(2 -4.47875e-15 0)
(2 -4.68062e-15 0)
(2 -2.41279e-15 0)
(2 -1.20549e-15 0)
(2 -2.07442e-15 0)
(2 -3.01739e-15 0)
(2 -3.36998e-15 0)
(2 -1.45473e-15 0)
(2 6.54658e-16 0)
(2 3.72282e-15 0)
(2 6.51643e-15 0)
(2 8.02754e-15 0)
(2 9.30705e-15 0)
(2 8.11403e-15 0)
(2 8.18219e-15 0)
(2 8.23362e-15 0)
(2 8.18015e-15 0)
(2 8.39349e-15 0)
(2 8.88876e-15 0)
(2 9.38715e-15 0)
(2 1.01845e-14 0)
(2 1.00458e-14 0)
(2 9.77196e-15 0)
(2 8.72273e-15 0)
(2 7.39078e-15 0)
(2 6.81751e-15 0)
(2 8.44145e-15 0)
(2 6.7545e-15 0)
(2 8.33051e-15 0)
(2 9.49824e-15 0)
(2 9.18496e-15 0)
(2 7.68687e-15 0)
(2 5.32835e-15 0)
(2 4.69288e-15 0)
(2 3.97102e-15 0)
(2 3.39844e-15 0)
(2 2.47413e-15 0)
(2 7.55008e-16 0)
(2 -1.07214e-15 0)
(2 -3.52558e-15 0)
(2 -4.88232e-15 0)
(2 -6.62765e-15 0)
(2 -1.04648e-14 0)
(2 -1.3653e-14 0)
(2 -2.1914e-14 0)
(2 -3.42337e-14 0)
(2 -3.57821e-14 0)
(2 -2.77479e-14 0)
(2 2.86709e-14 0)
(2 3.6148e-15 0)
(2 3.95399e-15 0)
(2 3.39082e-15 0)
(2 3.1308e-15 0)
(2 3.27058e-15 0)
(2 3.61311e-15 0)
(2 1.11027e-15 0)
(2 -7.33922e-16 0)
(2 -1.50709e-15 0)
(2 -1.83632e-15 0)
(2 -2.36743e-15 0)
(2 -3.90243e-15 0)
(2 -3.55655e-15 0)
(2 -3.92538e-15 0)
(2 -3.52418e-15 0)
(2 -2.52455e-15 0)
(2 -2.33323e-15 0)
(2 -1.68598e-15 0)
(2 -1.77882e-15 0)
(2 -1.75094e-15 0)
(2 -2.43401e-15 0)
(2 -3.55773e-15 0)
(2 -3.85434e-15 0)
(2 -3.74441e-15 0)
(2 -3.44396e-15 0)
(2 -4.39275e-15 0)
(2 -4.39387e-15 0)
(2 -4.80742e-15 0)
(2 -5.58185e-15 0)
(2 -5.84734e-15 0)
(2 -6.2211e-15 0)
(2 -6.73288e-15 0)
(2 -6.41311e-15 0)
(2 -6.30956e-15 0)
(2 -5.00996e-15 0)
(2 -4.84996e-15 0)
(2 -5.3308e-15 0)
(2 -4.78234e-15 0)
(2 -4.95411e-15 0)
(2 -5.48073e-15 0)
(2 -5.91067e-15 0)
(2 -4.99633e-15 0)
(2 -4.01908e-15 0)
(2 -3.44448e-15 0)
(2 -2.78969e-15 0)
(2 -2.87632e-15 0)
(2 -2.4857e-15 0)
(2 -2.00684e-15 0)
(2 -7.72069e-16 0)
(2 5.34487e-16 0)
(2 2.18783e-15 0)
(2 3.61281e-15 0)
(2 3.74571e-15 0)
(2 3.22217e-15 0)
(2 4.18623e-15 0)
(2 4.23708e-15 0)
(2 4.23099e-15 0)
(2 4.74878e-15 0)
(2 5.55483e-15 0)
(2 6.97539e-15 0)
(2 7.15089e-15 0)
(2 6.70987e-15 0)
(2 5.91559e-15 0)
(2 5.1335e-15 0)
(2 4.85142e-15 0)
(2 4.71587e-15 0)
(2 3.69118e-15 0)
(2 2.7576e-15 0)
(2 2.03403e-15 0)
(2 2.40251e-15 0)
(2 3.03716e-15 0)
(2 3.18737e-15 0)
(2 3.00918e-15 0)
(2 2.106e-15 0)
(2 1.0462e-15 0)
(2 -9.04803e-16 0)
(2 -2.11656e-15 0)
(2 -5.06548e-15 0)
(2 -7.67147e-15 0)
(2 -7.65841e-15 0)
(2 -8.33895e-15 0)
(2 -9.2686e-15 0)
(2 -9.13037e-15 0)
(2 -1.06066e-14 0)
(2 -1.62305e-14 0)
(2 -2.08356e-14 0)
(2 -1.87954e-14 0)
(2 3.95111e-15 0)
(2 2.09829e-15 0)
(2 2.86025e-15 0)
(2 3e-15 0)
(2 2.09166e-15 0)
(2 7.14811e-16 0)
(2 -7.23907e-16 0)
(2 -1.20957e-15 0)
(2 -5.45191e-16 0)
(2 3.56084e-16 0)
(2 -4.99367e-16 0)
(2 -1.4261e-15 0)
(2 -2.09396e-15 0)
(2 -2.33567e-15 0)
(2 -2.40007e-15 0)
(2 -2.7847e-15 0)
(2 -3.31392e-15 0)
(2 -4.33226e-15 0)
(2 -4.89837e-15 0)
(2 -7.5121e-15 0)
(2 -7.51441e-15 0)
(2 -6.24751e-15 0)
(2 -6.92561e-15 0)
(2 -6.59134e-15 0)
(2 -6.28527e-15 0)
(2 -6.08138e-15 0)
(2 -5.87293e-15 0)
(2 -6.31968e-15 0)
(2 -6.20078e-15 0)
(2 -6.51557e-15 0)
(2 -6.07344e-15 0)
(2 -6.01274e-15 0)
(2 -5.59109e-15 0)
(2 -5.53189e-15 0)
(2 -5.30837e-15 0)
(2 -4.81917e-15 0)
(2 -3.95318e-15 0)
(2 -3.08375e-15 0)
(2 -3.56024e-15 0)
(2 -3.2661e-15 0)
(2 -4.28647e-15 0)
(2 -4.33573e-15 0)
(2 -3.86599e-15 0)
(2 -3.16876e-15 0)
(2 -2.44919e-15 0)
(2 -1.50989e-15 0)
(2 1.70547e-15 0)
(2 2.30456e-15 0)
(2 1.971e-15 0)
(2 2.09496e-15 0)
(2 1.03769e-15 0)
(2 -1.04937e-15 0)
(2 -3.05969e-16 0)
(2 5.41428e-16 0)
(2 -1.41484e-15 0)
(2 -1.30031e-15 0)
(2 -9.70418e-16 0)
(2 -7.81407e-16 0)
(2 1.75196e-16 0)
(2 4.59068e-16 0)
(2 1.70307e-15 0)
(2 3.12315e-15 0)
(2 3.66389e-15 0)
(2 3.86287e-15 0)
(2 3.90015e-15 0)
(2 4.47396e-15 0)
(2 2.57601e-15 0)
(2 1.79847e-15 0)
(2 1.13261e-15 0)
(2 4.22671e-16 0)
(2 5.94817e-16 0)
(2 6.45823e-16 0)
(2 6.30918e-16 0)
(2 6.78785e-16 0)
(2 -1.31757e-16 0)
(2 -4.41229e-16 0)
(2 -4.92548e-16 0)
(2 -8.50473e-16 0)
(2 -2.34036e-15 0)
(2 -4.33051e-15 0)
(2 -6.66571e-15 0)
(2 -7.03318e-15 0)
(2 -6.95441e-15 0)
(2 -6.42176e-15 0)
(2 -6.46341e-15 0)
(2 -6.86072e-15 0)
(2 -8.42227e-15 0)
(2 -9.04747e-15 0)
(2 -7.77523e-15 0)
(2 2.24827e-15 0)
(2 2.66447e-15 0)
(2 2.38259e-15 0)
(2 1.98855e-15 0)
(2 8.78573e-16 0)
(2 -1.56965e-16 0)
(2 4.14594e-16 0)
(2 1.46958e-15 0)
(2 1.21198e-15 0)
(2 -2.42791e-16 0)
(2 -1.23948e-15 0)
(2 -1.25208e-15 0)
(2 -9.3938e-16 0)
(2 -9.50292e-17 0)
(2 -3.65917e-17 0)
(2 -7.25135e-16 0)
(2 -1.85624e-16 0)
(2 -8.93405e-16 0)
(2 -3.69995e-15 0)
(2 -6.16031e-15 0)
(2 -7.55104e-15 0)
(2 -7.5648e-15 0)
(2 -7.3207e-15 0)
(2 -7.45943e-15 0)
(2 -8.43984e-15 0)
(2 -7.48467e-15 0)
(2 -6.96467e-15 0)
(2 -6.33452e-15 0)
(2 -6.23726e-15 0)
(2 -5.92441e-15 0)
(2 -5.08741e-15 0)
(2 -4.40104e-15 0)
(2 -3.91284e-15 0)
(2 -3.00369e-15 0)
(2 -2.5487e-15 0)
(2 -2.82374e-15 0)
(2 -2.53518e-15 0)
(2 -3.27157e-15 0)
(2 -3.26457e-15 0)
(2 -3.16832e-15 0)
(2 -3.26006e-15 0)
(2 -2.45479e-15 0)
(2 -1.59776e-15 0)
(2 -5.85437e-16 0)
(2 -1.98159e-16 0)
(2 2.33552e-15 0)
(2 3.48329e-15 0)
(2 3.50862e-15 0)
(2 2.92204e-15 0)
(2 3.70063e-16 0)
(2 -3.60602e-15 0)
(2 -5.07569e-15 0)
(2 -5.32301e-15 0)
(2 -5.25329e-15 0)
(2 -5.11572e-15 0)
(2 -4.42054e-15 0)
(2 -3.47667e-15 0)
(2 -3.42169e-15 0)
(2 -3.2212e-15 0)
(2 -3.454e-15 0)
(2 -1.82656e-15 0)
(2 1.36113e-15 0)
(2 1.40349e-15 0)
(2 1.83765e-15 0)
(2 1.16605e-15 0)
(2 1.29685e-15 0)
(2 1.84436e-15 0)
(2 1.80678e-15 0)
(2 1.55648e-15 0)
(2 7.51132e-16 0)
(2 -1.74598e-16 0)
(2 -1.8698e-15 0)
(2 -2.55994e-15 0)
(2 -2.31991e-15 0)
(2 -2.14202e-15 0)
(2 -2.42622e-15 0)
(2 -4.32415e-15 0)
(2 -5.07401e-15 0)
(2 -5.84951e-15 0)
(2 -5.91053e-15 0)
(2 -6.05238e-15 0)
(2 -6.22386e-15 0)
(2 -7.24747e-15 0)
(2 -7.888e-15 0)
(2 -7.7847e-15 0)
(2 -7.70347e-15 0)
(2 -7.18296e-15 0)
(2 -6.52962e-15 0)
(2 1.20335e-15 0)
(2 2.93732e-17 0)
(2 -3.15738e-16 0)
(2 9.08743e-16 0)
(2 5.52479e-16 0)
(2 -2.66568e-16 0)
(2 7.54057e-16 0)
(2 5.65082e-16 0)
(2 -2.78956e-16 0)
(2 -2.34413e-15 0)
(2 -2.82212e-15 0)
(2 -2.66749e-15 0)
(2 -2.31697e-15 0)
(2 -2.66359e-16 0)
(2 -3.78392e-16 0)
(2 -3.3044e-16 0)
(2 4.6885e-16 0)
(2 -1.66726e-15 0)
(2 -2.25047e-15 0)
(2 -4.02665e-15 0)
(2 -3.62362e-15 0)
(2 -2.55061e-15 0)
(2 -3.00973e-15 0)
(2 -3.19435e-15 0)
(2 -3.7426e-15 0)
(2 -5.3808e-15 0)
(2 -5.08784e-15 0)
(2 -5.03268e-15 0)
(2 -4.51856e-15 0)
(2 -4.79792e-15 0)
(2 -4.19834e-15 0)
(2 -3.98352e-15 0)
(2 -3.20439e-15 0)
(2 -1.32502e-15 0)
(2 -1.9867e-15 0)
(2 -3.60768e-15 0)
(2 -3.89026e-15 0)
(2 -3.24796e-15 0)
(2 -3.2549e-15 0)
(2 -3.85714e-15 0)
(2 -3.74275e-15 0)
(2 -4.08082e-15 0)
(2 -3.68888e-15 0)
(2 -1.23448e-15 0)
(2 -3.17803e-16 0)
(2 -8.86264e-16 0)
(2 -1.52773e-15 0)
(2 -2.4462e-15 0)
(2 -3.42232e-15 0)
(2 -5.28568e-15 0)
(2 -5.81522e-15 0)
(2 -6.43952e-15 0)
(2 -6.85629e-15 0)
(2 -5.75913e-15 0)
(2 -5.58473e-15 0)
(2 -4.90921e-15 0)
(2 -4.14517e-15 0)
(2 -4.35021e-15 0)
(2 -3.88877e-15 0)
(2 -5.23232e-15 0)
(2 -5.86441e-15 0)
(2 -3.79763e-15 0)
(2 -3.30807e-15 0)
(2 -1.05852e-15 0)
(2 -2.1603e-15 0)
(2 -3.02549e-16 0)
(2 -1.86454e-17 0)
(2 -1.23037e-15 0)
(2 -1.43581e-15 0)
(2 -2.07835e-15 0)
(2 -2.60584e-15 0)
(2 -4.10127e-15 0)
(2 -4.93399e-15 0)
(2 -4.55772e-15 0)
(2 -5.36085e-15 0)
(2 -7.24231e-15 0)
(2 -7.72532e-15 0)
(2 -7.68166e-15 0)
(2 -7.01281e-15 0)
(2 -6.75445e-15 0)
(2 -6.91676e-15 0)
(2 -7.32037e-15 0)
(2 -8.00598e-15 0)
(2 -8.22375e-15 0)
(2 -8.39269e-15 0)
(2 -8.78094e-15 0)
(2 -8.45535e-15 0)
(2 -7.66594e-15 0)
(2 -8.87528e-16 0)
(2 -5.78339e-16 0)
(2 1.03421e-15 0)
(2 1.79477e-15 0)
(2 1.85203e-15 0)
(2 3.4688e-16 0)
(2 -1.78882e-16 0)
(2 -1.93834e-15 0)
(2 -3.40213e-15 0)
(2 -3.72502e-15 0)
(2 -3.69894e-15 0)
(2 -3.17774e-15 0)
(2 -2.42401e-15 0)
(2 -1.24403e-15 0)
(2 -1.31915e-16 0)
(2 1.07685e-15 0)
(2 8.05122e-16 0)
(2 6.47185e-16 0)
(2 1.00789e-15 0)
(2 1.4569e-15 0)
(2 2.73783e-15 0)
(2 2.89336e-15 0)
(2 2.60366e-15 0)
(2 6.28799e-16 0)
(2 -9.3598e-16 0)
(2 -1.38013e-15 0)
(2 -2.03903e-15 0)
(2 -2.75944e-15 0)
(2 -2.62323e-15 0)
(2 -2.28821e-15 0)
(2 -1.4011e-15 0)
(2 -1.52784e-15 0)
(2 -1.60702e-15 0)
(2 -2.28267e-15 0)
(2 -4.3805e-15 0)
(2 -4.30577e-15 0)
(2 -3.31327e-15 0)
(2 -4.14586e-16 0)
(2 1.3052e-16 0)
(2 -6.81753e-16 0)
(2 -2.07092e-15 0)
(2 -3.55539e-15 0)
(2 -3.63565e-15 0)
(2 -3.71952e-15 0)
(2 -4.69751e-15 0)
(2 -6.70806e-15 0)
(2 -6.56373e-15 0)
(2 -6.63807e-15 0)
(2 -7.95775e-15 0)
(2 -7.51078e-15 0)
(2 -6.692e-15 0)
(2 -4.30375e-15 0)
(2 -1.45944e-15 0)
(2 -1.63135e-15 0)
(2 -1.56584e-15 0)
(2 -1.74018e-15 0)
(2 -1.89481e-15 0)
(2 -2.06662e-15 0)
(2 -2.70466e-15 0)
(2 -2.97758e-15 0)
(2 -4.81117e-15 0)
(2 -6.0815e-15 0)
(2 -4.69378e-15 0)
(2 -3.50622e-15 0)
(2 -3.05847e-15 0)
(2 -1.04762e-15 0)
(2 -1.137e-15 0)
(2 -2.51167e-15 0)
(2 -4.80526e-15 0)
(2 -5.74475e-15 0)
(2 -6.71393e-15 0)
(2 -7.49317e-15 0)
(2 -8.47857e-15 0)
(2 -8.13663e-15 0)
(2 -7.84003e-15 0)
(2 -6.84922e-15 0)
(2 -6.15315e-15 0)
(2 -6.11256e-15 0)
(2 -6.20705e-15 0)
(2 -6.31972e-15 0)
(2 -6.90701e-15 0)
(2 -8.15889e-15 0)
(2 -8.06544e-15 0)
(2 -7.61676e-15 0)
(2 -7.26505e-15 0)
(2 -7.0631e-15 0)
(2 -6.75498e-15 0)
(2 -6.54242e-15 0)
(2 -2.82379e-15 0)
(2 -1.52967e-15 0)
(2 -4.63859e-16 0)
(2 -2.58871e-15 0)
(2 -2.91059e-15 0)
(2 -3.22215e-15 0)
(2 -4.9736e-15 0)
(2 -7.44786e-15 0)
(2 -8.02204e-15 0)
(2 -7.3247e-15 0)
(2 -6.01483e-15 0)
(2 -4.4661e-15 0)
(2 -2.85553e-15 0)
(2 -4.0139e-15 0)
(2 -3.00711e-15 0)
(2 -3.30119e-15 0)
(2 -2.39044e-15 0)
(2 -1.89017e-15 0)
(2 -2.75587e-15 0)
(2 -2.68871e-15 0)
(2 -2.85218e-15 0)
(2 -3.52909e-15 0)
(2 -3.66799e-15 0)
(2 -4.04569e-15 0)
(2 -4.10453e-15 0)
(2 -3.8522e-15 0)
(2 -4.32747e-15 0)
(2 -3.11125e-15 0)
(2 -3.34345e-15 0)
(2 -2.71755e-15 0)
(2 -1.80949e-15 0)
(2 -1.31061e-15 0)
(2 -1.55698e-15 0)
(2 -3.43019e-15 0)
(2 -4.02893e-15 0)
(2 -4.60711e-15 0)
(2 -4.76662e-15 0)
(2 -4.15927e-15 0)
(2 -4.09989e-15 0)
(2 -4.42992e-15 0)
(2 -3.88667e-15 0)
(2 -3.28897e-15 0)
(2 -2.1321e-15 0)
(2 -2.51656e-15 0)
(2 -4.15854e-15 0)
(2 -6.19236e-15 0)
(2 -6.7674e-15 0)
(2 -6.83187e-15 0)
(2 -5.60133e-15 0)
(2 -5.10931e-15 0)
(2 -4.5131e-15 0)
(2 -4.16263e-15 0)
(2 -3.44817e-15 0)
(2 -3.47186e-15 0)
(2 -3.79657e-15 0)
(2 -3.78688e-15 0)
(2 -3.48563e-15 0)
(2 -3.7239e-15 0)
(2 -4.18647e-15 0)
(2 -5.07972e-15 0)
(2 -6.62997e-15 0)
(2 -8.81781e-15 0)
(2 -8.23132e-15 0)
(2 -7.38223e-15 0)
(2 -6.18577e-15 0)
(2 -5.91272e-15 0)
(2 -5.84849e-15 0)
(2 -5.42339e-15 0)
(2 -5.34911e-15 0)
(2 -5.43958e-15 0)
(2 -5.75035e-15 0)
(2 -6.51436e-15 0)
(2 -7.37276e-15 0)
(2 -7.78413e-15 0)
(2 -8.66559e-15 0)
(2 -9.23014e-15 0)
(2 -9.64769e-15 0)
(2 -1.01061e-14 0)
(2 -1.04425e-14 0)
(2 -1.08504e-14 0)
(2 -1.04303e-14 0)
(2 -1.04321e-14 0)
(2 -9.68504e-15 0)
(2 -9.04987e-15 0)
(2 -9.46247e-15 0)
(2 -1.01077e-14 0)
(2 -1.11927e-14 0)
(2 -1.0883e-14 0)
(2 -5.57738e-15 0)
(2 -5.32727e-15 0)
(2 -5.66163e-15 0)
(2 -7.27904e-15 0)
(2 -8.37183e-15 0)
(2 -8.16794e-15 0)
(2 -8.32372e-15 0)
(2 -7.69487e-15 0)
(2 -6.35132e-15 0)
(2 -5.0787e-15 0)
(2 -3.81164e-15 0)
(2 -2.91469e-15 0)
(2 -2.76692e-15 0)
(2 -5.24927e-15 0)
(2 -6.68101e-15 0)
(2 -7.49929e-15 0)
(2 -7.484e-15 0)
(2 -7.11413e-15 0)
(2 -7.60996e-15 0)
(2 -7.03036e-15 0)
(2 -6.3515e-15 0)
(2 -6.26635e-15 0)
(2 -6.11299e-15 0)
(2 -4.63064e-15 0)
(2 -3.82537e-15 0)
(2 -4.51073e-15 0)
(2 -4.40721e-15 0)
(2 -3.84948e-15 0)
(2 -3.39e-15 0)
(2 -1.55725e-15 0)
(2 -1.13039e-15 0)
(2 2.67476e-16 0)
(2 7.96266e-16 0)
(2 -3.2541e-16 0)
(2 -6.24914e-16 0)
(2 -1.69749e-15 0)
(2 -3.85669e-15 0)
(2 -5.21642e-15 0)
(2 -4.84387e-15 0)
(2 -4.01674e-15 0)
(2 -2.90831e-15 0)
(2 -2.79683e-15 0)
(2 -2.55324e-15 0)
(2 -2.71432e-15 0)
(2 -3.85646e-15 0)
(2 -5.96972e-15 0)
(2 -7.80133e-15 0)
(2 -8.56318e-15 0)
(2 -7.12322e-15 0)
(2 -5.01689e-15 0)
(2 -3.77623e-15 0)
(2 -4.6994e-15 0)
(2 -7.48644e-15 0)
(2 -8.35118e-15 0)
(2 -8.31121e-15 0)
(2 -8.46458e-15 0)
(2 -8.6662e-15 0)
(2 -8.49553e-15 0)
(2 -8.49209e-15 0)
(2 -8.41545e-15 0)
(2 -8.39242e-15 0)
(2 -8.21944e-15 0)
(2 -8.19308e-15 0)
(2 -7.5848e-15 0)
(2 -4.3478e-15 0)
(2 -5.71275e-15 0)
(2 -8.30147e-15 0)
(2 -9.41346e-15 0)
(2 -8.44e-15 0)
(2 -8.42395e-15 0)
(2 -9.06466e-15 0)
(2 -1.00829e-14 0)
(2 -1.08244e-14 0)
(2 -1.25297e-14 0)
(2 -1.50943e-14 0)
(2 -1.64628e-14 0)
(2 -1.72279e-14 0)
(2 -1.77901e-14 0)
(2 -1.7759e-14 0)
(2 -1.75194e-14 0)
(2 -1.68445e-14 0)
(2 -1.38778e-14 0)
(2 -1.30118e-14 0)
(2 -1.26008e-14 0)
(2 -1.27075e-14 0)
(2 -1.28188e-14 0)
(2 -1.3589e-14 0)
(2 -1.4277e-14 0)
(2 -3.66465e-15 0)
(2 -4.49533e-15 0)
(2 -4.71181e-15 0)
(2 -5.40024e-15 0)
(2 -5.43346e-15 0)
(2 -5.13218e-15 0)
(2 -4.33491e-15 0)
(2 -2.29708e-15 0)
(2 -6.24704e-16 0)
(2 -1.12624e-16 0)
(2 4.21189e-16 0)
(2 3.81047e-16 0)
(2 -2.20319e-15 0)
(2 -4.45406e-15 0)
(2 -6.34697e-15 0)
(2 -7.73957e-15 0)
(2 -9.32797e-15 0)
(2 -8.72659e-15 0)
(2 -7.45283e-15 0)
(2 -6.63444e-15 0)
(2 -6.73158e-15 0)
(2 -4.62123e-15 0)
(2 -5.01871e-15 0)
(2 -4.56855e-15 0)
(2 -3.65622e-15 0)
(2 -2.4177e-15 0)
(2 -1.42533e-15 0)
(2 -1.49288e-15 0)
(2 -1.98891e-15 0)
(2 -2.5608e-15 0)
(2 -2.43833e-15 0)
(2 -1.70773e-15 0)
(2 -1.5036e-15 0)
(2 -1.46009e-15 0)
(2 -1.33435e-15 0)
(2 -8.12921e-16 0)
(2 -1.19834e-15 0)
(2 -2.27228e-15 0)
(2 -1.66825e-15 0)
(2 -8.07455e-16 0)
(2 -1.00998e-15 0)
(2 -1.70439e-15 0)
(2 -2.40518e-15 0)
(2 -2.86183e-15 0)
(2 -3.25703e-15 0)
(2 -5.01536e-15 0)
(2 -6.69004e-15 0)
(2 -8.68662e-15 0)
(2 -8.70386e-15 0)
(2 -6.25143e-15 0)
(2 -5.67182e-15 0)
(2 -5.86192e-15 0)
(2 -6.05781e-15 0)
(2 -5.87452e-15 0)
(2 -5.51027e-15 0)
(2 -6.17922e-15 0)
(2 -7.44267e-15 0)
(2 -8.87679e-15 0)
(2 -8.43347e-15 0)
(2 -8.10244e-15 0)
(2 -7.43463e-15 0)
(2 -6.67516e-15 0)
(2 -7.64767e-15 0)
(2 -9.50677e-15 0)
(2 -8.01994e-15 0)
(2 -8.90998e-15 0)
(2 -1.04816e-14 0)
(2 -1.24012e-14 0)
(2 -1.33692e-14 0)
(2 -1.29577e-14 0)
(2 -1.22121e-14 0)
(2 -1.16874e-14 0)
(2 -1.16893e-14 0)
(2 -1.18957e-14 0)
(2 -1.16819e-14 0)
(2 -1.18503e-14 0)
(2 -1.2538e-14 0)
(2 -1.38927e-14 0)
(2 -1.45191e-14 0)
(2 -1.43455e-14 0)
(2 -1.43375e-14 0)
(2 -1.39091e-14 0)
(2 -1.27564e-14 0)
(2 -1.34449e-14 0)
(2 -1.43487e-14 0)
(2 -1.5783e-14 0)
(2 -1.5526e-14 0)
(2 -1.42714e-14 0)
(2 1.77734e-15 0)
(2 1.24054e-15 0)
(2 3.98599e-16 0)
(2 9.96552e-16 0)
(2 5.39526e-16 0)
(2 9.93178e-16 0)
(2 1.55681e-15 0)
(2 1.39075e-15 0)
(2 -4.14671e-17 0)
(2 6.20995e-16 0)
(2 1.08603e-15 0)
(2 6.11765e-16 0)
(2 -3.33248e-16 0)
(2 -9.75149e-16 0)
(2 -1.39103e-15 0)
(2 -2.8515e-15 0)
(2 -4.86474e-15 0)
(2 -6.48711e-15 0)
(2 -6.29316e-15 0)
(2 -7.23642e-15 0)
(2 -6.38073e-15 0)
(2 -5.14078e-15 0)
(2 -5.3061e-15 0)
(2 -5.12816e-15 0)
(2 -4.76788e-15 0)
(2 -3.66941e-15 0)
(2 -2.40316e-15 0)
(2 -2.49743e-15 0)
(2 -1.72618e-15 0)
(2 -1.75404e-15 0)
(2 -5.70134e-16 0)
(2 -2.60476e-16 0)
(2 -7.3048e-16 0)
(2 -3.58455e-16 0)
(2 -1.43802e-15 0)
(2 -9.16826e-16 0)
(2 3.61842e-16 0)
(2 5.12758e-16 0)
(2 1.0547e-15 0)
(2 9.64013e-16 0)
(2 1.49439e-15 0)
(2 1.43371e-15 0)
(2 -4.23497e-16 0)
(2 -2.02746e-15 0)
(2 -2.85677e-15 0)
(2 -2.53259e-15 0)
(2 -2.8591e-15 0)
(2 -3.85035e-15 0)
(2 -3.57967e-15 0)
(2 -3.13293e-15 0)
(2 -4.06186e-15 0)
(2 -5.04816e-15 0)
(2 -3.97866e-15 0)
(2 -3.93363e-15 0)
(2 -3.1925e-15 0)
(2 -3.40441e-15 0)
(2 -4.49146e-15 0)
(2 -5.51779e-15 0)
(2 -6.34385e-15 0)
(2 -6.37837e-15 0)
(2 -5.85564e-15 0)
(2 -6.5647e-15 0)
(2 -7.08474e-15 0)
(2 -9.71494e-15 0)
(2 -1.37667e-14 0)
(2 -1.47514e-14 0)
(2 -1.36242e-14 0)
(2 -1.22909e-14 0)
(2 -1.11925e-14 0)
(2 -1.11993e-14 0)
(2 -1.09054e-14 0)
(2 -1.07662e-14 0)
(2 -1.08532e-14 0)
(2 -9.90233e-15 0)
(2 -8.85378e-15 0)
(2 -8.17917e-15 0)
(2 -8.55222e-15 0)
(2 -8.90312e-15 0)
(2 -8.71045e-15 0)
(2 -8.33415e-15 0)
(2 -8.94364e-15 0)
(2 -9.68496e-15 0)
(2 -1.15135e-14 0)
(2 -1.33351e-14 0)
(2 -1.35862e-14 0)
(2 -1.37351e-14 0)
(2 -1.41219e-14 0)
(2 -1.41691e-14 0)
(2 4.63057e-15 0)
(2 5.58527e-15 0)
(2 6.1248e-15 0)
(2 5.33901e-15 0)
(2 3.71361e-15 0)
(2 3.05729e-15 0)
(2 1.31278e-15 0)
(2 -6.74798e-17 0)
(2 -1.07547e-16 0)
(2 4.78916e-16 0)
(2 6.61034e-16 0)
(2 7.04583e-16 0)
(2 1.47897e-15 0)
(2 1.84548e-15 0)
(2 1.54352e-15 0)
(2 2.68545e-16 0)
(2 1.4887e-17 0)
(2 -7.52554e-16 0)
(2 -1.58301e-15 0)
(2 -2.77031e-15 0)
(2 -4.03718e-15 0)
(2 -4.59211e-15 0)
(2 -6.10756e-15 0)
(2 -6.32863e-15 0)
(2 -5.84933e-15 0)
(2 -4.98681e-15 0)
(2 -3.95068e-15 0)
(2 -3.96444e-15 0)
(2 -3.7308e-15 0)
(2 -3.10998e-15 0)
(2 -2.7777e-15 0)
(2 -2.59857e-15 0)
(2 -1.86015e-15 0)
(2 -1.57666e-15 0)
(2 -1.58938e-15 0)
(2 -1.8219e-15 0)
(2 -8.11857e-16 0)
(2 3.62517e-16 0)
(2 7.44557e-16 0)
(2 1.1059e-15 0)
(2 1.18541e-16 0)
(2 -9.37599e-16 0)
(2 -2.53483e-15 0)
(2 -3.72852e-15 0)
(2 -3.59224e-15 0)
(2 -1.99888e-15 0)
(2 -9.57681e-16 0)
(2 2.88632e-16 0)
(2 3.81418e-16 0)
(2 -1.57506e-15 0)
(2 -3.10655e-15 0)
(2 -4.30356e-15 0)
(2 -4.59108e-15 0)
(2 -5.55672e-15 0)
(2 -5.90263e-15 0)
(2 -5.12371e-15 0)
(2 -2.83505e-15 0)
(2 -1.89804e-15 0)
(2 -1.8923e-15 0)
(2 -1.90602e-15 0)
(2 -2.41002e-15 0)
(2 -3.96902e-15 0)
(2 -6.50396e-15 0)
(2 -1.02646e-14 0)
(2 -1.51786e-14 0)
(2 -1.6284e-14 0)
(2 -1.53172e-14 0)
(2 -1.4055e-14 0)
(2 -1.26037e-14 0)
(2 -1.2134e-14 0)
(2 -1.20741e-14 0)
(2 -1.17978e-14 0)
(2 -1.23395e-14 0)
(2 -1.21717e-14 0)
(2 -1.23776e-14 0)
(2 -1.2278e-14 0)
(2 -1.17875e-14 0)
(2 -1.05584e-14 0)
(2 -9.41752e-15 0)
(2 -9.40424e-15 0)
(2 -1.06946e-14 0)
(2 -1.25044e-14 0)
(2 -1.61775e-14 0)
(2 -1.66084e-14 0)
(2 -1.62394e-14 0)
(2 -1.59973e-14 0)
(2 -1.5729e-14 0)
(2 -1.60144e-14 0)
(2 4.0787e-15 0)
(2 4.00334e-15 0)
(2 4.16488e-15 0)
(2 4.05953e-15 0)
(2 3.4559e-15 0)
(2 3.2486e-15 0)
(2 3.56592e-15 0)
(2 1.47547e-15 0)
(2 8.72162e-16 0)
(2 7.92776e-16 0)
(2 8.21399e-16 0)
(2 1.03791e-15 0)
(2 9.76046e-16 0)
(2 8.53835e-16 0)
(2 7.34307e-16 0)
(2 5.62452e-16 0)
(2 7.72086e-16 0)
(2 7.39253e-16 0)
(2 -1.37407e-16 0)
(2 -2.45053e-16 0)
(2 -1.57953e-15 0)
(2 -2.35389e-15 0)
(2 -3.40507e-15 0)
(2 -4.32413e-15 0)
(2 -4.14772e-15 0)
(2 -4.25884e-15 0)
(2 -4.40777e-15 0)
(2 -4.50593e-15 0)
(2 -5.03665e-15 0)
(2 -5.91298e-15 0)
(2 -6.41849e-15 0)
(2 -6.27493e-15 0)
(2 -6.26954e-15 0)
(2 -3.99262e-15 0)
(2 -2.74569e-15 0)
(2 -2.28521e-15 0)
(2 -1.71595e-15 0)
(2 -1.29327e-15 0)
(2 -1.02029e-15 0)
(2 -1.33104e-15 0)
(2 -4.27843e-15 0)
(2 -5.57395e-15 0)
(2 -5.50787e-15 0)
(2 -5.86145e-15 0)
(2 -5.75037e-15 0)
(2 -5.3163e-15 0)
(2 -3.63931e-15 0)
(2 -2.08906e-15 0)
(2 -4.86949e-15 0)
(2 -7.01726e-15 0)
(2 -6.25323e-15 0)
(2 -5.76179e-15 0)
(2 -5.40514e-15 0)
(2 -5.49021e-15 0)
(2 -5.93807e-15 0)
(2 -4.62879e-15 0)
(2 -2.86249e-15 0)
(2 -3.47306e-15 0)
(2 -1.31252e-15 0)
(2 1.51558e-16 0)
(2 -1.65638e-15 0)
(2 -3.55442e-15 0)
(2 -6.63802e-15 0)
(2 -7.21168e-15 0)
(2 -8.41649e-15 0)
(2 -1.08945e-14 0)
(2 -1.15004e-14 0)
(2 -1.24099e-14 0)
(2 -1.33067e-14 0)
(2 -1.29961e-14 0)
(2 -1.28476e-14 0)
(2 -1.24788e-14 0)
(2 -1.17375e-14 0)
(2 -1.20323e-14 0)
(2 -1.2849e-14 0)
(2 -1.28338e-14 0)
(2 -1.34257e-14 0)
(2 -1.3128e-14 0)
(2 -1.35345e-14 0)
(2 -1.50421e-14 0)
(2 -1.50677e-14 0)
(2 -1.5239e-14 0)
(2 -1.51591e-14 0)
(2 -1.52098e-14 0)
(2 -1.55342e-14 0)
(2 -1.60891e-14 0)
(2 -1.62327e-14 0)
(2 -1.60914e-14 0)
(2 3.78648e-15 0)
(2 3.58035e-15 0)
(2 3.59071e-15 0)
(2 4.47966e-15 0)
(2 5.74884e-15 0)
(2 5.53462e-15 0)
(2 4.91031e-15 0)
(2 3.3891e-15 0)
(2 3.17831e-15 0)
(2 3.20238e-15 0)
(2 3.04086e-15 0)
(2 1.69263e-15 0)
(2 1.16686e-15 0)
(2 5.47167e-16 0)
(2 1.37432e-15 0)
(2 2.39819e-15 0)
(2 2.32155e-15 0)
(2 2.31579e-15 0)
(2 2.22755e-15 0)
(2 2.13715e-15 0)
(2 1.04184e-15 0)
(2 7.34962e-16 0)
(2 7.78471e-16 0)
(2 7.32657e-16 0)
(2 -9.0872e-16 0)
(2 -1.55959e-15 0)
(2 -2.5526e-15 0)
(2 -3.25707e-15 0)
(2 -3.49304e-15 0)
(2 -3.46315e-15 0)
(2 -3.32244e-15 0)
(2 -3.03467e-15 0)
(2 -2.5801e-15 0)
(2 -2.47309e-15 0)
(2 -1.9419e-15 0)
(2 -1.20105e-15 0)
(2 -1.11754e-15 0)
(2 -1.03267e-15 0)
(2 -1.75877e-15 0)
(2 -3.4689e-15 0)
(2 -3.94565e-15 0)
(2 -4.42084e-15 0)
(2 -4.03613e-15 0)
(2 -3.83669e-15 0)
(2 -3.70493e-15 0)
(2 -3.06345e-15 0)
(2 -3.42772e-15 0)
(2 -3.43917e-15 0)
(2 -4.63046e-15 0)
(2 -4.59034e-15 0)
(2 -4.11152e-15 0)
(2 -3.35093e-15 0)
(2 -1.74038e-15 0)
(2 -2.02442e-15 0)
(2 -2.49175e-15 0)
(2 -4.57764e-15 0)
(2 -5.77924e-15 0)
(2 -6.13319e-15 0)
(2 -6.50892e-15 0)
(2 -6.05189e-15 0)
(2 -6.65898e-15 0)
(2 -7.21108e-15 0)
(2 -7.38861e-15 0)
(2 -7.59819e-15 0)
(2 -6.73905e-15 0)
(2 -6.4504e-15 0)
(2 -7.02999e-15 0)
(2 -7.50305e-15 0)
(2 -8.03916e-15 0)
(2 -9.25686e-15 0)
(2 -9.74488e-15 0)
(2 -9.9442e-15 0)
(2 -1.00782e-14 0)
(2 -1.01344e-14 0)
(2 -9.80691e-15 0)
(2 -9.52791e-15 0)
(2 -9.97743e-15 0)
(2 -1.07669e-14 0)
(2 -1.22023e-14 0)
(2 -1.40078e-14 0)
(2 -1.39892e-14 0)
(2 -1.31301e-14 0)
(2 -1.2454e-14 0)
(2 -1.22341e-14 0)
(2 -1.25206e-14 0)
(2 -1.31635e-14 0)
(2 -1.4033e-14 0)
(2 -1.45586e-14 0)
(2 7.45637e-16 0)
(2 9.16391e-16 0)
(2 1.33797e-15 0)
(2 1.65411e-15 0)
(2 1.74345e-15 0)
(2 2.25431e-15 0)
(2 1.70101e-15 0)
(2 2.53261e-15 0)
(2 4.3688e-15 0)
(2 4.31841e-15 0)
(2 3.88887e-15 0)
(2 2.8087e-15 0)
(2 2.16267e-15 0)
(2 2.75375e-15 0)
(2 2.95471e-15 0)
(2 2.9573e-15 0)
(2 3.16385e-15 0)
(2 3.85569e-15 0)
(2 5.10081e-15 0)
(2 6.21583e-15 0)
(2 3.99843e-15 0)
(2 2.82011e-15 0)
(2 2.76625e-15 0)
(2 2.86245e-15 0)
(2 2.47346e-15 0)
(2 5.58475e-16 0)
(2 -1.19944e-15 0)
(2 -9.87529e-16 0)
(2 -1.11239e-16 0)
(2 1.51448e-15 0)
(2 1.83573e-15 0)
(2 1.2121e-15 0)
(2 1.11893e-15 0)
(2 1.05632e-15 0)
(2 1.2983e-16 0)
(2 -1.00508e-15 0)
(2 -1.67762e-15 0)
(2 -1.28918e-15 0)
(2 -2.00474e-15 0)
(2 -3.2471e-15 0)
(2 -2.55611e-15 0)
(2 -2.21298e-15 0)
(2 -1.80214e-15 0)
(2 -2.13304e-15 0)
(2 -1.28421e-15 0)
(2 -6.91973e-16 0)
(2 -2.70455e-15 0)
(2 -3.43075e-15 0)
(2 -3.4926e-15 0)
(2 -3.84655e-15 0)
(2 -3.99316e-15 0)
(2 -3.94047e-15 0)
(2 -4.35856e-15 0)
(2 -4.28067e-15 0)
(2 -4.48569e-15 0)
(2 -6.15577e-15 0)
(2 -7.9782e-15 0)
(2 -7.14657e-15 0)
(2 -7.00593e-15 0)
(2 -7.92117e-15 0)
(2 -6.88882e-15 0)
(2 -5.43866e-15 0)
(2 -4.87278e-15 0)
(2 -5.40453e-15 0)
(2 -6.77224e-15 0)
(2 -7.32184e-15 0)
(2 -7.20277e-15 0)
(2 -7.59571e-15 0)
(2 -7.89262e-15 0)
(2 -7.65549e-15 0)
(2 -8.93129e-15 0)
(2 -9.67587e-15 0)
(2 -1.07091e-14 0)
(2 -1.20734e-14 0)
(2 -1.23188e-14 0)
(2 -1.31134e-14 0)
(2 -1.28972e-14 0)
(2 -1.23831e-14 0)
(2 -1.18987e-14 0)
(2 -1.2278e-14 0)
(2 -1.33312e-14 0)
(2 -1.40291e-14 0)
(2 -1.38385e-14 0)
(2 -1.37557e-14 0)
(2 -1.39551e-14 0)
(2 -1.43966e-14 0)
(2 -1.52439e-14 0)
(2 -1.54044e-14 0)
(2 -4.99011e-16 0)
(2 9.30514e-16 0)
(2 3.20708e-15 0)
(2 2.82219e-15 0)
(2 2.36284e-15 0)
(2 2.24829e-15 0)
(2 2.4579e-15 0)
(2 2.35708e-15 0)
(2 1.57461e-15 0)
(2 2.59933e-15 0)
(2 1.83591e-15 0)
(2 1.65036e-15 0)
(2 1.90924e-15 0)
(2 2.15317e-15 0)
(2 3.05227e-15 0)
(2 3.25067e-15 0)
(2 4.04444e-15 0)
(2 4.11424e-15 0)
(2 3.97455e-15 0)
(2 3.73377e-15 0)
(2 4.4419e-15 0)
(2 4.0902e-15 0)
(2 4.46927e-15 0)
(2 4.16464e-15 0)
(2 4.41413e-15 0)
(2 2.89091e-15 0)
(2 2.32154e-15 0)
(2 2.26649e-15 0)
(2 2.62742e-15 0)
(2 3.13562e-15 0)
(2 3.18441e-15 0)
(2 2.7103e-15 0)
(2 2.24852e-15 0)
(2 2.40629e-15 0)
(2 2.63631e-15 0)
(2 1.65024e-15 0)
(2 6.09371e-16 0)
(2 -8.21733e-16 0)
(2 -7.22187e-16 0)
(2 -2.89327e-16 0)
(2 -3.87617e-16 0)
(2 6.18161e-17 0)
(2 -6.48483e-16 0)
(2 -1.16994e-15 0)
(2 -2.95279e-16 0)
(2 -6.91105e-16 0)
(2 -2.63383e-15 0)
(2 -3.9787e-15 0)
(2 -4.81137e-15 0)
(2 -4.72366e-15 0)
(2 -5.52958e-15 0)
(2 -6.27642e-15 0)
(2 -6.93741e-15 0)
(2 -7.00488e-15 0)
(2 -6.18864e-15 0)
(2 -5.26599e-15 0)
(2 -6.08157e-15 0)
(2 -6.44011e-15 0)
(2 -6.38376e-15 0)
(2 -5.99772e-15 0)
(2 -5.38971e-15 0)
(2 -4.42755e-15 0)
(2 -4.55932e-15 0)
(2 -4.39416e-15 0)
(2 -4.54996e-15 0)
(2 -4.72891e-15 0)
(2 -4.79423e-15 0)
(2 -4.81144e-15 0)
(2 -5.45264e-15 0)
(2 -5.32891e-15 0)
(2 -5.94303e-15 0)
(2 -7.63152e-15 0)
(2 -9.26846e-15 0)
(2 -1.06308e-14 0)
(2 -1.10781e-14 0)
(2 -1.11642e-14 0)
(2 -1.10005e-14 0)
(2 -1.06221e-14 0)
(2 -9.90371e-15 0)
(2 -9.76423e-15 0)
(2 -1.13428e-14 0)
(2 -1.26479e-14 0)
(2 -1.3442e-14 0)
(2 -1.32863e-14 0)
(2 -1.23846e-14 0)
(2 -1.19228e-14 0)
(2 -1.16382e-14 0)
(2 -1.18688e-14 0)
(2 2.79836e-15 0)
(2 3.14089e-15 0)
(2 3.65864e-15 0)
(2 3.83045e-15 0)
(2 4.91519e-15 0)
(2 4.16375e-15 0)
(2 4.47529e-15 0)
(2 4.77313e-15 0)
(2 3.97015e-15 0)
(2 1.99307e-15 0)
(2 -1.18056e-16 0)
(2 4.47834e-16 0)
(2 1.50054e-15 0)
(2 1.48453e-15 0)
(2 2.2271e-15 0)
(2 2.64278e-15 0)
(2 3.55213e-15 0)
(2 2.01031e-15 0)
(2 1.49827e-15 0)
(2 1.11707e-15 0)
(2 1.73436e-15 0)
(2 2.78002e-15 0)
(2 3.10419e-15 0)
(2 1.97818e-15 0)
(2 2.26484e-15 0)
(2 4.22006e-15 0)
(2 5.59793e-15 0)
(2 5.02978e-15 0)
(2 3.83732e-15 0)
(2 2.83923e-15 0)
(2 2.93128e-15 0)
(2 3.57182e-15 0)
(2 3.31726e-15 0)
(2 2.80978e-15 0)
(2 2.90509e-15 0)
(2 2.57849e-15 0)
(2 2.12807e-15 0)
(2 1.32416e-15 0)
(2 1.07316e-15 0)
(2 4.31953e-16 0)
(2 -3.09455e-17 0)
(2 -1.09852e-16 0)
(2 2.64476e-16 0)
(2 -8.27139e-16 0)
(2 -2.39416e-15 0)
(2 -2.5087e-15 0)
(2 -2.53618e-15 0)
(2 -4.07682e-15 0)
(2 -3.95422e-15 0)
(2 -3.73889e-15 0)
(2 -4.10773e-15 0)
(2 -5.31277e-15 0)
(2 -5.41128e-15 0)
(2 -5.40554e-15 0)
(2 -5.45477e-15 0)
(2 -5.47882e-15 0)
(2 -5.03091e-15 0)
(2 -6.34819e-15 0)
(2 -8.35849e-15 0)
(2 -7.31498e-15 0)
(2 -6.27149e-15 0)
(2 -5.18673e-15 0)
(2 -4.99088e-15 0)
(2 -4.36774e-15 0)
(2 -3.52125e-15 0)
(2 -3.77787e-15 0)
(2 -4.45258e-15 0)
(2 -4.92904e-15 0)
(2 -5.74228e-15 0)
(2 -6.28066e-15 0)
(2 -4.9428e-15 0)
(2 -4.87635e-15 0)
(2 -5.14213e-15 0)
(2 -4.76686e-15 0)
(2 -5.27496e-15 0)
(2 -5.53042e-15 0)
(2 -6.18219e-15 0)
(2 -6.82482e-15 0)
(2 -7.6885e-15 0)
(2 -7.99358e-15 0)
(2 -7.017e-15 0)
(2 -7.21739e-15 0)
(2 -7.43684e-15 0)
(2 -6.99158e-15 0)
(2 -6.30748e-15 0)
(2 -6.40149e-15 0)
(2 -6.1206e-15 0)
(2 -6.08628e-15 0)
(2 2.28776e-15 0)
(2 2.08085e-15 0)
(2 1.34954e-15 0)
(2 1.96581e-15 0)
(2 4.19948e-15 0)
(2 4.97495e-15 0)
(2 5.83058e-15 0)
(2 6.65761e-15 0)
(2 6.56605e-15 0)
(2 5.24918e-15 0)
(2 3.73661e-15 0)
(2 3.53729e-15 0)
(2 3.5637e-15 0)
(2 3.959e-15 0)
(2 4.28303e-15 0)
(2 3.69158e-15 0)
(2 3.98639e-15 0)
(2 2.82608e-15 0)
(2 2.01707e-16 0)
(2 -1.09932e-16 0)
(2 2.26433e-16 0)
(2 3.48312e-16 0)
(2 -7.31292e-17 0)
(2 2.26936e-16 0)
(2 1.10661e-15 0)
(2 2.569e-15 0)
(2 2.61069e-15 0)
(2 1.89256e-15 0)
(2 3.28919e-16 0)
(2 8.352e-17 0)
(2 1.56461e-16 0)
(2 4.00575e-16 0)
(2 4.09341e-16 0)
(2 1.02674e-15 0)
(2 7.99567e-16 0)
(2 1.51512e-15 0)
(2 1.34009e-15 0)
(2 1.4063e-15 0)
(2 8.97074e-16 0)
(2 -4.58128e-16 0)
(2 -1.28212e-15 0)
(2 -1.58339e-15 0)
(2 -7.24664e-16 0)
(2 -1.28284e-15 0)
(2 -2.56644e-15 0)
(2 -3.5612e-15 0)
(2 -3.42143e-15 0)
(2 -2.9746e-15 0)
(2 -3.20261e-15 0)
(2 -3.02569e-15 0)
(2 -4.49125e-15 0)
(2 -5.87044e-15 0)
(2 -5.59889e-15 0)
(2 -5.45696e-15 0)
(2 -6.34307e-15 0)
(2 -6.27941e-15 0)
(2 -5.70895e-15 0)
(2 -5.80744e-15 0)
(2 -5.6906e-15 0)
(2 -5.19691e-15 0)
(2 -5.05489e-15 0)
(2 -5.23127e-15 0)
(2 -5.05486e-15 0)
(2 -5.66308e-15 0)
(2 -4.96779e-15 0)
(2 -5.83035e-15 0)
(2 -6.31949e-15 0)
(2 -6.166e-15 0)
(2 -6.29657e-15 0)
(2 -7.40424e-15 0)
(2 -7.04801e-15 0)
(2 -6.0732e-15 0)
(2 -6.5245e-15 0)
(2 -6.71585e-15 0)
(2 -6.54282e-15 0)
(2 -6.35038e-15 0)
(2 -6.87157e-15 0)
(2 -6.78338e-15 0)
(2 -6.73302e-15 0)
(2 -6.142e-15 0)
(2 -5.99774e-15 0)
(2 -5.31141e-15 0)
(2 -5.94966e-15 0)
(2 -5.89488e-15 0)
(2 -5.93121e-15 0)
(2 -6.26339e-15 0)
(2 -6.59052e-15 0)
(2 -6.43233e-15 0)
(2 2.86855e-15 0)
(2 4.03581e-15 0)
(2 4.66239e-15 0)
(2 5.35427e-15 0)
(2 5.41842e-15 0)
(2 8.82393e-15 0)
(2 1.02775e-14 0)
(2 8.96822e-15 0)
(2 9.21676e-15 0)
(2 9.55579e-15 0)
(2 9.3439e-15 0)
(2 8.20989e-15 0)
(2 6.54326e-15 0)
(2 6.34047e-15 0)
(2 5.2336e-15 0)
(2 3.71226e-15 0)
(2 3.90179e-15 0)
(2 3.10109e-15 0)
(2 3.32788e-15 0)
(2 2.9163e-15 0)
(2 3.32395e-15 0)
(2 3.1629e-15 0)
(2 2.59474e-15 0)
(2 3.81926e-15 0)
(2 3.76511e-15 0)
(2 3.35373e-15 0)
(2 3.04036e-15 0)
(2 4.03006e-15 0)
(2 4.27975e-15 0)
(2 4.61055e-15 0)
(2 4.5794e-15 0)
(2 3.83956e-15 0)
(2 2.68591e-15 0)
(2 2.59385e-15 0)
(2 4.98451e-16 0)
(2 -2.6025e-16 0)
(2 -3.17808e-16 0)
(2 -1.93585e-15 0)
(2 -1.88178e-15 0)
(2 -1.42734e-15 0)
(2 -1.32668e-15 0)
(2 -2.12493e-15 0)
(2 -3.78489e-15 0)
(2 -2.99517e-15 0)
(2 -3.20364e-15 0)
(2 -3.85542e-15 0)
(2 -5.59425e-15 0)
(2 -4.80159e-15 0)
(2 -3.96653e-15 0)
(2 -4.48999e-15 0)
(2 -5.37541e-15 0)
(2 -6.05128e-15 0)
(2 -7.55304e-15 0)
(2 -8.17045e-15 0)
(2 -6.96196e-15 0)
(2 -5.12003e-15 0)
(2 -3.21164e-15 0)
(2 -2.01806e-15 0)
(2 -1.56905e-15 0)
(2 -2.59427e-15 0)
(2 -3.49119e-15 0)
(2 -5.12121e-15 0)
(2 -6.56796e-15 0)
(2 -6.31252e-15 0)
(2 -6.66761e-15 0)
(2 -4.48892e-15 0)
(2 -3.65273e-15 0)
(2 -4.15213e-15 0)
(2 -3.94822e-15 0)
(2 -4.14182e-15 0)
(2 -5.24493e-15 0)
(2 -4.81423e-15 0)
(2 -4.97916e-15 0)
(2 -5.15351e-15 0)
(2 -5.14412e-15 0)
(2 -4.78902e-15 0)
(2 -4.02842e-15 0)
(2 -3.46943e-15 0)
(2 -3.64952e-15 0)
(2 -3.86005e-15 0)
(2 -3.74322e-15 0)
(2 -3.00698e-15 0)
(2 -3.21706e-15 0)
(2 -3.78526e-15 0)
(2 -4.21605e-15 0)
(2 -4.35407e-15 0)
(2 -4.00728e-15 0)
(2 -3.28083e-15 0)
(2 4.5191e-15 0)
(2 4.44678e-15 0)
(2 4.21654e-15 0)
(2 3.88433e-15 0)
(2 3.56244e-15 0)
(2 3.69761e-15 0)
(2 5.78355e-15 0)
(2 4.77094e-15 0)
(2 4.04829e-15 0)
)
;

boundaryField
{
    inlet
    {
        type            fixedValue;
        value           nonuniform 0();
    }
    outlet
    {
        type            inletOutlet;
        inletValue      nonuniform 0();
        value           nonuniform 0();
    }
    bottom
    {
        type            symmetryPlane;
    }
    top
    {
        type            symmetryPlane;
    }
    obstacle
    {
        type            slip;
    }
    front
    {
        type            empty;
    }
    back
    {
        type            empty;
    }
    procBoundary35to18
    {
        type            processor;
        value           nonuniform List<vector> 6((2 9.52903e-16 0) (2 4.17286e-15 0) (2 2.25451e-15 0) (2 2.1044e-15 0) (2 8.49815e-16 0) (2 -4.04386e-15 0));
    }
    procBoundary35to26
    {
        type            processor;
        value           nonuniform List<vector> 
19
(
(2 -5.03984e-15 0)
(2 -2.18945e-15 0)
(2 1.79816e-15 0)
(2 5.03233e-15 0)
(2 2.56755e-15 0)
(2 1.35322e-15 0)
(2 2.19034e-15 0)
(2 1.37226e-15 0)
(2 -9.26794e-16 0)
(2 -3.21383e-15 0)
(2 -6.82542e-15 0)
(2 -3.66589e-15 0)
(2 1.72586e-15 0)
(2 4.16353e-15 0)
(2 4.10076e-15 0)
(2 3.18999e-15 0)
(2 8.42682e-16 0)
(2 -1.17165e-16 0)
(2 1.9558e-15 0)
)
;
    }
    procBoundary35to27
    {
        type            processor;
        value           nonuniform List<vector> 
89
(
(2 -2.16138e-15 0)
(2 -3.95275e-15 0)
(2 -7.06347e-15 0)
(2 -1.00423e-14 0)
(2 -1.2278e-14 0)
(2 -1.53661e-14 0)
(2 -1.71388e-14 0)
(2 -1.66907e-14 0)
(2 -1.94716e-14 0)
(2 -2.23043e-14 0)
(2 -2.22527e-14 0)
(2 -1.57915e-14 0)
(2 1.45355e-13 0)
(2 3.71141e-12 0)
(2 6.86467e-11 0)
(2 9.71868e-10 0)
(2 1.14615e-08 0)
(2 1.07367e-07 0)
(2 8.10484e-07 0)
(2 5.07864e-06 0)
(1.99998 2.55271e-05 0)
(1.99992 0.000108204 0)
(1.99971 0.000371629 0)
(1.99919 0.0010918 0)
(1.99808 0.00265726 0)
(1.99606 0.00559899 0)
(1.99305 0.010037 0)
(1.98899 0.0163768 0)
(2 -4.15838e-16 0)
(2 2.98163e-16 0)
(2 2.37248e-15 0)
(2 5.36675e-15 0)
(2 8.55009e-15 0)
(2 8.7769e-15 0)
(2 8.49282e-15 0)
(2 7.29808e-15 0)
(2 6.5736e-15 0)
(2 5.7266e-15 0)
(2 5.43555e-15 0)
(2 4.87429e-15 0)
(2 4.17215e-15 0)
(2 3.07651e-15 0)
(2 3.17698e-15 0)
(2 4.78156e-15 0)
(2 6.5295e-15 0)
(2 6.06275e-15 0)
(2 5.73448e-15 0)
(2 5.7176e-15 0)
(2 5.03809e-15 0)
(2 5.75279e-15 0)
(2 7.85765e-15 0)
(2 1.00369e-14 0)
(2 1.12205e-14 0)
(2 1.08274e-14 0)
(2 9.87886e-15 0)
(2 8.60685e-15 0)
(2 7.26146e-15 0)
(2 9.42271e-15 0)
(2 1.12784e-14 0)
(2 1.29342e-14 0)
(2 1.27611e-14 0)
(2 1.21103e-14 0)
(2 1.20821e-14 0)
(2 1.32377e-14 0)
(2 1.41211e-14 0)
(2 1.57245e-14 0)
(2 1.53448e-14 0)
(2 1.62768e-14 0)
(2 1.60596e-14 0)
(2 1.54577e-14 0)
(2 1.36746e-14 0)
(2 1.17829e-14 0)
(2 9.91695e-15 0)
(2 9.87985e-15 0)
(2 9.08067e-15 0)
(2 9.27709e-15 0)
(2 8.66177e-15 0)
(2 7.15912e-15 0)
(2 5.88115e-15 0)
(2 5.19885e-15 0)
(2 2.04655e-15 0)
(2 2.94083e-15 0)
(2 3.85794e-15 0)
(2 4.8415e-15 0)
(2 4.81402e-15 0)
(2 3.53418e-15 0)
(2 2.74017e-15 0)
(2 1.46262e-15 0)
(2 1.46262e-15 0)
)
;
    }
    procBoundary35to28
    {
        type            processor;
        value           uniform (1.99361 0.0096466 0);
    }
    procBoundary35to34
    {
        type            processor;
        value           nonuniform List<vector> 3((2 5.01693e-16 0) (2 2.36386e-15 0) (2 4.04701e-15 0));
    }
    procBoundary35to36
    {
        type            processor;
        value           nonuniform List<vector> 
27
(
(1.9984 0.0023199 0)
(1.9998 0.000277731 0)
(1.99999 1.44773e-05 0)
(2 2.69855e-07 0)
(2 1.68821e-09 0)
(2 3.1687e-12 0)
(2 2.00765e-13 0)
(2 2.1212e-13 0)
(2 2.21396e-13 0)
(2 1.68608e-13 0)
(2 3.71448e-14 0)
(2 2.22875e-14 0)
(2 3.957e-16 0)
(2 -6.53958e-15 0)
(2 -6.56962e-15 0)
(2 -1.01957e-14 0)
(2 -1.52596e-14 0)
(2 -1.40994e-14 0)
(2 -1.48704e-14 0)
(2 -1.59589e-14 0)
(2 -1.5995e-14 0)
(2 -1.44954e-14 0)
(2 -1.56557e-14 0)
(2 -1.15478e-14 0)
(2 -6.68317e-15 0)
(2 -7.28677e-15 0)
(2 -3.17945e-15 0)
)
;
    }
    procBoundary35to43
    {
        type            processor;
        value           nonuniform List<vector> 
89
(
(2 4.82357e-15 0)
(2 4.66443e-15 0)
(2 4.28413e-15 0)
(2 3.30475e-15 0)
(2 2.3174e-15 0)
(2 1.58958e-15 0)
(2 2.11581e-15 0)
(2 2.71025e-15 0)
(2 4.05859e-15 0)
(2 5.98287e-15 0)
(2 6.51391e-15 0)
(2 6.14106e-15 0)
(2 6.0218e-15 0)
(2 5.46403e-15 0)
(2 4.2417e-15 0)
(2 3.4921e-15 0)
(2 2.93828e-15 0)
(2 3.21881e-15 0)
(2 5.11467e-15 0)
(2 6.16725e-15 0)
(2 6.657e-15 0)
(2 6.17996e-15 0)
(2 5.23109e-15 0)
(2 4.23407e-15 0)
(2 3.63429e-15 0)
(2 1.13013e-15 0)
(2 3.77225e-16 0)
(2 -1.32361e-15 0)
(2 -2.6402e-15 0)
(2 -3.25301e-15 0)
(2 -2.65109e-15 0)
(2 -2.58635e-15 0)
(2 -2.86529e-15 0)
(2 -3.68486e-15 0)
(2 -5.05496e-15 0)
(2 -7.10421e-15 0)
(2 -6.96332e-15 0)
(2 -7.02746e-15 0)
(2 -6.82915e-15 0)
(2 -6.45238e-15 0)
(2 -7.06977e-15 0)
(2 -7.92308e-15 0)
(2 -8.42376e-15 0)
(2 -8.41567e-15 0)
(2 -8.21649e-15 0)
(2 -7.46964e-15 0)
(2 -6.97706e-15 0)
(2 -5.40088e-15 0)
(2 -5.05609e-15 0)
(2 -5.44096e-15 0)
(2 -6.86006e-15 0)
(2 -9.21762e-15 0)
(2 -9.37688e-15 0)
(2 -9.16269e-15 0)
(2 -8.69307e-15 0)
(2 -8.56235e-15 0)
(2 -7.6678e-15 0)
(2 -7.23248e-15 0)
(2 -7.36078e-15 0)
(2 -6.17864e-15 0)
(2 -6.02393e-15 0)
(2 -6.39864e-15 0)
(2 -7.10422e-15 0)
(2 -6.76748e-15 0)
(2 -6.3779e-15 0)
(2 -6.49131e-15 0)
(2 -6.44905e-15 0)
(2 -6.08821e-15 0)
(2 -6.46278e-15 0)
(2 -6.44892e-15 0)
(2 -6.29545e-15 0)
(2 -5.00344e-15 0)
(2 -3.82817e-15 0)
(2 -4.18403e-15 0)
(2 -5.29302e-15 0)
(2 -5.88824e-15 0)
(2 -5.45647e-15 0)
(2 -4.8664e-15 0)
(2 -4.53874e-15 0)
(2 4.19224e-15 0)
(2 3.92759e-15 0)
(2 3.55156e-15 0)
(2 3.26518e-15 0)
(2 3.15523e-15 0)
(2 1.92842e-15 0)
(2 2.07392e-15 0)
(2 2.5905e-15 0)
(2 4.82357e-15 0)
(2 3.34773e-15 0)
)
;
    }
}


// ************************************************************************* //
