/*--------------------------------*- C++ -*----------------------------------*\
  =========                 |
  \\      /  F ield         | OpenFOAM: The Open Source CFD Toolbox
   \\    /   O peration     | Website:  https://openfoam.org
    \\  /    A nd           | Version:  7
     \\/     M anipulation  |
\*---------------------------------------------------------------------------*/
FoamFile
{
    version     2.0;
    format      ascii;
    class       volVectorField;
    location    "13.5";
    object      U;
}
// * * * * * * * * * * * * * * * * * * * * * * * * * * * * * * * * * * * * * //

dimensions      [0 1 -1 0 0 0 0];

internalField   nonuniform List<vector> 
2413
(
(1.15606 -0.0448092 0)
(1.19138 -0.043041 0)
(1.22498 -0.041319 0)
(1.25682 -0.0398375 0)
(1.28681 -0.0382324 0)
(1.31456 -0.0361764 0)
(1.33987 -0.0339306 0)
(1.36328 -0.0320194 0)
(1.38572 -0.0304812 0)
(1.40757 -0.028863 0)
(1.42846 -0.0270429 0)
(1.44802 -0.0254588 0)
(1.46642 -0.0244355 0)
(1.48402 -0.0238239 0)
(1.50094 -0.0232547 0)
(1.517 -0.0225531 0)
(1.53222 -0.0218135 0)
(1.54679 -0.0212203 0)
(1.56089 -0.0207643 0)
(1.57451 -0.0202433 0)
(1.5875 -0.019463 0)
(1.59973 -0.0184175 0)
(1.6112 -0.01725 0)
(1.62192 -0.0160997 0)
(1.63188 -0.0150498 0)
(1.64112 -0.0141668 0)
(1.64973 -0.0135549 0)
(1.6579 -0.0132807 0)
(1.66614 -0.0132434 0)
(1.67451 -0.0132514 0)
(1.68298 -0.0131458 0)
(1.69162 -0.0126863 0)
(1.70006 -0.0114037 0)
(1.70725 -0.00944378 0)
(1.71334 -0.00798076 0)
(1.71858 -0.00715031 0)
(1.72329 -0.0066026 0)
(1.72771 -0.0061514 0)
(1.73194 -0.00573806 0)
(1.73599 -0.00535801 0)
(1.73988 -0.00503774 0)
(1.74364 -0.0048331 0)
(1.74731 -0.00480199 0)
(1.75103 -0.00493626 0)
(1.7549 -0.00512686 0)
(1.75894 -0.00519521 0)
(1.76308 -0.00508889 0)
(1.76711 -0.00486398 0)
(1.77095 -0.00459795 0)
(1.77497 -0.00428613 0)
(1.77853 -0.00398983 0)
(1.78109 -0.00395104 0)
(1.78455 -0.00391372 0)
(1.78778 -0.00386322 0)
(1.79094 -0.00376024 0)
(1.79401 -0.00349244 0)
(1.79685 -0.00307417 0)
(1.79939 -0.0026455 0)
(1.80168 -0.00234583 0)
(1.8038 -0.00221967 0)
(1.80584 -0.00224236 0)
(1.80785 -0.00236504 0)
(1.80987 -0.00250524 0)
(1.81184 -0.00247546 0)
(1.81367 -0.00200318 0)
(1.81523 -0.00105779 0)
(1.81626 -9.42596e-05 0)
(1.81664 0.0005586 0)
(1.81658 0.000941758 0)
(1.81587 0.00119363 0)
(1.81534 0.00126846 0)
(1.81442 0.00124272 0)
(1.81328 0.00117212 0)
(1.8121 0.00114691 0)
(1.81073 0.00127623 0)
(1.80938 0.00146453 0)
(1.808 0.00163591 0)
(1.80543 0.00167908 0)
(1.80331 0.00171586 0)
(1.80141 0.00177723 0)
(1.79943 0.0018441 0)
(1.79763 0.00188358 0)
(1.79197 0.00185402 0)
(1.77764 0.00187867 0)
(1.6647 0.0021137 0)
(1.48044 0.00303252 0)
(1.42766 0.0030635 0)
(1.42325 0.00300301 0)
(1.41941 0.00298075 0)
(1.41631 0.00317227 0)
(1.41405 0.003257 0)
(1.41237 0.00305309 0)
(1.41104 0.00281714 0)
(1.40973 0.0028495 0)
(1.40807 0.0031818 0)
(1.40618 0.00352264 0)
(1.40438 0.00365988 0)
(1.40237 0.00366479 0)
(1.40037 0.00362145 0)
(1.39848 0.00359682 0)
(1.3967 0.00356565 0)
(1.3951 0.00346155 0)
(1.3938 0.00331621 0)
(1.39261 0.00322241 0)
(1.39144 0.00325582 0)
(1.39017 0.00342193 0)
(1.3888 0.00369013 0)
(1.38748 0.00395774 0)
(1.38642 0.00387978 0)
(1.38564 0.00351021 0)
(1.38532 0.00341555 0)
(1.38551 0.00350943 0)
(1.38567 0.00362132 0)
(1.3858 0.00371139 0)
(1.3862 0.00363874 0)
(1.38704 0.00337972 0)
(1.38814 0.00317642 0)
(1.38928 0.00326401 0)
(1.39028 0.00349545 0)
(1.39118 0.00377468 0)
(1.39201 0.00390214 0)
(1.39287 0.00379051 0)
(1.3938 0.00337129 0)
(1.39478 0.00299908 0)
(1.39575 0.00278623 0)
(1.3966 0.00288867 0)
(1.39726 0.00322264 0)
(1.39762 0.0040033 0)
(1.39739 0.00450544 0)
(1.39702 0.00492115 0)
(1.39646 0.00482409 0)
(1.39576 0.00440097 0)
(1.239 -0.0901591 0)
(1.27078 -0.0893285 0)
(1.30156 -0.0856238 0)
(1.33044 -0.0808063 0)
(1.35739 -0.074811 0)
(1.38239 -0.0674699 0)
(1.40521 -0.0608429 0)
(1.4258 -0.0573439 0)
(1.4448 -0.0561802 0)
(1.46298 -0.0545294 0)
(1.48043 -0.0511126 0)
(1.4971 -0.0471706 0)
(1.51306 -0.0440027 0)
(1.52845 -0.0413676 0)
(1.54323 -0.0385101 0)
(1.55727 -0.0354838 0)
(1.57053 -0.0329706 0)
(1.58315 -0.0311751 0)
(1.59525 -0.0295053 0)
(1.60672 -0.0274452 0)
(1.61739 -0.0252132 0)
(1.62727 -0.0232117 0)
(1.63649 -0.0214307 0)
(1.64512 -0.0196364 0)
(1.65322 -0.0177331 0)
(1.66084 -0.01592 0)
(1.6682 -0.0146039 0)
(1.67559 -0.0141948 0)
(1.68328 -0.0148261 0)
(1.69137 -0.0160161 0)
(1.69907 -0.0167904 0)
(1.70604 -0.0169671 0)
(1.71351 -0.0161232 0)
(1.71902 -0.0133087 0)
(1.72324 -0.0101901 0)
(1.72781 -0.00813403 0)
(1.73188 -0.00753706 0)
(1.73577 -0.00739456 0)
(1.73964 -0.00723953 0)
(1.74347 -0.00696655 0)
(1.74721 -0.00661348 0)
(1.75088 -0.00624328 0)
(1.75451 -0.00598141 0)
(1.75816 -0.00598031 0)
(1.76188 -0.0062429 0)
(1.7657 -0.00661048 0)
(1.76961 -0.00683161 0)
(1.7734 -0.00667659 0)
(1.77699 -0.00613909 0)
(1.78084 -0.00524951 0)
(1.78389 -0.0045992 0)
(1.78673 -0.00464269 0)
(1.78996 -0.00471304 0)
(1.79301 -0.00466482 0)
(1.79589 -0.00444749 0)
(1.79854 -0.00397606 0)
(1.8009 -0.00333575 0)
(1.80302 -0.00275926 0)
(1.805 -0.00241645 0)
(1.80694 -0.00227794 0)
(1.80886 -0.00221953 0)
(1.8107 -0.00215741 0)
(1.81242 -0.00215057 0)
(1.81395 -0.00221388 0)
(1.81529 -0.00206551 0)
(1.81645 -0.00139003 0)
(1.81746 -0.000255873 0)
(1.81806 0.000978077 0)
(1.81811 0.00212567 0)
(1.81749 0.00336072 0)
(1.81645 0.00428182 0)
(1.81556 0.00436978 0)
(1.81405 0.00422828 0)
(1.81247 0.00401878 0)
(1.81087 0.00408798 0)
(1.80944 0.0044599 0)
(1.80828 0.00488661 0)
(1.80581 0.0050556 0)
(1.80378 0.00519922 0)
(1.802 0.00543685 0)
(1.8001 0.00576764 0)
(1.79844 0.00602897 0)
(1.79271 0.00612435 0)
(1.77883 0.00605512 0)
(1.66831 0.00939329 0)
(1.48158 0.0110146 0)
(1.42682 0.0100195 0)
(1.42285 0.00922388 0)
(1.41967 0.00893789 0)
(1.41717 0.00960489 0)
(1.41518 0.0102856 0)
(1.41359 0.0101405 0)
(1.41217 0.00964996 0)
(1.41074 0.0097074 0)
(1.40907 0.0105395 0)
(1.40725 0.0114485 0)
(1.40555 0.0117677 0)
(1.40368 0.0116985 0)
(1.40183 0.0115977 0)
(1.40003 0.011555 0)
(1.39835 0.0113895 0)
(1.39693 0.0109683 0)
(1.3958 0.0104342 0)
(1.39478 0.00998146 0)
(1.39384 0.0097861 0)
(1.39291 0.00991779 0)
(1.39195 0.0100802 0)
(1.3911 0.0101417 0)
(1.39051 0.0102875 0)
(1.39 0.0101313 0)
(1.3898 0.00942772 0)
(1.39016 0.00893242 0)
(1.39053 0.00859621 0)
(1.3909 0.00823783 0)
(1.39146 0.00720288 0)
(1.39211 0.00571218 0)
(1.39275 0.00453059 0)
(1.3935 0.00405895 0)
(1.39436 0.00404565 0)
(1.39531 0.00417805 0)
(1.39635 0.00435375 0)
(1.39738 0.00437156 0)
(1.39834 0.00388355 0)
(1.3993 0.00341484 0)
(1.40016 0.00296635 0)
(1.40124 0.00344511 0)
(1.40192 0.00371115 0)
(1.40291 0.00512081 0)
(1.40338 0.00653249 0)
(1.40355 0.00734386 0)
(1.40356 0.00859049 0)
(1.40287 0.00918299 0)
(1.37568 -0.146657 0)
(1.40197 -0.141622 0)
(1.42718 -0.134566 0)
(1.45035 -0.126174 0)
(1.47131 -0.11872 0)
(1.49109 -0.111099 0)
(1.5104 -0.101503 0)
(1.52825 -0.0915535 0)
(1.54343 -0.0851852 0)
(1.55637 -0.0817124 0)
(1.56806 -0.0779206 0)
(1.57915 -0.0736208 0)
(1.58984 -0.0703768 0)
(1.60023 -0.0681747 0)
(1.61039 -0.0658096 0)
(1.62036 -0.0628326 0)
(1.63004 -0.0597388 0)
(1.63919 -0.0572374 0)
(1.64776 -0.0552412 0)
(1.65582 -0.0528114 0)
(1.66333 -0.0495942 0)
(1.67014 -0.0462256 0)
(1.67631 -0.0432465 0)
(1.68201 -0.0406212 0)
(1.68747 -0.0383026 0)
(1.69292 -0.0365339 0)
(1.6985 -0.0357067 0)
(1.70424 -0.0360218 0)
(1.71022 -0.036925 0)
(1.71646 -0.0369268 0)
(1.72242 -0.0346474 0)
(1.7274 -0.0308331 0)
(1.73259 -0.0275764 0)
(1.73884 -0.0243676 0)
(1.74202 -0.0219164 0)
(1.74561 -0.0194699 0)
(1.74926 -0.0179433 0)
(1.75252 -0.0172448 0)
(1.75577 -0.0166568 0)
(1.75917 -0.0159754 0)
(1.76262 -0.0152285 0)
(1.7661 -0.014661 0)
(1.76957 -0.0144425 0)
(1.773 -0.0145103 0)
(1.77639 -0.0146458 0)
(1.77973 -0.0145562 0)
(1.78297 -0.0140925 0)
(1.78607 -0.0134343 0)
(1.78916 -0.0127459 0)
(1.79255 -0.0119911 0)
(1.79518 -0.0117861 0)
(1.7982 -0.0118241 0)
(1.80106 -0.0117019 0)
(1.80366 -0.0112817 0)
(1.806 -0.0104249 0)
(1.80804 -0.0091644 0)
(1.80976 -0.00783642 0)
(1.81125 -0.00689784 0)
(1.81264 -0.00656434 0)
(1.81402 -0.00670988 0)
(1.81538 -0.00704004 0)
(1.81671 -0.00721368 0)
(1.81795 -0.00699032 0)
(1.81901 -0.00624236 0)
(1.81983 -0.00493713 0)
(1.8204 -0.00322282 0)
(1.8208 -0.00127229 0)
(1.8211 0.000784716 0)
(1.82092 0.00270605 0)
(1.82025 0.00450054 0)
(1.81893 0.00641298 0)
(1.8175 0.00756544 0)
(1.81601 0.00764481 0)
(1.8138 0.00743589 0)
(1.81159 0.00731381 0)
(1.80971 0.00750327 0)
(1.80852 0.00787107 0)
(1.80613 0.00818031 0)
(1.8042 0.00841561 0)
(1.80258 0.00881628 0)
(1.80087 0.00945824 0)
(1.79954 0.0100476 0)
(1.7939 0.0100244 0)
(1.78117 0.00987679 0)
(1.67651 0.0150687 0)
(1.48619 0.0175427 0)
(1.42787 0.0156827 0)
(1.42434 0.0145826 0)
(1.42197 0.0142702 0)
(1.4203 0.0154457 0)
(1.41864 0.0167356 0)
(1.41713 0.0168181 0)
(1.41564 0.0162357 0)
(1.41413 0.0163105 0)
(1.41254 0.0174745 0)
(1.41094 0.0188022 0)
(1.40946 0.0192771 0)
(1.40784 0.0190332 0)
(1.40629 0.0186989 0)
(1.40486 0.0184525 0)
(1.40357 0.0180529 0)
(1.4024 0.0175054 0)
(1.40135 0.0169393 0)
(1.40034 0.0164509 0)
(1.39943 0.0162751 0)
(1.39876 0.0165267 0)
(1.39826 0.0167558 0)
(1.39808 0.0162874 0)
(1.39839 0.0152843 0)
(1.39872 0.0144818 0)
(1.39895 0.0139087 0)
(1.39936 0.0133785 0)
(1.39973 0.0130354 0)
(1.40013 0.0130078 0)
(1.40048 0.0132573 0)
(1.40071 0.013174 0)
(1.40105 0.0124574 0)
(1.40155 0.0118853 0)
(1.40237 0.0117731 0)
(1.40346 0.0120044 0)
(1.40476 0.0122253 0)
(1.40613 0.012363 0)
(1.40739 0.0121937 0)
(1.40847 0.012234 0)
(1.40933 0.0117744 0)
(1.41032 0.0121105 0)
(1.41106 0.0120765 0)
(1.41206 0.0128622 0)
(1.41292 0.0139484 0)
(1.41362 0.0143063 0)
(1.41414 0.015306 0)
(1.41426 0.0149059 0)
(1.53426 -0.173689 0)
(1.55204 -0.170181 0)
(1.56727 -0.163167 0)
(1.58064 -0.151722 0)
(1.5931 -0.139387 0)
(1.60535 -0.129645 0)
(1.61832 -0.121586 0)
(1.63134 -0.111132 0)
(1.64199 -0.099518 0)
(1.65062 -0.0919548 0)
(1.65826 -0.0867046 0)
(1.66491 -0.0807879 0)
(1.67091 -0.0758091 0)
(1.67686 -0.0724677 0)
(1.68267 -0.0690451 0)
(1.6883 -0.0653944 0)
(1.69388 -0.0618064 0)
(1.69918 -0.0578809 0)
(1.70419 -0.0542351 0)
(1.70894 -0.0508098 0)
(1.71331 -0.0466884 0)
(1.71721 -0.0421186 0)
(1.72074 -0.0382553 0)
(1.72412 -0.0354412 0)
(1.72742 -0.0332952 0)
(1.73095 -0.0317276 0)
(1.73471 -0.0310457 0)
(1.73836 -0.0315655 0)
(1.74162 -0.0329845 0)
(1.74466 -0.0343381 0)
(1.74789 -0.0343274 0)
(1.75123 -0.0320877 0)
(1.75482 -0.0287215 0)
(1.75977 -0.025017 0)
(1.76434 -0.0205352 0)
(1.76706 -0.016842 0)
(1.77079 -0.0143593 0)
(1.77398 -0.0134741 0)
(1.77676 -0.0137641 0)
(1.7798 -0.0142337 0)
(1.78304 -0.0142187 0)
(1.78591 -0.0140629 0)
(1.78907 -0.0139441 0)
(1.79208 -0.0139557 0)
(1.79494 -0.0139048 0)
(1.79767 -0.0137542 0)
(1.80021 -0.0135035 0)
(1.80271 -0.0129686 0)
(1.80534 -0.0121437 0)
(1.80787 -0.0112836 0)
(1.81038 -0.0108554 0)
(1.81281 -0.0104306 0)
(1.81499 -0.00989181 0)
(1.81691 -0.00912761 0)
(1.81857 -0.00804854 0)
(1.81999 -0.00674264 0)
(1.82121 -0.00546789 0)
(1.82229 -0.00449483 0)
(1.82324 -0.0039173 0)
(1.82408 -0.0036457 0)
(1.82481 -0.00353705 0)
(1.82543 -0.00340572 0)
(1.8259 -0.00314991 0)
(1.82621 -0.00269029 0)
(1.82634 -0.00189247 0)
(1.82627 -0.000693316 0)
(1.82593 0.000958981 0)
(1.82537 0.00301516 0)
(1.82467 0.00517202 0)
(1.82346 0.0071878 0)
(1.82181 0.00908703 0)
(1.81938 0.0111978 0)
(1.81734 0.0122566 0)
(1.81508 0.0121941 0)
(1.81214 0.0117757 0)
(1.80949 0.011356 0)
(1.80776 0.011099 0)
(1.80547 0.0112311 0)
(1.80345 0.0115394 0)
(1.80197 0.0120954 0)
(1.80045 0.0128204 0)
(1.79918 0.0139652 0)
(1.79374 0.013285 0)
(1.78262 0.0127263 0)
(1.68578 0.0182131 0)
(1.49225 0.0229744 0)
(1.42814 0.0206327 0)
(1.42559 0.0199006 0)
(1.42481 0.0195563 0)
(1.42461 0.0208284 0)
(1.42368 0.0224689 0)
(1.42245 0.0228521 0)
(1.42114 0.0222635 0)
(1.41982 0.0221157 0)
(1.4185 0.0230426 0)
(1.41724 0.0245305 0)
(1.41603 0.0254693 0)
(1.41472 0.0254271 0)
(1.41358 0.0249411 0)
(1.41275 0.0241617 0)
(1.41222 0.0231657 0)
(1.41174 0.0222888 0)
(1.41118 0.021752 0)
(1.41059 0.0215116 0)
(1.41008 0.0214591 0)
(1.40989 0.0214624 0)
(1.41012 0.0214546 0)
(1.41057 0.0213661 0)
(1.4112 0.0209275 0)
(1.41208 0.020158 0)
(1.41301 0.0190783 0)
(1.41367 0.0181535 0)
(1.4143 0.0172444 0)
(1.4151 0.0160626 0)
(1.41573 0.0148413 0)
(1.4164 0.0136716 0)
(1.41742 0.0119519 0)
(1.41841 0.010396 0)
(1.41951 0.00964646 0)
(1.42079 0.0095357 0)
(1.42227 0.00974435 0)
(1.42387 0.0102837 0)
(1.4254 0.0105686 0)
(1.42668 0.010882 0)
(1.42778 0.00988844 0)
(1.4287 0.00941908 0)
(1.42953 0.00848543 0)
(1.43037 0.00857372 0)
(1.43138 0.00930442 0)
(1.43236 0.00980441 0)
(1.43337 0.0113411 0)
(1.4344 0.0127192 0)
(1.64797 -0.211875 0)
(1.65738 -0.199679 0)
(1.66461 -0.185025 0)
(1.67038 -0.17151 0)
(1.6757 -0.160624 0)
(1.68091 -0.151318 0)
(1.68683 -0.142694 0)
(1.69453 -0.132338 0)
(1.70169 -0.11842 0)
(1.70649 -0.105899 0)
(1.71262 -0.0996949 0)
(1.71764 -0.0935537 0)
(1.7206 -0.087188 0)
(1.72479 -0.083563 0)
(1.72876 -0.0807866 0)
(1.73146 -0.0762688 0)
(1.73468 -0.0723883 0)
(1.73807 -0.0694087 0)
(1.74072 -0.0653587 0)
(1.7434 -0.06128 0)
(1.74631 -0.0574149 0)
(1.74887 -0.0529628 0)
(1.75127 -0.0485414 0)
(1.75379 -0.045147 0)
(1.75638 -0.0429897 0)
(1.75885 -0.0417208 0)
(1.76141 -0.0410342 0)
(1.76395 -0.0407068 0)
(1.76617 -0.0405826 0)
(1.76793 -0.0403579 0)
(1.76947 -0.039785 0)
(1.77122 -0.0386255 0)
(1.77341 -0.0366392 0)
(1.77637 -0.0340655 0)
(1.78041 -0.0309121 0)
(1.78419 -0.0272009 0)
(1.78779 -0.0244797 0)
(1.79128 -0.0231379 0)
(1.7942 -0.0225288 0)
(1.79694 -0.021843 0)
(1.80006 -0.0203468 0)
(1.80204 -0.0197303 0)
(1.80496 -0.0188961 0)
(1.80779 -0.0181978 0)
(1.81037 -0.0178836 0)
(1.81274 -0.0176269 0)
(1.8149 -0.0171006 0)
(1.81693 -0.0163373 0)
(1.81893 -0.0158047 0)
(1.82096 -0.01565 0)
(1.82293 -0.0155606 0)
(1.82474 -0.0152855 0)
(1.82639 -0.0147205 0)
(1.82789 -0.0137672 0)
(1.82925 -0.012378 0)
(1.83046 -0.0106868 0)
(1.83152 -0.00904176 0)
(1.83242 -0.00783441 0)
(1.83315 -0.00720891 0)
(1.83368 -0.00702682 0)
(1.83401 -0.00698289 0)
(1.83417 -0.00671669 0)
(1.83417 -0.0060241 0)
(1.83399 -0.00482396 0)
(1.83361 -0.00305015 0)
(1.83296 -0.000791981 0)
(1.83196 0.00188157 0)
(1.83054 0.00491011 0)
(1.82889 0.00797053 0)
(1.82699 0.0106241 0)
(1.82452 0.0127508 0)
(1.82167 0.0147586 0)
(1.818 0.0169331 0)
(1.81593 0.0174969 0)
(1.8126 0.0172556 0)
(1.80909 0.0165804 0)
(1.80623 0.0156357 0)
(1.80382 0.0148377 0)
(1.8013 0.0150625 0)
(1.79985 0.0156455 0)
(1.79827 0.0162591 0)
(1.79625 0.0176088 0)
(1.79153 0.0155906 0)
(1.7818 0.0138588 0)
(1.69512 0.0169226 0)
(1.50118 0.0273801 0)
(1.43039 0.0239304 0)
(1.42849 0.0238644 0)
(1.42937 0.0240042 0)
(1.43107 0.0252677 0)
(1.43142 0.026994 0)
(1.43084 0.0276518 0)
(1.42984 0.02724 0)
(1.42879 0.0272512 0)
(1.42786 0.0282872 0)
(1.42708 0.0297052 0)
(1.42643 0.0305667 0)
(1.42573 0.0306063 0)
(1.42527 0.0300282 0)
(1.42513 0.0290837 0)
(1.42535 0.0280297 0)
(1.42574 0.0270871 0)
(1.42608 0.0262224 0)
(1.42635 0.0256707 0)
(1.42677 0.025464 0)
(1.42739 0.0253683 0)
(1.42833 0.0251685 0)
(1.42946 0.0248113 0)
(1.43071 0.0243422 0)
(1.4321 0.0238606 0)
(1.43351 0.0230719 0)
(1.43479 0.0218989 0)
(1.43599 0.0207458 0)
(1.43721 0.0200223 0)
(1.43855 0.0193366 0)
(1.43978 0.0188329 0)
(1.44112 0.0186327 0)
(1.44263 0.0182308 0)
(1.44426 0.0180565 0)
(1.44588 0.018025 0)
(1.44755 0.0178376 0)
(1.44928 0.0178463 0)
(1.45105 0.0178405 0)
(1.45277 0.0182843 0)
(1.45431 0.0182934 0)
(1.45558 0.0184831 0)
(1.45669 0.0184965 0)
(1.45763 0.0187826 0)
(1.45886 0.0195951 0)
(1.45996 0.0199252 0)
(1.46129 0.0214475 0)
(1.46312 0.0233931 0)
(1.7114 -0.221877 0)
(1.71296 -0.210353 0)
(1.71407 -0.194535 0)
(1.71516 -0.178115 0)
(1.7167 -0.164843 0)
(1.71802 -0.154949 0)
(1.71918 -0.146694 0)
(1.72199 -0.138323 0)
(1.72716 -0.126381 0)
(1.72914 -0.113277 0)
(1.73164 -0.103113 0)
(1.73719 -0.0970067 0)
(1.73914 -0.0914242 0)
(1.74223 -0.085492 0)
(1.74631 -0.0815418 0)
(1.74817 -0.0773327 0)
(1.75063 -0.0724496 0)
(1.75392 -0.069273 0)
(1.75584 -0.0655367 0)
(1.75764 -0.0611005 0)
(1.76032 -0.0571668 0)
(1.76269 -0.0530303 0)
(1.76531 -0.0490705 0)
(1.76821 -0.0457484 0)
(1.77092 -0.0433034 0)
(1.77346 -0.0420852 0)
(1.7758 -0.0415721 0)
(1.77798 -0.0412959 0)
(1.78007 -0.0409502 0)
(1.78195 -0.0402603 0)
(1.78356 -0.0391754 0)
(1.78503 -0.0379468 0)
(1.7866 -0.0366377 0)
(1.78856 -0.03494 0)
(1.79128 -0.0323724 0)
(1.79468 -0.0285519 0)
(1.79791 -0.0243668 0)
(1.80142 -0.021286 0)
(1.80478 -0.0196944 0)
(1.80802 -0.0195913 0)
(1.81082 -0.0206063 0)
(1.81253 -0.0209034 0)
(1.81487 -0.0210246 0)
(1.81724 -0.020992 0)
(1.81936 -0.0204442 0)
(1.82127 -0.0194013 0)
(1.82299 -0.0182095 0)
(1.82463 -0.0171868 0)
(1.82623 -0.0162407 0)
(1.82781 -0.0152641 0)
(1.82935 -0.0142852 0)
(1.83083 -0.0132837 0)
(1.83227 -0.0121647 0)
(1.83366 -0.0108188 0)
(1.83505 -0.00922096 0)
(1.8364 -0.0075662 0)
(1.8377 -0.00605949 0)
(1.83884 -0.00484633 0)
(1.83974 -0.00395511 0)
(1.84033 -0.00334469 0)
(1.84062 -0.00289322 0)
(1.84062 -0.00240276 0)
(1.8404 -0.00168031 0)
(1.83995 -0.000569415 0)
(1.83925 0.00109992 0)
(1.83824 0.00334483 0)
(1.83686 0.00618969 0)
(1.83495 0.00956161 0)
(1.83256 0.0132138 0)
(1.82998 0.0163419 0)
(1.82685 0.0185547 0)
(1.82334 0.0202797 0)
(1.81924 0.0222103 0)
(1.81561 0.0236755 0)
(1.81294 0.0237332 0)
(1.80906 0.0232877 0)
(1.80528 0.0221558 0)
(1.80235 0.0199219 0)
(1.79928 0.0192216 0)
(1.79713 0.0193639 0)
(1.79501 0.0196894 0)
(1.79165 0.0195817 0)
(1.78784 0.0162276 0)
(1.77751 0.0120397 0)
(1.70435 0.0102623 0)
(1.51727 0.0269188 0)
(1.43913 0.0258619 0)
(1.43732 0.02587 0)
(1.43947 0.0264264 0)
(1.44254 0.0283564 0)
(1.44379 0.030877 0)
(1.44369 0.032228 0)
(1.44316 0.0319396 0)
(1.44251 0.0316327 0)
(1.44215 0.0322244 0)
(1.44213 0.0332992 0)
(1.44225 0.0338561 0)
(1.44235 0.0336436 0)
(1.4426 0.032865 0)
(1.44319 0.0317974 0)
(1.44421 0.0309514 0)
(1.44539 0.0302154 0)
(1.44665 0.029519 0)
(1.448 0.0289357 0)
(1.44945 0.0283637 0)
(1.45097 0.0278468 0)
(1.45261 0.0274313 0)
(1.45435 0.0269679 0)
(1.45619 0.0264183 0)
(1.45816 0.0257023 0)
(1.46017 0.0247471 0)
(1.46208 0.0236775 0)
(1.46393 0.0227695 0)
(1.46577 0.0220989 0)
(1.4677 0.021286 0)
(1.46953 0.0199314 0)
(1.4714 0.0183906 0)
(1.47368 0.016988 0)
(1.47588 0.0158846 0)
(1.47783 0.0155642 0)
(1.47993 0.0154144 0)
(1.48193 0.0154357 0)
(1.48391 0.015559 0)
(1.48588 0.0161633 0)
(1.48779 0.0161332 0)
(1.48951 0.016296 0)
(1.49107 0.0161277 0)
(1.49231 0.0156601 0)
(1.49373 0.0159911 0)
(1.49497 0.0157255 0)
(1.49636 0.0166672 0)
(1.4989 0.0182376 0)
(1.7441 -0.229778 0)
(1.74084 -0.216877 0)
(1.7373 -0.200389 0)
(1.73552 -0.185087 0)
(1.73465 -0.171823 0)
(1.73388 -0.160761 0)
(1.73304 -0.151849 0)
(1.73324 -0.143872 0)
(1.73601 -0.13376 0)
(1.7378 -0.122385 0)
(1.73725 -0.112165 0)
(1.74096 -0.10591 0)
(1.74422 -0.0997332 0)
(1.74536 -0.0936203 0)
(1.74947 -0.0882493 0)
(1.75188 -0.0831098 0)
(1.75349 -0.0781637 0)
(1.75709 -0.0744029 0)
(1.75943 -0.0700278 0)
(1.76079 -0.0649839 0)
(1.76399 -0.060962 0)
(1.76679 -0.0570247 0)
(1.76922 -0.0526623 0)
(1.77264 -0.0491399 0)
(1.77593 -0.0461096 0)
(1.77914 -0.043708 0)
(1.78195 -0.0425014 0)
(1.78447 -0.0419423 0)
(1.78691 -0.0414386 0)
(1.78933 -0.0407716 0)
(1.79158 -0.0398392 0)
(1.79348 -0.0389203 0)
(1.79502 -0.0383329 0)
(1.79637 -0.0379436 0)
(1.79814 -0.0372394 0)
(1.80055 -0.0353049 0)
(1.80269 -0.0324385 0)
(1.80573 -0.0302201 0)
(1.80882 -0.0286825 0)
(1.81185 -0.0272031 0)
(1.815 -0.0250435 0)
(1.81692 -0.023453 0)
(1.81861 -0.0228149 0)
(1.82079 -0.0215546 0)
(1.82267 -0.0202875 0)
(1.82431 -0.019105 0)
(1.82582 -0.0179592 0)
(1.82723 -0.0169284 0)
(1.82858 -0.0162585 0)
(1.82989 -0.0158547 0)
(1.83118 -0.0154113 0)
(1.83251 -0.0148051 0)
(1.83384 -0.0140581 0)
(1.83519 -0.0130975 0)
(1.83658 -0.0117935 0)
(1.83806 -0.0100522 0)
(1.83957 -0.00807882 0)
(1.84099 -0.00628708 0)
(1.84224 -0.00491618 0)
(1.84323 -0.00396894 0)
(1.84388 -0.00328142 0)
(1.84417 -0.00255576 0)
(1.84412 -0.00156507 0)
(1.84374 -5.94937e-05 0)
(1.84303 0.00216369 0)
(1.84194 0.00507123 0)
(1.84041 0.0087349 0)
(1.83828 0.0130521 0)
(1.83548 0.0178276 0)
(1.83243 0.0220766 0)
(1.82899 0.0247562 0)
(1.82503 0.0263763 0)
(1.82076 0.0279101 0)
(1.81617 0.0296685 0)
(1.81383 0.0300203 0)
(1.81017 0.0300008 0)
(1.80635 0.0293266 0)
(1.80245 0.0272688 0)
(1.79959 0.0245512 0)
(1.79602 0.0231126 0)
(1.7917 0.0220022 0)
(1.78756 0.0201336 0)
(1.78145 0.0154453 0)
(1.76768 0.00386622 0)
(1.7124 -0.00416372 0)
(1.55044 0.0131627 0)
(1.45856 0.0278159 0)
(1.45287 0.0293226 0)
(1.4563 0.0293752 0)
(1.46015 0.030717 0)
(1.46189 0.0336985 0)
(1.46179 0.0356107 0)
(1.46166 0.0353821 0)
(1.46155 0.0346258 0)
(1.46188 0.0349207 0)
(1.46254 0.0356771 0)
(1.46317 0.0359227 0)
(1.46381 0.0355851 0)
(1.46468 0.0348282 0)
(1.4659 0.0339112 0)
(1.46748 0.0328361 0)
(1.4694 0.0319773 0)
(1.47152 0.0314799 0)
(1.47374 0.0311056 0)
(1.476 0.030687 0)
(1.47824 0.0301812 0)
(1.48048 0.0296218 0)
(1.48277 0.0289552 0)
(1.48519 0.0281923 0)
(1.48768 0.0272798 0)
(1.49018 0.0262769 0)
(1.49261 0.0252035 0)
(1.49503 0.0242227 0)
(1.49748 0.0233153 0)
(1.50001 0.022523 0)
(1.50252 0.0218837 0)
(1.50496 0.021531 0)
(1.50739 0.0213712 0)
(1.50992 0.0212605 0)
(1.5124 0.021228 0)
(1.51457 0.0212538 0)
(1.51674 0.0213629 0)
(1.5189 0.0215127 0)
(1.52106 0.0219762 0)
(1.52318 0.022252 0)
(1.52516 0.0225979 0)
(1.52706 0.0232794 0)
(1.5287 0.0232285 0)
(1.5303 0.0236121 0)
(1.53181 0.0233395 0)
(1.53322 0.0236904 0)
(1.53619 0.02488 0)
(1.76413 -0.225866 0)
(1.75949 -0.214604 0)
(1.75262 -0.19816 0)
(1.74924 -0.183988 0)
(1.74742 -0.172231 0)
(1.7451 -0.16088 0)
(1.74344 -0.151543 0)
(1.74278 -0.143802 0)
(1.74419 -0.134818 0)
(1.74612 -0.123864 0)
(1.74504 -0.114628 0)
(1.74676 -0.107829 0)
(1.75046 -0.102147 0)
(1.75079 -0.0968159 0)
(1.75346 -0.0908008 0)
(1.75638 -0.0850699 0)
(1.7568 -0.0809829 0)
(1.75991 -0.0772086 0)
(1.7624 -0.0733265 0)
(1.76335 -0.0693518 0)
(1.76665 -0.0654959 0)
(1.76978 -0.0625553 0)
(1.77141 -0.0590792 0)
(1.7748 -0.0559826 0)
(1.77807 -0.054151 0)
(1.78117 -0.0518318 0)
(1.78435 -0.0495191 0)
(1.78732 -0.0482523 0)
(1.78988 -0.047581 0)
(1.79255 -0.0466727 0)
(1.79515 -0.044809 0)
(1.79732 -0.0422969 0)
(1.79942 -0.0401118 0)
(1.80111 -0.0388574 0)
(1.80282 -0.0380659 0)
(1.80495 -0.0362304 0)
(1.80629 -0.033165 0)
(1.80879 -0.0302117 0)
(1.8114 -0.0285287 0)
(1.81403 -0.0265684 0)
(1.81622 -0.0245349 0)
(1.81807 -0.0242259 0)
(1.81988 -0.023995 0)
(1.82142 -0.0235261 0)
(1.82286 -0.0226668 0)
(1.82425 -0.0214913 0)
(1.82555 -0.0203928 0)
(1.82683 -0.0195392 0)
(1.82813 -0.0187175 0)
(1.82946 -0.0179282 0)
(1.83079 -0.0172648 0)
(1.83213 -0.0166025 0)
(1.83345 -0.0157681 0)
(1.83479 -0.0146529 0)
(1.83621 -0.0132701 0)
(1.83772 -0.0117917 0)
(1.83929 -0.0103193 0)
(1.84086 -0.0087857 0)
(1.84235 -0.00709691 0)
(1.84366 -0.0053056 0)
(1.84467 -0.00355136 0)
(1.84532 -0.00185852 0)
(1.84556 -1.50241e-05 0)
(1.84538 0.00221913 0)
(1.84478 0.00503448 0)
(1.84371 0.00866767 0)
(1.84214 0.0131766 0)
(1.8399 0.0185057 0)
(1.83688 0.0243539 0)
(1.83355 0.0295617 0)
(1.83017 0.032509 0)
(1.82628 0.0338418 0)
(1.82223 0.0348382 0)
(1.81762 0.0361169 0)
(1.81529 0.0367123 0)
(1.81227 0.036864 0)
(1.80885 0.0368305 0)
(1.80526 0.0350792 0)
(1.8014 0.0320551 0)
(1.79705 0.0290474 0)
(1.79041 0.0238394 0)
(1.78221 0.0164947 0)
(1.77267 0.00854458 0)
(1.75244 -0.00988171 0)
(1.71675 -0.0272575 0)
(1.60665 -0.00528171 0)
(1.49483 0.0181845 0)
(1.476 0.0303875 0)
(1.47741 0.0344664 0)
(1.48085 0.0352128 0)
(1.48326 0.0362828 0)
(1.48375 0.0369185 0)
(1.48406 0.0367732 0)
(1.48456 0.0363528 0)
(1.48523 0.0362257 0)
(1.48595 0.0365384 0)
(1.48678 0.0369063 0)
(1.48762 0.0367986 0)
(1.48878 0.0361599 0)
(1.49043 0.0347878 0)
(1.4926 0.0332525 0)
(1.49505 0.0322213 0)
(1.49758 0.0317984 0)
(1.50021 0.0315634 0)
(1.50288 0.0311781 0)
(1.50559 0.0306417 0)
(1.50835 0.0299777 0)
(1.51116 0.0290867 0)
(1.51406 0.0281538 0)
(1.51694 0.027296 0)
(1.51976 0.0265697 0)
(1.52252 0.0258783 0)
(1.5253 0.0252274 0)
(1.5281 0.0245177 0)
(1.53093 0.0238096 0)
(1.53374 0.0230618 0)
(1.53657 0.0222394 0)
(1.53941 0.0214498 0)
(1.5422 0.0208983 0)
(1.5448 0.0204762 0)
(1.5473 0.0202438 0)
(1.5497 0.0202907 0)
(1.5519 0.0203759 0)
(1.55412 0.0206096 0)
(1.55635 0.0208531 0)
(1.55851 0.0211569 0)
(1.56068 0.0217536 0)
(1.56277 0.0218154 0)
(1.56469 0.022287 0)
(1.56653 0.0222042 0)
(1.56807 0.0222362 0)
(1.57118 0.0230971 0)
(1.77879 -0.221955 0)
(1.77447 -0.212224 0)
(1.76621 -0.197217 0)
(1.76175 -0.183653 0)
(1.76025 -0.174524 0)
(1.7571 -0.164064 0)
(1.75463 -0.154552 0)
(1.75369 -0.1471 0)
(1.7542 -0.139121 0)
(1.75586 -0.129405 0)
(1.75491 -0.121763 0)
(1.75511 -0.114761 0)
(1.75824 -0.109636 0)
(1.7594 -0.103435 0)
(1.75977 -0.0973545 0)
(1.76289 -0.0921309 0)
(1.76311 -0.0875742 0)
(1.76517 -0.0827876 0)
(1.76832 -0.0782498 0)
(1.76899 -0.0737667 0)
(1.77178 -0.0688028 0)
(1.77518 -0.065435 0)
(1.77691 -0.0616197 0)
(1.77973 -0.0576112 0)
(1.78295 -0.0555351 0)
(1.7862 -0.0535282 0)
(1.788 -0.0511214 0)
(1.79095 -0.0490214 0)
(1.79356 -0.0479502 0)
(1.79606 -0.047016 0)
(1.79847 -0.0453573 0)
(1.80039 -0.0432779 0)
(1.80241 -0.041117 0)
(1.80444 -0.0397883 0)
(1.8062 -0.0390192 0)
(1.80786 -0.0375422 0)
(1.80882 -0.0361711 0)
(1.81065 -0.0340901 0)
(1.81288 -0.03208 0)
(1.81468 -0.0295956 0)
(1.8163 -0.0276473 0)
(1.8184 -0.025937 0)
(1.8198 -0.0246756 0)
(1.82098 -0.0236479 0)
(1.82219 -0.0223973 0)
(1.8235 -0.0209658 0)
(1.82481 -0.0196831 0)
(1.82617 -0.0185745 0)
(1.82754 -0.017713 0)
(1.82892 -0.0170928 0)
(1.83025 -0.0165372 0)
(1.83154 -0.0158737 0)
(1.83282 -0.0150609 0)
(1.83411 -0.014209 0)
(1.83542 -0.0133096 0)
(1.83679 -0.0121722 0)
(1.83829 -0.0106892 0)
(1.8399 -0.00899907 0)
(1.84156 -0.00734164 0)
(1.84314 -0.00572495 0)
(1.8445 -0.00398419 0)
(1.84551 -0.0019299 0)
(1.84605 0.000498246 0)
(1.84606 0.00336155 0)
(1.84553 0.00689007 0)
(1.84447 0.0111813 0)
(1.84287 0.0165419 0)
(1.84063 0.0229176 0)
(1.83769 0.029705 0)
(1.83451 0.0355284 0)
(1.83157 0.0387941 0)
(1.82818 0.0399037 0)
(1.82462 0.0405918 0)
(1.8207 0.0414671 0)
(1.8183 0.0421764 0)
(1.81638 0.0425824 0)
(1.81345 0.0422746 0)
(1.8106 0.0405193 0)
(1.80676 0.0378972 0)
(1.79969 0.0316884 0)
(1.79078 0.0238679 0)
(1.77524 0.00949134 0)
(1.75982 -0.00127863 0)
(1.73543 -0.0233202 0)
(1.71564 -0.0456801 0)
(1.6643 -0.0350697 0)
(1.56699 0.00414124 0)
(1.50803 0.0225534 0)
(1.50149 0.0389503 0)
(1.50237 0.0404708 0)
(1.505 0.0397433 0)
(1.50697 0.0379034 0)
(1.50784 0.0366505 0)
(1.50886 0.0362974 0)
(1.50936 0.0369294 0)
(1.50964 0.0380754 0)
(1.5102 0.038525 0)
(1.51099 0.0380436 0)
(1.51239 0.0366272 0)
(1.51445 0.0346152 0)
(1.51694 0.0331484 0)
(1.51953 0.032784 0)
(1.52204 0.0326944 0)
(1.5246 0.0323121 0)
(1.52728 0.0316295 0)
(1.53014 0.0307172 0)
(1.53319 0.0296763 0)
(1.53635 0.0285822 0)
(1.53952 0.0277706 0)
(1.54259 0.0273143 0)
(1.54557 0.027022 0)
(1.54848 0.0265441 0)
(1.55142 0.0259715 0)
(1.5544 0.0253588 0)
(1.55743 0.0248285 0)
(1.56048 0.0242456 0)
(1.56353 0.0237163 0)
(1.56653 0.0232508 0)
(1.56937 0.023145 0)
(1.572 0.0232518 0)
(1.57448 0.0233644 0)
(1.5769 0.0234757 0)
(1.57932 0.0235458 0)
(1.58178 0.0238234 0)
(1.58404 0.0240848 0)
(1.58625 0.0243878 0)
(1.58857 0.0251187 0)
(1.59081 0.0256022 0)
(1.59297 0.0264123 0)
(1.59508 0.0267269 0)
(1.59688 0.0268334 0)
(1.60022 0.0272551 0)
(1.79185 -0.214908 0)
(1.78776 -0.206252 0)
(1.77991 -0.193278 0)
(1.77519 -0.180474 0)
(1.77403 -0.173377 0)
(1.77115 -0.16401 0)
(1.7673 -0.154621 0)
(1.76576 -0.147322 0)
(1.76543 -0.140233 0)
(1.7665 -0.130942 0)
(1.76595 -0.122937 0)
(1.76513 -0.115602 0)
(1.76739 -0.111037 0)
(1.7692 -0.104136 0)
(1.76887 -0.097598 0)
(1.77157 -0.0927145 0)
(1.77275 -0.0881769 0)
(1.77361 -0.0837142 0)
(1.77658 -0.0799533 0)
(1.77755 -0.0762252 0)
(1.77906 -0.0721765 0)
(1.78177 -0.0694222 0)
(1.7837 -0.066331 0)
(1.78513 -0.0632787 0)
(1.78797 -0.0608947 0)
(1.79077 -0.0587101 0)
(1.79222 -0.0563071 0)
(1.79434 -0.0539813 0)
(1.79685 -0.0524054 0)
(1.79924 -0.0506337 0)
(1.80151 -0.0480937 0)
(1.80321 -0.0459469 0)
(1.80468 -0.0441198 0)
(1.80637 -0.0425644 0)
(1.80823 -0.0408008 0)
(1.80991 -0.0382746 0)
(1.81094 -0.036736 0)
(1.81265 -0.0347781 0)
(1.81448 -0.0325279 0)
(1.8156 -0.0307214 0)
(1.81704 -0.0290287 0)
(1.81852 -0.0274056 0)
(1.81968 -0.0261409 0)
(1.8208 -0.0248516 0)
(1.82205 -0.0233573 0)
(1.82337 -0.0219215 0)
(1.82477 -0.020619 0)
(1.82621 -0.0194194 0)
(1.82763 -0.0183615 0)
(1.82896 -0.0174586 0)
(1.83017 -0.0166667 0)
(1.83133 -0.0159113 0)
(1.83249 -0.0151474 0)
(1.8337 -0.0142806 0)
(1.83493 -0.0132725 0)
(1.83622 -0.0121201 0)
(1.83763 -0.0108196 0)
(1.83912 -0.0094396 0)
(1.84068 -0.0078363 0)
(1.84224 -0.00587544 0)
(1.84368 -0.00363916 0)
(1.8449 -0.00112267 0)
(1.84569 0.00178934 0)
(1.84586 0.00526733 0)
(1.84534 0.00939778 0)
(1.84422 0.014523 0)
(1.84249 0.0209089 0)
(1.84021 0.0282662 0)
(1.83751 0.035706 0)
(1.83469 0.041961 0)
(1.83246 0.0453175 0)
(1.83002 0.0461319 0)
(1.82735 0.0464006 0)
(1.82459 0.0466819 0)
(1.82274 0.0470026 0)
(1.82166 0.0474743 0)
(1.8194 0.0470376 0)
(1.81688 0.0455077 0)
(1.81187 0.0414238 0)
(1.80152 0.0327304 0)
(1.78983 0.0227031 0)
(1.76592 -0.00103607 0)
(1.74348 -0.0155371 0)
(1.72513 -0.0313557 0)
(1.7158 -0.0517476 0)
(1.701 -0.0538129 0)
(1.64984 -0.0284523 0)
(1.57543 0.00604547 0)
(1.53302 0.0276282 0)
(1.52756 0.0440674 0)
(1.52739 0.0438851 0)
(1.52807 0.0414869 0)
(1.53051 0.0373777 0)
(1.53209 0.0363012 0)
(1.53236 0.0369893 0)
(1.53215 0.0384662 0)
(1.5323 0.0394756 0)
(1.53291 0.0389181 0)
(1.53419 0.0368308 0)
(1.53626 0.0342948 0)
(1.53868 0.0328535 0)
(1.54104 0.0326404 0)
(1.54332 0.0327672 0)
(1.54565 0.0324834 0)
(1.54816 0.03168 0)
(1.55093 0.0305037 0)
(1.554 0.0291608 0)
(1.55726 0.0280151 0)
(1.56044 0.0275774 0)
(1.56348 0.0275411 0)
(1.56645 0.0275146 0)
(1.56936 0.027207 0)
(1.5723 0.0267556 0)
(1.57532 0.026201 0)
(1.57844 0.0257285 0)
(1.58159 0.0252474 0)
(1.58467 0.0247449 0)
(1.58756 0.0242266 0)
(1.59028 0.0239833 0)
(1.59286 0.0238911 0)
(1.59537 0.0239392 0)
(1.59784 0.0240773 0)
(1.60035 0.024135 0)
(1.60297 0.0242435 0)
(1.60555 0.024452 0)
(1.60779 0.0247037 0)
(1.61015 0.0251543 0)
(1.61249 0.0256727 0)
(1.61481 0.0264723 0)
(1.61714 0.0269235 0)
(1.61922 0.0269544 0)
(1.62288 0.0271859 0)
(1.80462 -0.210079 0)
(1.80078 -0.202705 0)
(1.79353 -0.191461 0)
(1.78832 -0.179997 0)
(1.78659 -0.173959 0)
(1.78358 -0.165843 0)
(1.77906 -0.157314 0)
(1.77688 -0.149904 0)
(1.77571 -0.143536 0)
(1.77558 -0.135339 0)
(1.77458 -0.128073 0)
(1.77283 -0.120702 0)
(1.77427 -0.115859 0)
(1.77603 -0.109405 0)
(1.77547 -0.103179 0)
(1.77752 -0.0982731 0)
(1.77944 -0.0936956 0)
(1.77972 -0.0888557 0)
(1.78261 -0.0846665 0)
(1.78425 -0.0798768 0)
(1.78497 -0.0752033 0)
(1.78766 -0.0719057 0)
(1.78981 -0.0683172 0)
(1.7907 -0.0652017 0)
(1.79315 -0.0623972 0)
(1.79564 -0.0598049 0)
(1.79673 -0.0577824 0)
(1.79832 -0.0556973 0)
(1.8004 -0.0538421 0)
(1.80245 -0.0517133 0)
(1.80388 -0.049981 0)
(1.80531 -0.0482342 0)
(1.80652 -0.0458662 0)
(1.80812 -0.0437988 0)
(1.80981 -0.041441 0)
(1.81087 -0.0400228 0)
(1.81198 -0.0384936 0)
(1.81351 -0.0363304 0)
(1.81487 -0.0339824 0)
(1.81592 -0.0320342 0)
(1.81725 -0.0300729 0)
(1.81845 -0.0284027 0)
(1.81954 -0.0270886 0)
(1.82078 -0.0256715 0)
(1.82213 -0.0241928 0)
(1.82342 -0.0229431 0)
(1.82479 -0.0218128 0)
(1.82621 -0.0207119 0)
(1.82761 -0.0196349 0)
(1.8289 -0.0185782 0)
(1.83006 -0.0176542 0)
(1.83114 -0.0169032 0)
(1.83223 -0.0162523 0)
(1.83338 -0.0155212 0)
(1.83461 -0.0146804 0)
(1.83596 -0.0137414 0)
(1.83742 -0.0126555 0)
(1.8389 -0.011333 0)
(1.84041 -0.00962523 0)
(1.84183 -0.00756545 0)
(1.84314 -0.00502961 0)
(1.84417 -0.00196597 0)
(1.84487 0.00172125 0)
(1.84509 0.00625938 0)
(1.84459 0.0114789 0)
(1.84348 0.0177777 0)
(1.84176 0.0250883 0)
(1.83967 0.0327308 0)
(1.83759 0.0402908 0)
(1.8356 0.0459293 0)
(1.83434 0.0489806 0)
(1.83308 0.0496128 0)
(1.83143 0.0495924 0)
(1.82973 0.0496686 0)
(1.82872 0.0496822 0)
(1.82818 0.0499546 0)
(1.82622 0.0492595 0)
(1.82255 0.0464335 0)
(1.81564 0.0414648 0)
(1.79911 0.0249663 0)
(1.78185 0.0126871 0)
(1.75764 -0.00877148 0)
(1.73244 -0.0326749 0)
(1.72197 -0.0446904 0)
(1.72092 -0.0559677 0)
(1.72103 -0.0598524 0)
(1.70759 -0.0523439 0)
(1.6643 -0.0271193 0)
(1.60223 0.00384236 0)
(1.56292 0.035991 0)
(1.55182 0.0449259 0)
(1.5488 0.0430795 0)
(1.55008 0.0380364 0)
(1.55258 0.0367213 0)
(1.55298 0.0374253 0)
(1.55289 0.0390384 0)
(1.55283 0.040284 0)
(1.55304 0.0397218 0)
(1.55362 0.0371492 0)
(1.55524 0.0341061 0)
(1.55735 0.0329815 0)
(1.55931 0.0333051 0)
(1.56127 0.0337783 0)
(1.56349 0.0337352 0)
(1.56595 0.0327719 0)
(1.5683 0.0308916 0)
(1.57118 0.0289274 0)
(1.57426 0.0279411 0)
(1.57715 0.0279746 0)
(1.57993 0.0283611 0)
(1.58273 0.0286359 0)
(1.58557 0.0285138 0)
(1.58845 0.027953 0)
(1.59143 0.0270921 0)
(1.59452 0.0263978 0)
(1.59759 0.0259764 0)
(1.6005 0.0256774 0)
(1.6032 0.0254662 0)
(1.60574 0.025433 0)
(1.60821 0.0255135 0)
(1.61068 0.0256877 0)
(1.6132 0.0258988 0)
(1.6158 0.0260495 0)
(1.61855 0.0261977 0)
(1.6213 0.0263622 0)
(1.62368 0.0265602 0)
(1.62607 0.0268582 0)
(1.62849 0.027413 0)
(1.6309 0.0281965 0)
(1.63342 0.0285754 0)
(1.6357 0.028684 0)
(1.63961 0.0289064 0)
(1.81724 -0.203485 0)
(1.81308 -0.197202 0)
(1.80637 -0.187681 0)
(1.80087 -0.177658 0)
(1.79854 -0.171656 0)
(1.79515 -0.163543 0)
(1.79075 -0.155351 0)
(1.78869 -0.148494 0)
(1.78734 -0.143013 0)
(1.78648 -0.13551 0)
(1.78494 -0.128848 0)
(1.78261 -0.122177 0)
(1.78324 -0.117738 0)
(1.78418 -0.111593 0)
(1.7833 -0.105561 0)
(1.78427 -0.100618 0)
(1.78598 -0.096495 0)
(1.7855 -0.092305 0)
(1.78737 -0.08808 0)
(1.78901 -0.0834987 0)
(1.78916 -0.0790487 0)
(1.79143 -0.0756233 0)
(1.79359 -0.0719999 0)
(1.79409 -0.0689223 0)
(1.79619 -0.0659395 0)
(1.7985 -0.0629202 0)
(1.79932 -0.0607678 0)
(1.80069 -0.0584496 0)
(1.80257 -0.0563437 0)
(1.80439 -0.0538538 0)
(1.80557 -0.0519652 0)
(1.80669 -0.0499179 0)
(1.8079 -0.0474959 0)
(1.80955 -0.045361 0)
(1.81092 -0.0427788 0)
(1.81183 -0.0412927 0)
(1.813 -0.0391996 0)
(1.81456 -0.0367347 0)
(1.81555 -0.0344982 0)
(1.81682 -0.0323606 0)
(1.8183 -0.0302143 0)
(1.81944 -0.0286877 0)
(1.8205 -0.0275186 0)
(1.82183 -0.0260608 0)
(1.82322 -0.0245355 0)
(1.82444 -0.0233741 0)
(1.82572 -0.0223341 0)
(1.82701 -0.0212759 0)
(1.82829 -0.0201271 0)
(1.8295 -0.0189617 0)
(1.83061 -0.0179535 0)
(1.83164 -0.0172687 0)
(1.83261 -0.0166905 0)
(1.83357 -0.0160615 0)
(1.83457 -0.0155228 0)
(1.83573 -0.0150514 0)
(1.83714 -0.0143012 0)
(1.83861 -0.0131387 0)
(1.84004 -0.0115655 0)
(1.84135 -0.00951769 0)
(1.84257 -0.00672475 0)
(1.84352 -0.00303178 0)
(1.84412 0.00167293 0)
(1.84424 0.00742287 0)
(1.84361 0.0138471 0)
(1.84248 0.0212501 0)
(1.84097 0.0292188 0)
(1.83939 0.0366235 0)
(1.83809 0.0437185 0)
(1.83711 0.0489299 0)
(1.83693 0.0515285 0)
(1.83683 0.0523248 0)
(1.83623 0.0523375 0)
(1.83558 0.0515759 0)
(1.83535 0.0511411 0)
(1.8348 0.0510777 0)
(1.8321 0.0493855 0)
(1.82456 0.0426016 0)
(1.81264 0.0336951 0)
(1.79346 0.0185176 0)
(1.76699 -0.00719584 0)
(1.74765 -0.029472 0)
(1.73585 -0.0354184 0)
(1.73372 -0.0420659 0)
(1.73559 -0.0521908 0)
(1.73703 -0.0637104 0)
(1.73753 -0.0662637 0)
(1.72262 -0.0544246 0)
(1.68411 -0.0325594 0)
(1.62795 0.00525939 0)
(1.58886 0.0426572 0)
(1.56915 0.0410817 0)
(1.56905 0.0379399 0)
(1.57089 0.03836 0)
(1.57087 0.0401251 0)
(1.57091 0.041854 0)
(1.57092 0.0424078 0)
(1.57067 0.0412734 0)
(1.57071 0.0380365 0)
(1.57186 0.0348407 0)
(1.57337 0.0342552 0)
(1.57489 0.0349098 0)
(1.57656 0.0354254 0)
(1.57867 0.0352393 0)
(1.58072 0.0338693 0)
(1.5827 0.0314499 0)
(1.58532 0.0291761 0)
(1.58797 0.028521 0)
(1.59037 0.0289717 0)
(1.59284 0.0295725 0)
(1.59551 0.0298721 0)
(1.59827 0.0295404 0)
(1.60095 0.0285603 0)
(1.60378 0.0274266 0)
(1.60666 0.0268501 0)
(1.6095 0.0267331 0)
(1.61222 0.0267341 0)
(1.61478 0.0267859 0)
(1.61722 0.026908 0)
(1.61963 0.0270587 0)
(1.62207 0.02724 0)
(1.62461 0.0274396 0)
(1.62729 0.0276319 0)
(1.63009 0.0278359 0)
(1.6328 0.0279826 0)
(1.63525 0.0281202 0)
(1.63772 0.0283942 0)
(1.64014 0.0288273 0)
(1.64271 0.0290537 0)
(1.64539 0.0290545 0)
(1.64777 0.0288938 0)
(1.65178 0.0288414 0)
(1.83041 -0.19979 0)
(1.8261 -0.193392 0)
(1.81961 -0.184497 0)
(1.81381 -0.174996 0)
(1.81119 -0.16931 0)
(1.80794 -0.162056 0)
(1.80364 -0.155004 0)
(1.80132 -0.148807 0)
(1.7998 -0.143763 0)
(1.79821 -0.13663 0)
(1.79612 -0.130289 0)
(1.79349 -0.123814 0)
(1.79366 -0.119341 0)
(1.79398 -0.11323 0)
(1.79283 -0.107393 0)
(1.79306 -0.102326 0)
(1.79461 -0.0981172 0)
(1.79369 -0.0940114 0)
(1.79488 -0.089643 0)
(1.79631 -0.0851728 0)
(1.79584 -0.0809206 0)
(1.79756 -0.0773417 0)
(1.79941 -0.0736411 0)
(1.79946 -0.0705563 0)
(1.80113 -0.0674581 0)
(1.80298 -0.0642321 0)
(1.80341 -0.0623069 0)
(1.80485 -0.059804 0)
(1.80662 -0.0574269 0)
(1.80798 -0.0547555 0)
(1.80884 -0.0531155 0)
(1.80987 -0.0508194 0)
(1.81117 -0.0484473 0)
(1.81264 -0.0456004 0)
(1.81328 -0.0436916 0)
(1.81427 -0.0418562 0)
(1.81591 -0.0393568 0)
(1.81712 -0.036621 0)
(1.8178 -0.0347777 0)
(1.819 -0.0326952 0)
(1.8205 -0.0305394 0)
(1.82163 -0.0291225 0)
(1.82271 -0.028134 0)
(1.82415 -0.026732 0)
(1.8256 -0.0251611 0)
(1.82683 -0.0239548 0)
(1.82807 -0.0229249 0)
(1.82928 -0.0219355 0)
(1.83047 -0.0207624 0)
(1.83156 -0.019469 0)
(1.83251 -0.0183813 0)
(1.83338 -0.0175482 0)
(1.83421 -0.0169577 0)
(1.835 -0.016406 0)
(1.83578 -0.0161121 0)
(1.83662 -0.0160864 0)
(1.83763 -0.0156708 0)
(1.83868 -0.0146157 0)
(1.83975 -0.013073 0)
(1.84085 -0.0109297 0)
(1.84194 -0.0078627 0)
(1.84291 -0.00367679 0)
(1.84352 0.00177853 0)
(1.84368 0.00859936 0)
(1.84323 0.0160914 0)
(1.84244 0.0241665 0)
(1.84143 0.0319617 0)
(1.84048 0.0390852 0)
(1.83995 0.0452794 0)
(1.83998 0.0491105 0)
(1.84057 0.0519752 0)
(1.84132 0.0527842 0)
(1.84171 0.0519994 0)
(1.8419 0.0507117 0)
(1.84152 0.0500487 0)
(1.8394 0.0482704 0)
(1.83404 0.0442976 0)
(1.82113 0.0335998 0)
(1.79967 0.0148033 0)
(1.78026 0.000891302 0)
(1.76347 -0.0149664 0)
(1.75013 -0.0350635 0)
(1.74514 -0.0480617 0)
(1.74609 -0.0529476 0)
(1.75036 -0.0545737 0)
(1.75309 -0.0590372 0)
(1.75397 -0.0645699 0)
(1.7533 -0.066138 0)
(1.74075 -0.0571938 0)
(1.70576 -0.0357655 0)
(1.6509 0.0106876 0)
(1.61147 0.0326411 0)
(1.59232 0.0340877 0)
(1.58803 0.0393566 0)
(1.58584 0.0455439 0)
(1.58494 0.0467155 0)
(1.58506 0.0461366 0)
(1.58507 0.0432969 0)
(1.58585 0.0383765 0)
(1.58675 0.0359561 0)
(1.58711 0.0363545 0)
(1.58789 0.0372086 0)
(1.5891 0.0375335 0)
(1.59088 0.0369774 0)
(1.5924 0.03518 0)
(1.59442 0.0320692 0)
(1.59682 0.0300874 0)
(1.5989 0.0300675 0)
(1.60091 0.0306884 0)
(1.60315 0.0312171 0)
(1.60568 0.0312936 0)
(1.60816 0.030653 0)
(1.61066 0.0294744 0)
(1.61329 0.0285457 0)
(1.61589 0.0282905 0)
(1.61853 0.0283452 0)
(1.62113 0.0284691 0)
(1.62362 0.0286428 0)
(1.62601 0.0288886 0)
(1.62841 0.0291512 0)
(1.63086 0.0293072 0)
(1.6334 0.0294085 0)
(1.63606 0.029591 0)
(1.63878 0.0297786 0)
(1.6413 0.0299 0)
(1.64377 0.0300759 0)
(1.64622 0.0303774 0)
(1.64874 0.0304713 0)
(1.65135 0.0304509 0)
(1.65407 0.0302062 0)
(1.6564 0.0300468 0)
(1.66037 0.0299273 0)
(1.84124 -0.191414 0)
(1.83716 -0.186272 0)
(1.83154 -0.178885 0)
(1.82622 -0.170761 0)
(1.82351 -0.165744 0)
(1.82047 -0.159249 0)
(1.81627 -0.153003 0)
(1.81346 -0.146888 0)
(1.81187 -0.142061 0)
(1.80972 -0.135394 0)
(1.80716 -0.129633 0)
(1.8047 -0.12376 0)
(1.80448 -0.119583 0)
(1.80415 -0.113534 0)
(1.80255 -0.108249 0)
(1.80221 -0.103488 0)
(1.8032 -0.0993337 0)
(1.80187 -0.0953522 0)
(1.80235 -0.0909418 0)
(1.80353 -0.0866356 0)
(1.80274 -0.0824699 0)
(1.80407 -0.0788322 0)
(1.80569 -0.075103 0)
(1.80545 -0.0719746 0)
(1.80688 -0.0687875 0)
(1.80851 -0.06548 0)
(1.80874 -0.0635257 0)
(1.81007 -0.0608798 0)
(1.81172 -0.058199 0)
(1.81262 -0.0557128 0)
(1.81345 -0.053942 0)
(1.81437 -0.0513362 0)
(1.81555 -0.0487193 0)
(1.81666 -0.0457798 0)
(1.81725 -0.0443048 0)
(1.81815 -0.0423914 0)
(1.81956 -0.0396104 0)
(1.82058 -0.0366323 0)
(1.82115 -0.0348657 0)
(1.82205 -0.0330742 0)
(1.82348 -0.0309433 0)
(1.82443 -0.0295617 0)
(1.82536 -0.028661 0)
(1.82683 -0.0272802 0)
(1.8282 -0.0257445 0)
(1.82939 -0.0244495 0)
(1.83059 -0.0233669 0)
(1.83168 -0.0224297 0)
(1.83284 -0.0211996 0)
(1.83395 -0.0197556 0)
(1.83484 -0.0184671 0)
(1.8356 -0.0174323 0)
(1.83624 -0.0166667 0)
(1.83679 -0.0160863 0)
(1.83733 -0.0160106 0)
(1.83795 -0.0163118 0)
(1.83868 -0.0161269 0)
(1.83948 -0.0153599 0)
(1.84037 -0.0140599 0)
(1.84149 -0.011816 0)
(1.84245 -0.00871518 0)
(1.84327 -0.00424201 0)
(1.84383 0.00200015 0)
(1.84406 0.00971949 0)
(1.84389 0.0179618 0)
(1.84351 0.0259883 0)
(1.84307 0.0340972 0)
(1.84284 0.0409275 0)
(1.84338 0.0455964 0)
(1.84428 0.0493393 0)
(1.84497 0.0525796 0)
(1.84627 0.0521706 0)
(1.84736 0.0498791 0)
(1.84736 0.0486999 0)
(1.84596 0.0470604 0)
(1.83934 0.0405147 0)
(1.82703 0.0306736 0)
(1.81099 0.0202962 0)
(1.78682 -0.00209532 0)
(1.76876 -0.0214942 0)
(1.76152 -0.0275485 0)
(1.76019 -0.0352788 0)
(1.76065 -0.0440454 0)
(1.76211 -0.051681 0)
(1.76456 -0.057569 0)
(1.76674 -0.0631707 0)
(1.76846 -0.0674808 0)
(1.76922 -0.0695391 0)
(1.76766 -0.0685059 0)
(1.75773 -0.0619588 0)
(1.72382 -0.0350801 0)
(1.67652 0.000920281 0)
(1.63816 0.0187997 0)
(1.60804 0.0364997 0)
(1.59903 0.0491873 0)
(1.59642 0.0506399 0)
(1.59667 0.0481799 0)
(1.59741 0.0423386 0)
(1.59889 0.0387904 0)
(1.59863 0.0386672 0)
(1.59787 0.0395513 0)
(1.59798 0.0402235 0)
(1.59882 0.0401629 0)
(1.60035 0.0389127 0)
(1.60191 0.0358832 0)
(1.60408 0.0327739 0)
(1.60592 0.0321909 0)
(1.60748 0.0326204 0)
(1.60926 0.0331136 0)
(1.61131 0.0333792 0)
(1.61355 0.0330893 0)
(1.61581 0.0321527 0)
(1.61828 0.0310675 0)
(1.62073 0.0306625 0)
(1.62319 0.0305316 0)
(1.62566 0.0305443 0)
(1.62812 0.0306552 0)
(1.63055 0.0308136 0)
(1.63293 0.0310245 0)
(1.63534 0.0311947 0)
(1.63781 0.0312524 0)
(1.64035 0.0311879 0)
(1.64289 0.0311979 0)
(1.64539 0.0312717 0)
(1.64781 0.0314508 0)
(1.65019 0.031766 0)
(1.65262 0.0318627 0)
(1.65519 0.0318385 0)
(1.6578 0.031684 0)
(1.66045 0.0313299 0)
(1.6627 0.0312208 0)
(1.66652 0.0311192 0)
(1.85598 -0.188257 0)
(1.8516 -0.183333 0)
(1.84573 -0.176668 0)
(1.83981 -0.169226 0)
(1.83671 -0.164106 0)
(1.833 -0.157453 0)
(1.8284 -0.151481 0)
(1.82506 -0.145429 0)
(1.82328 -0.140774 0)
(1.82066 -0.13437 0)
(1.81777 -0.128946 0)
(1.81525 -0.123493 0)
(1.81469 -0.119493 0)
(1.81369 -0.113367 0)
(1.81155 -0.108109 0)
(1.81105 -0.103441 0)
(1.81142 -0.0991658 0)
(1.80973 -0.0952126 0)
(1.80984 -0.0910211 0)
(1.81069 -0.0870286 0)
(1.80971 -0.0831198 0)
(1.81076 -0.0796578 0)
(1.81203 -0.076009 0)
(1.81157 -0.0728837 0)
(1.8128 -0.0697598 0)
(1.81425 -0.0664726 0)
(1.81426 -0.0643809 0)
(1.81543 -0.0616246 0)
(1.817 -0.0587396 0)
(1.81761 -0.0563991 0)
(1.81825 -0.05444 0)
(1.8191 -0.0517679 0)
(1.82033 -0.0489085 0)
(1.82085 -0.0462215 0)
(1.82147 -0.0447194 0)
(1.82215 -0.0427483 0)
(1.8231 -0.0398626 0)
(1.8243 -0.0364962 0)
(1.8248 -0.0345196 0)
(1.82528 -0.033271 0)
(1.82655 -0.0313912 0)
(1.8276 -0.029831 0)
(1.82841 -0.0290958 0)
(1.82958 -0.027938 0)
(1.83112 -0.0263511 0)
(1.83234 -0.0248329 0)
(1.83344 -0.0237039 0)
(1.83445 -0.0227937 0)
(1.8355 -0.0215558 0)
(1.83658 -0.0199492 0)
(1.83744 -0.0184368 0)
(1.83817 -0.0172721 0)
(1.83883 -0.0163481 0)
(1.83931 -0.0156663 0)
(1.83976 -0.0155458 0)
(1.84025 -0.0157332 0)
(1.84078 -0.0155927 0)
(1.84131 -0.0151854 0)
(1.84202 -0.0142033 0)
(1.84297 -0.012245 0)
(1.84375 -0.00916224 0)
(1.84433 -0.00447124 0)
(1.84506 0.00232617 0)
(1.84545 0.010464 0)
(1.84551 0.0184879 0)
(1.84583 0.0273419 0)
(1.84589 0.0352697 0)
(1.84657 0.0403456 0)
(1.84809 0.0450331 0)
(1.84915 0.0498107 0)
(1.84986 0.0508805 0)
(1.85158 0.0478728 0)
(1.85171 0.0461452 0)
(1.85013 0.0434228 0)
(1.84465 0.037806 0)
(1.83322 0.0294214 0)
(1.81102 0.0107936 0)
(1.79094 -0.00743116 0)
(1.7804 -0.0140421 0)
(1.77201 -0.0241633 0)
(1.76802 -0.0361123 0)
(1.76888 -0.0448412 0)
(1.77205 -0.0493872 0)
(1.77493 -0.0533089 0)
(1.77734 -0.0565125 0)
(1.77945 -0.0598797 0)
(1.78065 -0.064112 0)
(1.78112 -0.0688366 0)
(1.78169 -0.0723463 0)
(1.78048 -0.0716733 0)
(1.77176 -0.0650007 0)
(1.74303 -0.0396169 0)
(1.70164 -0.0144045 0)
(1.65176 0.0189365 0)
(1.62251 0.0502845 0)
(1.60887 0.0512218 0)
(1.60823 0.0465489 0)
(1.60954 0.0429612 0)
(1.60849 0.0424627 0)
(1.60694 0.0430125 0)
(1.60592 0.0440053 0)
(1.60568 0.0441525 0)
(1.60663 0.0432399 0)
(1.60807 0.0401005 0)
(1.60999 0.0364549 0)
(1.61165 0.0355286 0)
(1.61263 0.0356389 0)
(1.614 0.0359373 0)
(1.61562 0.0361429 0)
(1.61753 0.0360057 0)
(1.61962 0.0351766 0)
(1.62196 0.0340119 0)
(1.62433 0.0335235 0)
(1.62664 0.0334685 0)
(1.62892 0.0333841 0)
(1.63123 0.0332538 0)
(1.6336 0.0332334 0)
(1.63599 0.0333593 0)
(1.63833 0.0334589 0)
(1.64078 0.0333592 0)
(1.64329 0.0330566 0)
(1.64578 0.0327644 0)
(1.64817 0.032661 0)
(1.65049 0.0329151 0)
(1.65271 0.0332438 0)
(1.65503 0.0332993 0)
(1.65753 0.0332804 0)
(1.66012 0.033129 0)
(1.66272 0.0328003 0)
(1.66524 0.0325945 0)
(1.66738 0.0328114 0)
(1.67101 0.0329882 0)
(1.86671 -0.179352 0)
(1.86198 -0.17474 0)
(1.85574 -0.168975 0)
(1.84966 -0.162548 0)
(1.84618 -0.158065 0)
(1.8419 -0.152033 0)
(1.83718 -0.146774 0)
(1.83367 -0.141317 0)
(1.83168 -0.137035 0)
(1.82884 -0.131337 0)
(1.82581 -0.126318 0)
(1.82413 -0.121619 0)
(1.82341 -0.117707 0)
(1.82178 -0.112017 0)
(1.8194 -0.106921 0)
(1.81953 -0.102992 0)
(1.81912 -0.0986675 0)
(1.81721 -0.0947067 0)
(1.81732 -0.0908354 0)
(1.81765 -0.0869631 0)
(1.81649 -0.083185 0)
(1.81742 -0.079915 0)
(1.81818 -0.0763971 0)
(1.81758 -0.0733033 0)
(1.81871 -0.0703157 0)
(1.81984 -0.0671185 0)
(1.81966 -0.0649444 0)
(1.8207 -0.0622547 0)
(1.82211 -0.059257 0)
(1.82243 -0.0570075 0)
(1.82282 -0.0548472 0)
(1.82364 -0.0522928 0)
(1.82477 -0.0492259 0)
(1.82502 -0.0465422 0)
(1.82576 -0.0444236 0)
(1.82602 -0.0427021 0)
(1.82645 -0.0400871 0)
(1.82777 -0.0366579 0)
(1.82828 -0.0342499 0)
(1.82858 -0.0332384 0)
(1.82962 -0.0317053 0)
(1.83082 -0.0302174 0)
(1.83162 -0.0294576 0)
(1.8327 -0.0284256 0)
(1.83417 -0.026898 0)
(1.83538 -0.0252654 0)
(1.8364 -0.0239398 0)
(1.83728 -0.0230465 0)
(1.8381 -0.0219003 0)
(1.8392 -0.0201212 0)
(1.84007 -0.0183954 0)
(1.84082 -0.0170496 0)
(1.84157 -0.0158151 0)
(1.84212 -0.0149324 0)
(1.84267 -0.0148311 0)
(1.84323 -0.0150597 0)
(1.84366 -0.0149419 0)
(1.84398 -0.0147537 0)
(1.84446 -0.0140563 0)
(1.84543 -0.0119526 0)
(1.84561 -0.0093625 0)
(1.84618 -0.00479388 0)
(1.84763 0.00246733 0)
(1.84759 0.00987603 0)
(1.84833 0.0185312 0)
(1.84921 0.028094 0)
(1.84988 0.0342223 0)
(1.85147 0.039073 0)
(1.85312 0.0453198 0)
(1.85392 0.0488471 0)
(1.85516 0.0463157 0)
(1.85525 0.0428482 0)
(1.85392 0.0406155 0)
(1.84723 0.0337288 0)
(1.83458 0.0215166 0)
(1.81902 0.0121086 0)
(1.79604 -0.00713253 0)
(1.78053 -0.0274075 0)
(1.77564 -0.029476 0)
(1.77701 -0.0296862 0)
(1.78003 -0.0344015 0)
(1.78125 -0.0409957 0)
(1.78325 -0.0482938 0)
(1.78593 -0.0543557 0)
(1.78765 -0.0593344 0)
(1.7894 -0.0623185 0)
(1.79045 -0.0654323 0)
(1.7914 -0.067899 0)
(1.79175 -0.0703319 0)
(1.79181 -0.0727306 0)
(1.79125 -0.0727138 0)
(1.78388 -0.0661327 0)
(1.76152 -0.0496885 0)
(1.71793 -0.0197219 0)
(1.66576 0.0304321 0)
(1.63617 0.0438974 0)
(1.62323 0.0429886 0)
(1.61884 0.0454225 0)
(1.6153 0.0486402 0)
(1.61202 0.0496375 0)
(1.61146 0.0494722 0)
(1.61197 0.048128 0)
(1.61341 0.0446107 0)
(1.61518 0.0406392 0)
(1.61594 0.0394865 0)
(1.61659 0.0396041 0)
(1.61744 0.0397083 0)
(1.61874 0.0396473 0)
(1.62047 0.0393955 0)
(1.62252 0.0382932 0)
(1.62477 0.0369104 0)
(1.62697 0.0365251 0)
(1.62907 0.0365894 0)
(1.63109 0.0366061 0)
(1.63336 0.0364006 0)
(1.63568 0.0360029 0)
(1.63796 0.0359337 0)
(1.64022 0.0359641 0)
(1.6426 0.0357355 0)
(1.64511 0.0352467 0)
(1.6476 0.0347064 0)
(1.64996 0.0343813 0)
(1.65218 0.0345676 0)
(1.65428 0.0349828 0)
(1.65641 0.0350604 0)
(1.6588 0.0349412 0)
(1.66134 0.034763 0)
(1.66397 0.0343281 0)
(1.66645 0.0340968 0)
(1.6689 0.0342022 0)
(1.67087 0.0347932 0)
(1.67445 0.0349708 0)
(1.87781 -0.172911 0)
(1.87311 -0.168733 0)
(1.86708 -0.163911 0)
(1.86107 -0.158508 0)
(1.8574 -0.154413 0)
(1.85274 -0.148772 0)
(1.84787 -0.144047 0)
(1.84412 -0.13904 0)
(1.8418 -0.134797 0)
(1.83858 -0.129497 0)
(1.83523 -0.124798 0)
(1.83356 -0.120696 0)
(1.83232 -0.116476 0)
(1.83017 -0.111208 0)
(1.82763 -0.106346 0)
(1.82773 -0.102611 0)
(1.82648 -0.0980869 0)
(1.82427 -0.0938384 0)
(1.82457 -0.0902299 0)
(1.82413 -0.0864538 0)
(1.8229 -0.0827545 0)
(1.82384 -0.0797046 0)
(1.82399 -0.0763872 0)
(1.82337 -0.0732861 0)
(1.82449 -0.0704352 0)
(1.82518 -0.0674751 0)
(1.82493 -0.0651808 0)
(1.82595 -0.0625086 0)
(1.82701 -0.0594004 0)
(1.827 -0.0574436 0)
(1.8274 -0.0548769 0)
(1.82825 -0.0522444 0)
(1.82849 -0.0494058 0)
(1.82889 -0.0465452 0)
(1.82973 -0.0436543 0)
(1.82956 -0.0421964 0)
(1.82954 -0.0399772 0)
(1.8308 -0.0368654 0)
(1.83144 -0.0343488 0)
(1.83185 -0.0334158 0)
(1.83278 -0.032101 0)
(1.83413 -0.0308417 0)
(1.83501 -0.0296508 0)
(1.83577 -0.0288486 0)
(1.83696 -0.0275914 0)
(1.83826 -0.0258593 0)
(1.83923 -0.0241589 0)
(1.83996 -0.023243 0)
(1.84061 -0.0222473 0)
(1.84182 -0.0204325 0)
(1.8427 -0.018669 0)
(1.84347 -0.0172651 0)
(1.84442 -0.0157473 0)
(1.84512 -0.0146672 0)
(1.84586 -0.0145525 0)
(1.84647 -0.0144068 0)
(1.84683 -0.0141282 0)
(1.84709 -0.0143309 0)
(1.84774 -0.0135583 0)
(1.84835 -0.0117052 0)
(1.8481 -0.00966454 0)
(1.84971 -0.00487834 0)
(1.85056 0.00179555 0)
(1.85048 0.00883326 0)
(1.85237 0.0187474 0)
(1.85325 0.0268544 0)
(1.8547 0.0320956 0)
(1.85669 0.0385057 0)
(1.85759 0.0436162 0)
(1.85844 0.044113 0)
(1.85767 0.0397757 0)
(1.85588 0.0349203 0)
(1.85055 0.0305518 0)
(1.83612 0.0181227 0)
(1.81637 -0.00198291 0)
(1.80091 -0.00818208 0)
(1.78961 -0.0185415 0)
(1.78113 -0.0310078 0)
(1.78004 -0.0381922 0)
(1.783 -0.0391672 0)
(1.78756 -0.0405881 0)
(1.79177 -0.044214 0)
(1.79393 -0.049337 0)
(1.79534 -0.0539709 0)
(1.79678 -0.0575743 0)
(1.7978 -0.0606779 0)
(1.79862 -0.0636449 0)
(1.79949 -0.0666458 0)
(1.79978 -0.070114 0)
(1.8001 -0.0727221 0)
(1.80021 -0.0739503 0)
(1.79945 -0.0730802 0)
(1.79404 -0.0679243 0)
(1.77596 -0.0555142 0)
(1.73234 -0.0166335 0)
(1.68793 0.0160858 0)
(1.65331 0.0318055 0)
(1.62893 0.0479679 0)
(1.6209 0.0556401 0)
(1.61719 0.0555723 0)
(1.61666 0.0535044 0)
(1.61838 0.0493888 0)
(1.61946 0.0452249 0)
(1.61963 0.0442093 0)
(1.61972 0.0443663 0)
(1.61989 0.0444761 0)
(1.62072 0.044148 0)
(1.62242 0.0434316 0)
(1.62457 0.0417449 0)
(1.62707 0.040014 0)
(1.62901 0.0396228 0)
(1.63068 0.0397662 0)
(1.63247 0.0398791 0)
(1.63455 0.0397719 0)
(1.63684 0.0392677 0)
(1.63908 0.0389022 0)
(1.64125 0.0388688 0)
(1.64348 0.038638 0)
(1.64597 0.0380186 0)
(1.64852 0.0372034 0)
(1.65093 0.0365911 0)
(1.65314 0.0365444 0)
(1.65519 0.0370286 0)
(1.65715 0.037341 0)
(1.65925 0.0371592 0)
(1.66174 0.0369085 0)
(1.66435 0.0363859 0)
(1.66684 0.0359604 0)
(1.66922 0.0359362 0)
(1.67155 0.0364616 0)
(1.67339 0.0371751 0)
(1.67707 0.0370957 0)
(1.88429 -0.163658 0)
(1.87969 -0.159749 0)
(1.87382 -0.155645 0)
(1.86807 -0.15098 0)
(1.86449 -0.147402 0)
(1.85955 -0.142422 0)
(1.8547 -0.138318 0)
(1.85141 -0.13391 0)
(1.84871 -0.129647 0)
(1.84509 -0.125164 0)
(1.84157 -0.120809 0)
(1.84034 -0.117377 0)
(1.83851 -0.113069 0)
(1.836 -0.108915 0)
(1.83403 -0.104317 0)
(1.83391 -0.100557 0)
(1.83213 -0.0965273 0)
(1.83042 -0.0923673 0)
(1.83096 -0.0890382 0)
(1.83004 -0.0855437 0)
(1.82898 -0.082004 0)
(1.82987 -0.0789987 0)
(1.8295 -0.0759969 0)
(1.829 -0.0729079 0)
(1.83015 -0.0700862 0)
(1.83033 -0.0675321 0)
(1.83018 -0.0651101 0)
(1.83114 -0.0622697 0)
(1.83167 -0.0593318 0)
(1.8314 -0.0575638 0)
(1.83199 -0.0545839 0)
(1.83245 -0.0511455 0)
(1.83181 -0.049251 0)
(1.8323 -0.0465566 0)
(1.83312 -0.0431711 0)
(1.8329 -0.0413696 0)
(1.83268 -0.0396267 0)
(1.83366 -0.0369563 0)
(1.83462 -0.034466 0)
(1.83517 -0.0335144 0)
(1.83596 -0.0326084 0)
(1.83705 -0.0314708 0)
(1.83813 -0.0301718 0)
(1.83876 -0.0292767 0)
(1.8395 -0.028393 0)
(1.84066 -0.0267313 0)
(1.84173 -0.02467 0)
(1.84238 -0.0236147 0)
(1.84291 -0.0228269 0)
(1.84419 -0.0211591 0)
(1.84505 -0.0195246 0)
(1.84602 -0.0179487 0)
(1.84733 -0.0161207 0)
(1.84825 -0.015072 0)
(1.84916 -0.0146445 0)
(1.84985 -0.0140584 0)
(1.85034 -0.0139799 0)
(1.85079 -0.0139857 0)
(1.85138 -0.012979 0)
(1.85143 -0.0121081 0)
(1.85191 -0.00980417 0)
(1.85341 -0.00504648 0)
(1.8529 0.000106884 0)
(1.85471 0.00821039 0)
(1.85669 0.0178682 0)
(1.85756 0.0239468 0)
(1.85972 0.0302174 0)
(1.86086 0.0368656 0)
(1.861 0.0393422 0)
(1.85979 0.0359298 0)
(1.85718 0.0302937 0)
(1.85082 0.0229916 0)
(1.83795 0.0155826 0)
(1.81807 -0.00247727 0)
(1.79991 -0.0220124 0)
(1.78956 -0.0261202 0)
(1.78673 -0.0305087 0)
(1.78667 -0.0360184 0)
(1.78835 -0.0392161 0)
(1.79143 -0.0404557 0)
(1.79538 -0.0415109 0)
(1.79945 -0.0438816 0)
(1.80203 -0.0485264 0)
(1.80265 -0.0542562 0)
(1.80331 -0.0594495 0)
(1.8045 -0.0621625 0)
(1.80516 -0.0640732 0)
(1.80569 -0.0658328 0)
(1.80586 -0.0678103 0)
(1.80606 -0.0695358 0)
(1.80608 -0.0714124 0)
(1.8064 -0.0731015 0)
(1.80637 -0.0731256 0)
(1.80285 -0.0698002 0)
(1.78805 -0.0580856 0)
(1.75203 -0.0250563 0)
(1.7091 -0.000407999 0)
(1.66014 0.0345694 0)
(1.63655 0.059609 0)
(1.62354 0.059321 0)
(1.62159 0.0547524 0)
(1.62311 0.0499956 0)
(1.62333 0.0488782 0)
(1.62308 0.0492508 0)
(1.62234 0.0499606 0)
(1.62211 0.0494253 0)
(1.62347 0.0482776 0)
(1.62604 0.045921 0)
(1.62834 0.0435369 0)
(1.63032 0.0430241 0)
(1.63199 0.0431869 0)
(1.63345 0.0433826 0)
(1.63509 0.0432227 0)
(1.63728 0.0427479 0)
(1.63952 0.0421088 0)
(1.64169 0.0419249 0)
(1.64378 0.041814 0)
(1.64611 0.0412478 0)
(1.64871 0.0402568 0)
(1.65123 0.0392845 0)
(1.65351 0.0388456 0)
(1.65559 0.0391667 0)
(1.6575 0.03973 0)
(1.65936 0.0398573 0)
(1.66153 0.0394688 0)
(1.66412 0.0389269 0)
(1.66661 0.0383827 0)
(1.66897 0.0381987 0)
(1.67125 0.0385437 0)
(1.67329 0.0395346 0)
(1.67522 0.0397999 0)
(1.67907 0.0393299 0)
(1.89145 -0.155598 0)
(1.88694 -0.152137 0)
(1.88147 -0.14921 0)
(1.87643 -0.145605 0)
(1.87301 -0.142696 0)
(1.86829 -0.138516 0)
(1.86367 -0.134832 0)
(1.86071 -0.130995 0)
(1.85752 -0.126566 0)
(1.85377 -0.122531 0)
(1.85008 -0.118602 0)
(1.84877 -0.115542 0)
(1.84638 -0.111116 0)
(1.84343 -0.107094 0)
(1.84182 -0.103189 0)
(1.84093 -0.0993524 0)
(1.83892 -0.0957467 0)
(1.83738 -0.0918588 0)
(1.83762 -0.0884132 0)
(1.83632 -0.0851709 0)
(1.83531 -0.081728 0)
(1.83598 -0.0786341 0)
(1.83521 -0.0759222 0)
(1.83478 -0.072847 0)
(1.83575 -0.0697874 0)
(1.83535 -0.0675742 0)
(1.83529 -0.0649278 0)
(1.83617 -0.0616589 0)
(1.83595 -0.0592489 0)
(1.8356 -0.0571092 0)
(1.83625 -0.0536764 0)
(1.83635 -0.0499532 0)
(1.83548 -0.0484892 0)
(1.83576 -0.0457423 0)
(1.8364 -0.0422654 0)
(1.83621 -0.0402512 0)
(1.83609 -0.0390227 0)
)
;

boundaryField
{
    inlet
    {
        type            fixedValue;
        value           nonuniform 0();
    }
    outlet
    {
        type            inletOutlet;
        inletValue      uniform (2 0 0);
        value           nonuniform List<vector> 
18
(
(1.39576 0.00440097 0)
(1.40287 0.00918299 0)
(1.41426 0.0149059 0)
(1.4344 0.0127192 0)
(1.46312 0.0233931 0)
(1.4989 0.0182376 0)
(1.53619 0.02488 0)
(1.57118 0.0230971 0)
(1.60022 0.0272551 0)
(1.62288 0.0271859 0)
(1.63961 0.0289064 0)
(1.65178 0.0288414 0)
(1.66037 0.0299273 0)
(1.66652 0.0311192 0)
(1.67101 0.0329882 0)
(1.67445 0.0349708 0)
(1.67707 0.0370957 0)
(1.67907 0.0393299 0)
)
;
    }
    bottom
    {
        type            symmetryPlane;
    }
    top
    {
        type            symmetryPlane;
    }
    obstacle
    {
        type            slip;
    }
    front
    {
        type            empty;
    }
    back
    {
        type            empty;
    }
    procBoundary7to6
    {
        type            processor;
        value           nonuniform List<vector> 
18
(
(1.12005 -0.0455899 0)
(1.20634 -0.0895208 0)
(1.34792 -0.151714 0)
(1.51419 -0.179124 0)
(1.63746 -0.221799 0)
(1.70939 -0.23285 0)
(1.74691 -0.243228 0)
(1.76934 -0.239983 0)
(1.78497 -0.23625 0)
(1.79878 -0.228855 0)
(1.81165 -0.22265 0)
(1.82385 -0.213623 0)
(1.83754 -0.208984 0)
(1.84808 -0.199178 0)
(1.86322 -0.194834 0)
(1.87427 -0.184934 0)
(1.88466 -0.17707 0)
(1.89069 -0.16738 0)
)
;
    }
    procBoundary7to14
    {
        type            processor;
        value           uniform (1.89707 -0.158948 0);
    }
    procBoundary7to15
    {
        type            processor;
        value           nonuniform List<vector> 
133
(
(1.83666 -0.0368922 0)
(1.83785 -0.0348988 0)
(1.83857 -0.0335263 0)
(1.8392 -0.0328549 0)
(1.8402 -0.0319049 0)
(1.84124 -0.0307807 0)
(1.84194 -0.0295224 0)
(1.84238 -0.0287492 0)
(1.84336 -0.0271862 0)
(1.84447 -0.024966 0)
(1.84508 -0.0239315 0)
(1.84577 -0.0231618 0)
(1.84698 -0.0217379 0)
(1.84768 -0.0205026 0)
(1.84894 -0.0188242 0)
(1.85034 -0.0171274 0)
(1.85132 -0.0162489 0)
(1.85246 -0.0153378 0)
(1.85331 -0.0146396 0)
(1.85397 -0.0143595 0)
(1.85464 -0.0137262 0)
(1.85509 -0.0132323 0)
(1.85516 -0.0123692 0)
(1.85628 -0.00959777 0)
(1.85619 -0.00622174 0)
(1.85665 -0.000665143 0)
(1.85971 0.00799801 0)
(1.86048 0.0153033 0)
(1.86196 0.0211541 0)
(1.86369 0.028913 0)
(1.8631 0.0326932 0)
(1.86096 0.0301743 0)
(1.85818 0.0258063 0)
(1.85091 0.0176665 0)
(1.83738 0.0078551 0)
(1.81687 -0.00709968 0)
(1.79965 -0.028029 0)
(1.79167 -0.033502 0)
(1.78943 -0.0299603 0)
(1.79237 -0.031444 0)
(1.79424 -0.0345566 0)
(1.79545 -0.0394147 0)
(1.79752 -0.0445446 0)
(1.80042 -0.046428 0)
(1.80366 -0.0476204 0)
(1.80668 -0.0501491 0)
(1.80774 -0.0535019 0)
(1.80817 -0.0572945 0)
(1.80894 -0.059982 0)
(1.8097 -0.0621907 0)
(1.8101 -0.064547 0)
(1.81095 -0.0663907 0)
(1.81141 -0.0685066 0)
(1.81162 -0.070779 0)
(1.81214 -0.0719535 0)
(1.81245 -0.0728398 0)
(1.81275 -0.0731684 0)
(1.81052 -0.070964 0)
(1.79908 -0.06079 0)
(1.77007 -0.0386632 0)
(1.72301 -0.00670508 0)
(1.67111 0.0460321 0)
(1.64217 0.0559688 0)
(1.62973 0.0512682 0)
(1.62876 0.053272 0)
(1.62592 0.0550602 0)
(1.62421 0.0565902 0)
(1.62316 0.0561175 0)
(1.62394 0.0541151 0)
(1.62633 0.0513284 0)
(1.6288 0.0481748 0)
(1.6308 0.047037 0)
(1.63259 0.0472043 0)
(1.63395 0.0475417 0)
(1.63523 0.0473515 0)
(1.63723 0.0465316 0)
(1.63949 0.0454502 0)
(1.64167 0.0449737 0)
(1.64375 0.0450228 0)
(1.6458 0.044803 0)
(1.64829 0.043964 0)
(1.65092 0.0427375 0)
(1.65333 0.0417851 0)
(1.65546 0.0416484 0)
(1.6574 0.0422517 0)
(1.65917 0.042741 0)
(1.66105 0.0425148 0)
(1.6635 0.0418126 0)
(1.66595 0.0410875 0)
(1.66834 0.0407684 0)
(1.67059 0.0410124 0)
(1.67272 0.0419007 0)
(1.67449 0.0429436 0)
(1.67673 0.0425664 0)
(1.68067 0.0417645 0)
(1.89638 -0.146784 0)
(1.89182 -0.143629 0)
(1.88644 -0.141359 0)
(1.8815 -0.138282 0)
(1.87807 -0.135651 0)
(1.87315 -0.132474 0)
(1.86862 -0.129075 0)
(1.86619 -0.125682 0)
(1.8625 -0.121474 0)
(1.85873 -0.118141 0)
(1.85593 -0.114479 0)
(1.85438 -0.111243 0)
(1.85177 -0.107413 0)
(1.84883 -0.103665 0)
(1.84801 -0.10046 0)
(1.84651 -0.0966791 0)
(1.84435 -0.0933728 0)
(1.84341 -0.0898594 0)
(1.84323 -0.0864401 0)
(1.84169 -0.083553 0)
(1.84095 -0.0803563 0)
(1.84139 -0.0773298 0)
(1.84036 -0.0749186 0)
(1.84014 -0.0718707 0)
(1.8407 -0.0686455 0)
(1.83987 -0.0668016 0)
(1.83985 -0.0640266 0)
(1.84037 -0.0603286 0)
(1.83962 -0.0583548 0)
(1.83907 -0.0561804 0)
(1.83951 -0.0524163 0)
(1.83934 -0.0486353 0)
(1.83832 -0.0472557 0)
(1.83838 -0.0448616 0)
(1.83925 -0.0415943 0)
(1.83931 -0.0392988 0)
(1.83666 -0.0368922 0)
(1.83939 -0.0383672 0)
)
;
    }
}


// ************************************************************************* //
