/*--------------------------------*- C++ -*----------------------------------*\
  =========                 |
  \\      /  F ield         | OpenFOAM: The Open Source CFD Toolbox
   \\    /   O peration     | Website:  https://openfoam.org
    \\  /    A nd           | Version:  7
     \\/     M anipulation  |
\*---------------------------------------------------------------------------*/
FoamFile
{
    version     2.0;
    format      ascii;
    class       volVectorField;
    location    "18";
    object      U;
}
// * * * * * * * * * * * * * * * * * * * * * * * * * * * * * * * * * * * * * //

dimensions      [0 1 -1 0 0 0 0];

internalField   nonuniform List<vector> 
2418
(
(2 1.55375e-15 0)
(2 3.06936e-16 0)
(2 2.875e-16 0)
(2 -1.4801e-15 0)
(2 -2.54871e-15 0)
(2 -3.00002e-15 0)
(2 -2.27721e-15 0)
(2 -1.36998e-15 0)
(2 -1.51899e-15 0)
(2 -1.9209e-15 0)
(2 -2.1832e-15 0)
(2 -1.41698e-15 0)
(2 7.27378e-16 0)
(2 1.99899e-15 0)
(2 1.79735e-15 0)
(2 7.82412e-16 0)
(2 -9.96465e-17 0)
(2 -1.27033e-15 0)
(2 -1.96909e-15 0)
(2 -2.07905e-15 0)
(2 -1.97483e-15 0)
(2 -1.70108e-15 0)
(2 -1.60256e-15 0)
(2 -1.33336e-15 0)
(2 -1.49947e-15 0)
(2 -1.70564e-15 0)
(2 -2.25431e-15 0)
(2 -3.84195e-15 0)
(2 -6.08135e-15 0)
(2 -5.59683e-15 0)
(2 -4.53382e-15 0)
(2 -3.49716e-15 0)
(2 -1.95878e-15 0)
(2 -3.52824e-16 0)
(2 1.60212e-17 0)
(2 9.4157e-16 0)
(2 5.75029e-16 0)
(2 -5.79598e-16 0)
(2 -2.12944e-15 0)
(2 -2.57161e-15 0)
(2 -2.74001e-15 0)
(2 -2.98807e-15 0)
(2 -3.41632e-15 0)
(2 -3.40718e-15 0)
(2 -3.41862e-15 0)
(2 -2.43466e-15 0)
(2 -2.19754e-15 0)
(2 -3.10476e-15 0)
(2 -2.58021e-15 0)
(2 -2.05217e-15 0)
(2 -3.40184e-15 0)
(2 -3.34766e-15 0)
(2 -3.76569e-15 0)
(2 -3.79892e-15 0)
(2 -3.49308e-15 0)
(2 -3.3972e-15 0)
(2 -3.71279e-15 0)
(2 -4.3354e-15 0)
(2 -4.10595e-15 0)
(2 -4.52325e-15 0)
(2 -4.96965e-15 0)
(2 -3.72455e-15 0)
(2 -4.69743e-15 0)
(2 -5.32822e-15 0)
(2 -4.50606e-15 0)
(2 -4.13453e-15 0)
(2 -4.26393e-15 0)
(2 -4.44527e-15 0)
(2 -4.6385e-15 0)
(2 -3.65034e-15 0)
(2 -2.60192e-15 0)
(2 -3.02829e-15 0)
(2 -2.48137e-15 0)
(2 -1.94011e-15 0)
(2 -9.41876e-16 0)
(2 -1.40443e-15 0)
(2 -1.988e-15 0)
(2 -1.39044e-15 0)
(2 -1.30366e-15 0)
(2 -1.22092e-15 0)
(2 -4.33974e-16 0)
(2 4.17437e-16 0)
(2 2.92452e-15 0)
(2 4.24655e-15 0)
(2 4.43152e-15 0)
(2 3.98677e-15 0)
(2 3.36362e-15 0)
(2 3.37858e-15 0)
(2 3.15182e-15 0)
(2 1.91814e-15 0)
(2 5.95126e-16 0)
(2 9.46314e-17 0)
(2 -2.90353e-16 0)
(2 -4.54137e-16 0)
(2 -1.01312e-16 0)
(2 3.2136e-16 0)
(2 4.81826e-16 0)
(2 8.02526e-16 0)
(2 9.85794e-16 0)
(2 1.62264e-15 0)
(2 2.61807e-15 0)
(2 2.43827e-15 0)
(2 2.78414e-15 0)
(2 3.57449e-15 0)
(2 3.37402e-15 0)
(2 2.67989e-15 0)
(2 1.1129e-15 0)
(2 1.86209e-16 0)
(2 1.51843e-16 0)
(2 -8.75811e-17 0)
(2 -6.58092e-17 0)
(2 2.03385e-16 0)
(2 2.12606e-17 0)
(2 -5.49188e-16 0)
(2 -1.16661e-15 0)
(2 -2.35332e-15 0)
(2 -3.09788e-15 0)
(2 -4.10934e-15 0)
(2 -3.78975e-15 0)
(2 -3.57783e-15 0)
(2 -2.79087e-15 0)
(2 -1.26852e-15 0)
(2 -1.32466e-15 0)
(2 -9.74138e-16 0)
(2 -2.24741e-15 0)
(2 -2.58097e-15 0)
(2 -3.92718e-15 0)
(2 -3.68206e-15 0)
(2 -1.70497e-15 0)
(2 -9.12522e-16 0)
(2 -5.23423e-15 0)
(2 -4.93268e-15 0)
(2 -5.24539e-15 0)
(2 -5.34962e-15 0)
(2 -4.50425e-15 0)
(2 -4.09532e-15 0)
(2 -2.29577e-15 0)
(2 -1.23859e-15 0)
(2 -2.38752e-15 0)
(2 -3.21227e-15 0)
(2 -3.08742e-15 0)
(2 -3.20194e-15 0)
(2 -3.95681e-15 0)
(2 -4.97739e-15 0)
(2 -5.96404e-15 0)
(2 -5.7091e-15 0)
(2 -5.41837e-15 0)
(2 -5.74484e-15 0)
(2 -5.30956e-15 0)
(2 -4.87927e-15 0)
(2 -5.4514e-15 0)
(2 -5.98888e-15 0)
(2 -5.79411e-15 0)
(2 -6.36456e-15 0)
(2 -6.39814e-15 0)
(2 -5.57499e-15 0)
(2 -6.12274e-15 0)
(2 -6.92921e-15 0)
(2 -7.59363e-15 0)
(2 -6.66951e-15 0)
(2 -4.80394e-15 0)
(2 -2.65808e-15 0)
(2 -3.91587e-16 0)
(2 7.37499e-16 0)
(2 8.51529e-16 0)
(2 1.49017e-15 0)
(2 1.04136e-15 0)
(2 1.61729e-15 0)
(2 1.77394e-15 0)
(2 1.52837e-15 0)
(2 2.04219e-15 0)
(2 2.33725e-15 0)
(2 3.25669e-15 0)
(2 2.9458e-15 0)
(2 2.21615e-15 0)
(2 1.25853e-15 0)
(2 1.19555e-15 0)
(2 -1.4001e-15 0)
(2 -2.99462e-15 0)
(2 -2.32794e-15 0)
(2 -1.44937e-15 0)
(2 -2.50042e-16 0)
(2 4.4337e-17 0)
(2 -9.48799e-16 0)
(2 -4.05881e-16 0)
(2 6.58254e-16 0)
(2 8.82757e-16 0)
(2 -5.94809e-16 0)
(2 -1.55016e-15 0)
(2 -1.95109e-15 0)
(2 -1.82855e-15 0)
(2 -4.84891e-16 0)
(2 6.86981e-16 0)
(2 6.21709e-16 0)
(2 -1.64076e-16 0)
(2 -1.42525e-15 0)
(2 -2.45961e-15 0)
(2 -3.76776e-15 0)
(2 -4.65437e-15 0)
(2 -4.85827e-15 0)
(2 -4.94762e-15 0)
(2 -5.49172e-15 0)
(2 -5.46194e-15 0)
(2 -4.56618e-15 0)
(2 -3.60852e-15 0)
(2 -4.31868e-15 0)
(2 -5.37252e-15 0)
(2 -5.88685e-15 0)
(2 -5.87541e-15 0)
(2 -5.85365e-15 0)
(2 -6.38744e-15 0)
(2 -6.26145e-15 0)
(2 -6.50306e-15 0)
(2 -6.50662e-15 0)
(2 -6.58337e-15 0)
(2 -6.8915e-15 0)
(2 -6.43099e-15 0)
(2 -5.73589e-15 0)
(2 -1.90321e-15 0)
(2 -1.78698e-15 0)
(2 -1.48569e-15 0)
(2 -1.83391e-15 0)
(2 -1.85337e-15 0)
(2 -9.31249e-16 0)
(2 -6.48317e-16 0)
(2 1.08809e-16 0)
(2 1.45563e-15 0)
(2 1.99253e-16 0)
(2 -1.41016e-15 0)
(2 -1.47887e-15 0)
(2 -8.5801e-16 0)
(2 5.67881e-16 0)
(2 7.74864e-16 0)
(2 1.06066e-15 0)
(2 9.23232e-16 0)
(2 -8.67369e-16 0)
(2 -2.62087e-15 0)
(2 -3.40959e-15 0)
(2 -3.99665e-15 0)
(2 -4.16957e-15 0)
(2 -4.03232e-15 0)
(2 -3.73083e-15 0)
(2 -4.83797e-15 0)
(2 -6.24635e-15 0)
(2 -6.78352e-15 0)
(2 -6.43098e-15 0)
(2 -4.56589e-15 0)
(2 -4.08994e-15 0)
(2 -2.82482e-15 0)
(2 -1.10145e-15 0)
(2 1.97698e-15 0)
(2 3.52622e-15 0)
(2 3.4541e-15 0)
(2 2.31602e-15 0)
(2 1.56602e-15 0)
(2 1.65623e-15 0)
(2 1.03858e-15 0)
(2 4.92985e-16 0)
(2 7.00867e-16 0)
(2 1.01992e-15 0)
(2 3.67586e-16 0)
(2 5.33704e-16 0)
(2 5.09646e-16 0)
(2 3.13767e-16 0)
(2 1.41926e-16 0)
(2 -1.38961e-16 0)
(2 5.92119e-16 0)
(2 1.30234e-15 0)
(2 2.61164e-15 0)
(2 2.77429e-15 0)
(2 4.27344e-15 0)
(2 4.17859e-15 0)
(2 3.35153e-15 0)
(2 2.3916e-15 0)
(2 1.7868e-15 0)
(2 1.48899e-15 0)
(2 -1.4445e-16 0)
(2 -4.35635e-16 0)
(2 -5.6939e-16 0)
(2 -1.26353e-15 0)
(2 -2.34256e-15 0)
(2 -3.10315e-15 0)
(2 -3.60513e-15 0)
(2 -3.905e-15 0)
(2 -3.71829e-15 0)
(2 -3.63353e-15 0)
(2 -3.70912e-15 0)
(2 -4.8468e-15 0)
(2 -5.09169e-15 0)
(2 -4.93248e-15 0)
(2 -4.02522e-15 0)
(2 -3.17415e-15 0)
(2 -2.27863e-15 0)
(2 -9.09531e-16 0)
(2 -1.36314e-15 0)
(2 -1.51892e-15 0)
(2 -2.76865e-15 0)
(2 -4.05751e-15 0)
(2 -4.42609e-15 0)
(2 -4.88656e-15 0)
(2 -4.06586e-15 0)
(2 -3.71386e-15 0)
(2 -2.76401e-15 0)
(2 -2.80665e-15 0)
(2 -3.6575e-15 0)
(2 -3.07428e-15 0)
(2 -4.13356e-16 0)
(2 -1.63632e-16 0)
(2 -6.96745e-17 0)
(2 -7.46621e-16 0)
(2 -2.12689e-15 0)
(2 -2.5736e-15 0)
(2 -3.05927e-15 0)
(2 -2.87142e-15 0)
(2 -1.5506e-15 0)
(2 -1.52084e-16 0)
(2 9.76209e-17 0)
(2 -1.61265e-16 0)
(2 -9.41343e-16 0)
(2 -1.29292e-15 0)
(2 -9.16464e-16 0)
(2 -6.58879e-16 0)
(2 -9.3678e-16 0)
(2 -1.62047e-15 0)
(2 -2.44882e-15 0)
(2 -2.18346e-15 0)
(2 -9.28087e-16 0)
(2 -8.02748e-16 0)
(2 -1.39252e-15 0)
(2 -2.33308e-15 0)
(2 -3.0516e-15 0)
(2 -3.58099e-15 0)
(2 -4.32166e-15 0)
(2 -4.25966e-15 0)
(2 -3.58623e-15 0)
(2 -2.61325e-15 0)
(2 -1.24944e-15 0)
(2 8.13271e-16 0)
(2 1.55135e-15 0)
(2 5.29481e-16 0)
(2 7.5542e-17 0)
(2 -7.32189e-16 0)
(2 -1.43765e-15 0)
(2 -2.0678e-15 0)
(2 -2.16689e-15 0)
(2 -1.1387e-15 0)
(2 -2.67176e-16 0)
(2 -1.1125e-16 0)
(2 -4.80775e-16 0)
(2 -6.38936e-16 0)
(2 -1.02952e-15 0)
(2 -1.49574e-15 0)
(2 -1.53698e-15 0)
(2 -7.92301e-16 0)
(2 2.31645e-16 0)
(2 5.43234e-16 0)
(2 6.76082e-16 0)
(2 2.57967e-16 0)
(2 4.90588e-16 0)
(2 8.65026e-16 0)
(2 7.93993e-16 0)
(2 2.71674e-16 0)
(2 -1.71683e-16 0)
(2 -2.30082e-16 0)
(2 -4.81111e-16 0)
(2 -8.07267e-16 0)
(2 -1.12924e-15 0)
(2 -2.28158e-15 0)
(2 -3.57596e-15 0)
(2 -4.57731e-15 0)
(2 -4.62973e-15 0)
(2 -5.14071e-15 0)
(2 -5.42021e-15 0)
(2 -4.8131e-15 0)
(2 -4.94614e-15 0)
(2 -5.31811e-15 0)
(2 -5.26666e-15 0)
(2 -4.84741e-15 0)
(2 -3.73058e-15 0)
(2 -3.26685e-15 0)
(2 -2.19556e-15 0)
(2 -2.14069e-15 0)
(2 -1.81533e-15 0)
(2 -1.42244e-15 0)
(2 -1.91288e-15 0)
(2 -2.42689e-15 0)
(2 -2.08561e-15 0)
(2 -1.92409e-15 0)
(2 -1.46704e-15 0)
(2 -1.14743e-15 0)
(2 -1.67107e-15 0)
(2 -1.24007e-15 0)
(2 -1.41204e-15 0)
(2 -1.05918e-15 0)
(2 -6.06498e-16 0)
(2 -9.636e-16 0)
(2 -1.55699e-15 0)
(2 -2.29352e-15 0)
(2 -3.77345e-15 0)
(2 -4.69441e-15 0)
(2 -5.02657e-15 0)
(2 -5.09644e-15 0)
(2 -4.56152e-15 0)
(2 -3.38968e-15 0)
(2 -1.88914e-15 0)
(2 -7.31088e-16 0)
(2 4.16647e-16 0)
(2 4.95662e-16 0)
(2 2.14793e-16 0)
(2 -7.51262e-16 0)
(2 -1.10918e-15 0)
(2 -7.68964e-16 0)
(2 -1.38294e-15 0)
(2 -7.56485e-16 0)
(2 -1.865e-16 0)
(2 -7.81458e-16 0)
(2 -1.85824e-15 0)
(2 -3.10909e-15 0)
(2 -2.37392e-15 0)
(2 -1.11772e-15 0)
(2 1.02611e-15 0)
(2 1.69164e-15 0)
(2 1.22887e-15 0)
(2 2.48455e-15 0)
(2 3.64509e-15 0)
(2 3.61699e-15 0)
(2 2.0459e-15 0)
(2 -1.14755e-16 0)
(2 1.57592e-16 0)
(2 2.80913e-16 0)
(2 3.45442e-16 0)
(2 -4.0525e-16 0)
(2 -5.53531e-16 0)
(2 9.55979e-16 0)
(2 1.74594e-15 0)
(2 8.25397e-16 0)
(2 3.89401e-17 0)
(2 -7.88318e-16 0)
(2 -1.26144e-15 0)
(2 -1.07016e-15 0)
(2 -2.82055e-16 0)
(2 2.81486e-16 0)
(2 7.59165e-16 0)
(2 1.61198e-16 0)
(2 -9.23587e-16 0)
(2 -1.20193e-15 0)
(2 -2.93046e-15 0)
(2 -3.00146e-15 0)
(2 -2.46079e-15 0)
(2 -2.45737e-15 0)
(2 -2.43333e-15 0)
(2 -2.23974e-15 0)
(2 -2.42115e-15 0)
(2 -2.79778e-15 0)
(2 -2.64176e-15 0)
(2 -2.63031e-15 0)
(2 -2.77924e-15 0)
(2 -3.75223e-15 0)
(2 -3.92041e-15 0)
(2 -4.72542e-15 0)
(2 -6.045e-15 0)
(2 -6.55931e-15 0)
(2 -5.95037e-15 0)
(2 -4.96045e-15 0)
(2 -2.83762e-15 0)
(2 -2.70929e-15 0)
(2 -3.02772e-15 0)
(2 -2.95262e-15 0)
(2 -2.14598e-15 0)
(2 -1.75741e-15 0)
(2 -1.64856e-15 0)
(2 -1.77573e-15 0)
(2 -1.62272e-15 0)
(2 -1.12424e-15 0)
(2 -9.43009e-16 0)
(2 -1.11485e-15 0)
(2 -4.29851e-16 0)
(2 -2.51146e-16 0)
(2 -2.03493e-16 0)
(2 -2.43317e-16 0)
(2 -2.61395e-16 0)
(2 -5.81862e-16 0)
(2 2.86378e-15 0)
(2 1.7252e-15 0)
(2 -6.06026e-17 0)
(2 -9.81584e-16 0)
(2 -1.72274e-15 0)
(2 -1.91977e-15 0)
(2 -1.37566e-15 0)
(2 -1.17518e-15 0)
(2 -1.27516e-15 0)
(2 -1.33667e-15 0)
(2 7.36646e-16 0)
(2 2.57282e-15 0)
(2 4.39525e-15 0)
(2 5.39946e-15 0)
(2 5.66783e-15 0)
(2 5.00228e-15 0)
(2 4.62658e-15 0)
(2 4.99386e-15 0)
(2 4.24392e-15 0)
(2 3.5556e-15 0)
(2 2.27497e-15 0)
(2 1.84312e-15 0)
(2 1.44644e-15 0)
(2 1.48456e-15 0)
(2 2.17984e-15 0)
(2 3.93013e-15 0)
(2 5.24288e-15 0)
(2 6.39831e-15 0)
(2 5.2005e-15 0)
(2 4.57727e-15 0)
(2 2.94813e-15 0)
(2 1.45022e-15 0)
(2 9.50424e-16 0)
(2 6.55943e-16 0)
(2 1.23489e-15 0)
(2 2.38955e-15 0)
(2 2.62354e-15 0)
(2 1.98747e-15 0)
(2 1.77981e-15 0)
(2 1.84202e-15 0)
(2 1.95656e-15 0)
(2 1.84314e-15 0)
(2 1.69268e-15 0)
(2 2.063e-15 0)
(2 1.33443e-15 0)
(2 2.17289e-15 0)
(2 2.36418e-15 0)
(2 2.06945e-15 0)
(2 1.86818e-15 0)
(2 1.41802e-15 0)
(2 4.0773e-16 0)
(2 1.19813e-15 0)
(2 1.73961e-15 0)
(2 1.94729e-15 0)
(2 2.14316e-15 0)
(2 2.07902e-15 0)
(2 2.03551e-15 0)
(2 1.95762e-15 0)
(2 2.04419e-15 0)
(2 2.15798e-15 0)
(2 1.89805e-15 0)
(2 2.07905e-15 0)
(2 1.94156e-15 0)
(2 1.07279e-15 0)
(2 1.14413e-16 0)
(2 -1.30702e-15 0)
(2 -8.56819e-16 0)
(2 -4.77642e-16 0)
(2 1.5803e-15 0)
(2 2.88883e-15 0)
(2 2.98173e-15 0)
(2 2.83514e-15 0)
(2 2.82486e-15 0)
(2 3.04658e-15 0)
(2 3.09623e-15 0)
(2 3.80308e-15 0)
(2 3.95084e-15 0)
(2 3.60603e-15 0)
(2 3.45777e-15 0)
(2 3.27945e-15 0)
(2 3.6564e-15 0)
(2 3.95079e-15 0)
(2 3.73261e-15 0)
(2 3.09079e-15 0)
(2 4.92511e-15 0)
(2 4.89459e-15 0)
(2 4.34828e-15 0)
(2 4.07343e-15 0)
(2 1.66006e-15 0)
(2 5.94867e-16 0)
(2 1.58441e-16 0)
(2 1.57263e-16 0)
(2 1.30155e-15 0)
(2 3.09421e-15 0)
(2 4.43786e-15 0)
(2 5.04728e-15 0)
(2 4.24937e-15 0)
(2 2.69908e-15 0)
(2 2.52038e-15 0)
(2 2.66469e-15 0)
(2 1.98884e-15 0)
(2 2.17029e-15 0)
(2 3.40359e-15 0)
(2 5.59451e-15 0)
(2 6.98075e-15 0)
(2 7.21834e-15 0)
(2 6.17891e-15 0)
(2 5.73005e-15 0)
(2 4.82134e-15 0)
(2 4.65896e-15 0)
(2 5.29863e-15 0)
(2 6.52722e-15 0)
(2 7.9168e-15 0)
(2 8.00116e-15 0)
(2 8.2041e-15 0)
(2 7.86098e-15 0)
(2 6.65092e-15 0)
(2 5.3842e-15 0)
(2 3.12149e-15 0)
(2 8.1368e-16 0)
(2 1.79899e-16 0)
(2 3.27835e-16 0)
(2 -5.96312e-16 0)
(2 -9.50644e-16 0)
(2 -7.25265e-16 0)
(2 -2.56522e-16 0)
(2 6.84642e-16 0)
(2 -3.99309e-16 0)
(2 -1.09728e-15 0)
(2 -2.10336e-16 0)
(2 -4.55849e-16 0)
(2 -4.9918e-16 0)
(2 -4.63682e-16 0)
(2 -3.78919e-16 0)
(2 -8.82134e-19 0)
(2 1.43601e-15 0)
(2 1.15259e-15 0)
(2 8.11246e-16 0)
(2 1.20759e-15 0)
(2 1.8296e-15 0)
(2 2.53227e-15 0)
(2 2.89148e-15 0)
(2 3.14462e-15 0)
(2 3.27752e-15 0)
(2 3.60969e-15 0)
(2 3.6555e-15 0)
(2 3.60278e-15 0)
(2 3.50472e-15 0)
(2 3.18926e-15 0)
(2 2.50884e-15 0)
(2 2.3118e-15 0)
(2 1.92806e-15 0)
(2 1.50763e-16 0)
(2 1.11021e-15 0)
(2 2.11939e-15 0)
(2 2.84335e-15 0)
(2 2.32562e-15 0)
(2 2.14397e-15 0)
(2 2.44017e-15 0)
(2 3.15379e-15 0)
(2 4.09304e-15 0)
(2 4.87088e-15 0)
(2 5.1188e-15 0)
(2 5.58225e-15 0)
(2 5.90183e-15 0)
(2 5.9923e-15 0)
(2 5.76548e-15 0)
(2 5.1245e-15 0)
(2 5.10112e-15 0)
(2 5.02667e-15 0)
(2 5.79863e-15 0)
(2 6.27206e-15 0)
(2 6.62003e-15 0)
(2 6.38569e-15 0)
(2 5.79757e-15 0)
(2 5.56673e-15 0)
(2 2.00459e-15 0)
(2 2.05273e-15 0)
(2 1.68274e-15 0)
(2 2.5384e-15 0)
(2 3.46163e-15 0)
(2 3.42153e-15 0)
(2 3.33218e-15 0)
(2 3.30929e-15 0)
(2 2.98742e-15 0)
(2 1.89349e-15 0)
(2 3.13869e-16 0)
(2 1.2373e-16 0)
(2 4.27291e-16 0)
(2 1.13749e-15 0)
(2 2.85195e-15 0)
(2 4.43732e-15 0)
(2 5.38262e-15 0)
(2 5.5247e-15 0)
(2 5.14326e-15 0)
(2 4.75237e-15 0)
(2 4.83485e-15 0)
(2 4.30362e-15 0)
(2 5.50411e-15 0)
(2 6.99897e-15 0)
(2 7.15669e-15 0)
(2 7.15441e-15 0)
(2 5.14551e-15 0)
(2 3.19363e-15 0)
(2 3.26581e-15 0)
(2 3.40069e-15 0)
(2 3.25292e-15 0)
(2 2.92068e-15 0)
(2 2.26785e-15 0)
(2 2.09924e-15 0)
(2 7.17997e-16 0)
(2 -1.35238e-16 0)
(2 -1.96969e-16 0)
(2 -3.88527e-16 0)
(2 -4.67288e-16 0)
(2 -6.16478e-16 0)
(2 -1.13537e-15 0)
(2 -1.34274e-15 0)
(2 -1.97733e-15 0)
(2 -1.84304e-15 0)
(2 -8.9229e-16 0)
(2 -1.23821e-15 0)
(2 -1.92548e-15 0)
(2 -2.22215e-15 0)
(2 -1.79033e-15 0)
(2 7.33349e-17 0)
(2 4.28439e-16 0)
(2 -1.05351e-16 0)
(2 -2.72586e-16 0)
(2 -2.47367e-16 0)
(2 -1.32817e-16 0)
(2 2.38313e-16 0)
(2 7.70963e-16 0)
(2 1.27496e-15 0)
(2 2.14779e-15 0)
(2 2.52578e-15 0)
(2 2.53266e-15 0)
(2 2.23597e-15 0)
(2 1.49827e-15 0)
(2 1.20274e-15 0)
(2 2.61397e-15 0)
(2 3.06758e-15 0)
(2 2.6873e-15 0)
(2 1.95763e-15 0)
(2 1.07447e-15 0)
(2 3.45954e-16 0)
(2 4.06671e-16 0)
(2 5.75047e-16 0)
(2 1.43643e-15 0)
(2 2.68501e-15 0)
(2 3.66324e-15 0)
(2 4.14893e-15 0)
(2 4.66897e-15 0)
(2 4.68731e-15 0)
(2 4.5911e-15 0)
(2 4.40555e-15 0)
(2 3.43535e-15 0)
(2 2.21314e-15 0)
(2 2.21604e-15 0)
(2 3.23895e-15 0)
(2 4.37577e-15 0)
(2 5.46053e-15 0)
(2 5.64724e-15 0)
(2 5.53201e-15 0)
(2 3.27615e-15 0)
(2 3.61852e-15 0)
(2 4.19746e-15 0)
(2 4.04169e-15 0)
(2 3.45407e-15 0)
(2 2.20663e-15 0)
(2 1.32176e-16 0)
(2 -3.45486e-16 0)
(2 7.38136e-17 0)
(2 1.31268e-15 0)
(2 2.79998e-15 0)
(2 4.03595e-15 0)
(2 4.72211e-15 0)
(2 4.13459e-15 0)
(2 3.78359e-15 0)
(2 3.60715e-15 0)
(2 3.21936e-15 0)
(2 2.85976e-15 0)
(2 3.87801e-15 0)
(2 3.41825e-15 0)
(2 3.66674e-15 0)
(2 3.63628e-15 0)
(2 3.95251e-15 0)
(2 3.74743e-15 0)
(2 3.52704e-15 0)
(2 2.57848e-15 0)
(2 1.66259e-15 0)
(2 1.57445e-15 0)
(2 2.20324e-15 0)
(2 3.0417e-15 0)
(2 2.53359e-15 0)
(2 2.63349e-15 0)
(2 2.16272e-15 0)
(2 2.43921e-15 0)
(2 1.57165e-15 0)
(2 -1.80923e-16 0)
(2 -1.32293e-15 0)
(2 -1.42717e-15 0)
(2 -8.98552e-16 0)
(2 -6.0353e-16 0)
(2 -6.52858e-16 0)
(2 -2.19695e-15 0)
(2 -2.64823e-15 0)
(2 -2.72569e-15 0)
(2 -3.27716e-15 0)
(2 -3.83913e-15 0)
(2 -3.76125e-15 0)
(2 -3.72338e-15 0)
(2 -3.17018e-15 0)
(2 -3.03316e-15 0)
(2 -2.71767e-15 0)
(2 -2.87461e-15 0)
(2 -3.01316e-15 0)
(2 -2.9021e-15 0)
(2 -2.58184e-15 0)
(2 -1.88376e-15 0)
(2 -2.38089e-15 0)
(2 -1.9525e-15 0)
(2 -6.14583e-16 0)
(2 8.05361e-16 0)
(2 1.33961e-15 0)
(2 1.18724e-15 0)
(2 1.49458e-16 0)
(2 1.10522e-16 0)
(2 6.25517e-16 0)
(2 1.04861e-15 0)
(2 6.87774e-16 0)
(2 -1.83937e-16 0)
(2 -2.73271e-16 0)
(2 -3.48166e-16 0)
(2 -4.48561e-16 0)
(2 -7.20044e-16 0)
(2 -1.23436e-15 0)
(2 -6.88482e-16 0)
(2 -5.25777e-16 0)
(2 6.05236e-16 0)
(2 2.31546e-15 0)
(2 2.1574e-15 0)
(2 2.53154e-15 0)
(2 2.64271e-15 0)
(2 2.3304e-15 0)
(2 1.16083e-15 0)
(2 -6.22658e-16 0)
(2 -2.05336e-15 0)
(2 -1.84597e-15 0)
(2 7.62971e-16 0)
(2 2.58929e-15 0)
(2 2.3348e-15 0)
(2 -3.86338e-16 0)
(2 7.6401e-16 0)
(2 1.4089e-15 0)
(2 1.75256e-15 0)
(2 2.63229e-15 0)
(2 3.17296e-15 0)
(2 2.86139e-15 0)
(2 2.03664e-15 0)
(2 2.08547e-15 0)
(2 2.64032e-15 0)
(2 3.22109e-15 0)
(2 4.24401e-15 0)
(2 5.62088e-15 0)
(2 5.43377e-15 0)
(2 3.35174e-15 0)
(2 2.11922e-15 0)
(2 1.76874e-15 0)
(2 1.56441e-15 0)
(2 1.96007e-15 0)
(2 2.32321e-15 0)
(2 1.8742e-15 0)
(2 2.89131e-15 0)
(2 2.46012e-15 0)
(2 1.61632e-15 0)
(2 8.61478e-16 0)
(2 3.17368e-16 0)
(2 6.38118e-16 0)
(2 8.6217e-16 0)
(2 2.14095e-15 0)
(2 2.35513e-15 0)
(2 2.20325e-15 0)
(2 2.0699e-15 0)
(2 6.55221e-16 0)
(2 6.19726e-16 0)
(2 1.48451e-15 0)
(2 1.05388e-15 0)
(2 -4.37904e-17 0)
(2 -1.36182e-15 0)
(2 -7.47937e-17 0)
(2 2.92177e-16 0)
(2 3.90483e-17 0)
(2 7.22731e-17 0)
(2 -4.3059e-16 0)
(2 -1.25075e-15 0)
(2 -2.19466e-15 0)
(2 -2.92203e-15 0)
(2 -3.20154e-15 0)
(2 -2.27412e-15 0)
(2 -1.62643e-15 0)
(2 -1.43283e-15 0)
(2 -6.84768e-16 0)
(2 -1.06284e-15 0)
(2 -1.80097e-15 0)
(2 -2.2885e-15 0)
(2 -2.42486e-15 0)
(2 -1.34696e-15 0)
(2 1.61555e-17 0)
(2 2.06773e-15 0)
(2 2.35294e-15 0)
(2 2.28534e-15 0)
(2 1.53733e-15 0)
(2 1.13755e-15 0)
(2 6.56476e-16 0)
(2 6.39305e-16 0)
(2 5.3621e-16 0)
(2 3.22012e-16 0)
(2 -2.9084e-16 0)
(2 -1.56349e-15 0)
(2 -1.69755e-15 0)
(2 -1.80408e-15 0)
(2 -2.02058e-15 0)
(2 -2.07786e-15 0)
(2 -2.16492e-15 0)
(2 -1.85226e-15 0)
(2 -2.00229e-15 0)
(2 -9.57598e-16 0)
(2 6.80431e-16 0)
(2 9.03823e-16 0)
(2 1.54759e-15 0)
(2 1.97833e-15 0)
(2 2.23256e-15 0)
(2 2.26577e-15 0)
(2 1.99201e-15 0)
(2 8.52262e-16 0)
(2 -2.81746e-16 0)
(2 -1.87513e-15 0)
(2 -1.40431e-15 0)
(2 -2.08788e-16 0)
(2 -2.69208e-15 0)
(2 -2.07674e-15 0)
(2 -2.35444e-15 0)
(2 -2.99247e-15 0)
(2 -3.25821e-15 0)
(2 -2.97871e-15 0)
(2 -2.70727e-15 0)
(2 -2.63855e-15 0)
(2 -2.14561e-15 0)
(2 -1.19815e-15 0)
(2 -3.25786e-16 0)
(2 9.12487e-16 0)
(2 2.40966e-15 0)
(2 2.40202e-15 0)
(2 2.17649e-15 0)
(2 1.85379e-15 0)
(2 1.72013e-15 0)
(2 1.72857e-15 0)
(2 1.81643e-15 0)
(2 1.68747e-15 0)
(2 1.93059e-15 0)
(2 2.99278e-15 0)
(2 3.00343e-15 0)
(2 3.03054e-15 0)
(2 3.02187e-15 0)
(2 3.65333e-15 0)
(2 3.13707e-15 0)
(2 1.37799e-15 0)
(2 5.84913e-16 0)
(2 -7.13895e-17 0)
(2 1.60122e-15 0)
(2 1.1238e-15 0)
(2 -8.34798e-16 0)
(2 -1.55324e-15 0)
(2 -1.67815e-15 0)
(2 -3.74273e-16 0)
(2 -9.26305e-16 0)
(2 -1.28948e-15 0)
(2 -2.20857e-15 0)
(2 -2.76286e-15 0)
(2 -1.80494e-15 0)
(2 2.1877e-17 0)
(2 7.78114e-16 0)
(2 9.2057e-16 0)
(2 9.18805e-16 0)
(2 7.32722e-16 0)
(2 -1.03592e-15 0)
(2 -1.22453e-15 0)
(2 -5.06712e-16 0)
(2 2.38509e-15 0)
(2 4.68587e-15 0)
(2 4.59417e-15 0)
(2 4.61514e-15 0)
(2 4.7293e-15 0)
(2 5.04597e-15 0)
(2 5.90231e-15 0)
(2 7.42918e-15 0)
(2 6.45209e-15 0)
(2 5.54143e-15 0)
(2 4.43303e-15 0)
(2 2.6548e-15 0)
(2 1.99271e-15 0)
(2 2.53681e-15 0)
(2 2.31345e-15 0)
(2 2.01723e-15 0)
(2 1.55517e-15 0)
(2 1.11071e-15 0)
(2 -1.57344e-16 0)
(2 -1.78393e-15 0)
(2 -1.02863e-15 0)
(2 -5.6859e-16 0)
(2 1.36998e-16 0)
(2 2.03847e-15 0)
(2 1.72741e-15 0)
(2 1.07902e-15 0)
(2 -1.08179e-15 0)
(2 -3.18832e-15 0)
(2 -1.46094e-15 0)
(2 -1.0813e-15 0)
(2 -1.67255e-16 0)
(2 5.23046e-16 0)
(2 2.09924e-15 0)
(2 2.73659e-15 0)
(2 2.3867e-15 0)
(2 1.38667e-15 0)
(2 -5.99105e-16 0)
(2 -7.31272e-16 0)
(2 6.69214e-16 0)
(2 -3.66936e-15 0)
(2 -3.11686e-15 0)
(2 -2.74573e-15 0)
(2 -2.66555e-15 0)
(2 -2.7125e-15 0)
(2 -3.35052e-15 0)
(2 -4.30358e-15 0)
(2 -4.89809e-15 0)
(2 -5.17872e-15 0)
(2 -5.15583e-15 0)
(2 -5.09626e-15 0)
(2 -3.99316e-15 0)
(2 -2.37572e-15 0)
(2 -1.61538e-16 0)
(2 9.25551e-16 0)
(2 1.34344e-15 0)
(2 9.18738e-16 0)
(2 9.58853e-16 0)
(2 1.56829e-15 0)
(2 2.04595e-15 0)
(2 2.27135e-15 0)
(2 2.23263e-15 0)
(2 2.11007e-15 0)
(2 1.67936e-15 0)
(2 8.38567e-16 0)
(2 4.07629e-16 0)
(2 3.99835e-16 0)
(2 2.18838e-16 0)
(2 -4.12331e-16 0)
(2 -1.16835e-15 0)
(2 -2.49023e-15 0)
(2 -1.90032e-15 0)
(2 -1.65543e-15 0)
(2 -2.16023e-15 0)
(2 -2.07675e-15 0)
(2 -2.3748e-15 0)
(2 -2.39749e-15 0)
(2 -2.32326e-15 0)
(2 -3.15007e-15 0)
(2 -3.26115e-15 0)
(2 -2.95443e-15 0)
(2 -2.08819e-15 0)
(2 -1.68635e-15 0)
(2 -7.78862e-16 0)
(2 -3.24089e-16 0)
(2 2.39022e-18 0)
(2 -4.61528e-16 0)
(2 -1.41456e-15 0)
(2 -1.52227e-15 0)
(2 -9.82809e-16 0)
(2 4.73134e-16 0)
(2 2.93022e-15 0)
(2 5.26695e-15 0)
(2 7.04474e-15 0)
(2 6.63003e-15 0)
(2 5.34482e-15 0)
(2 4.2291e-15 0)
(2 3.63115e-15 0)
(2 3.11912e-15 0)
(2 2.8339e-15 0)
(2 2.35626e-15 0)
(2 1.94733e-15 0)
(2 1.63577e-15 0)
(2 2.15812e-15 0)
(2 3.50633e-15 0)
(2 3.77777e-15 0)
(2 3.5647e-15 0)
(2 3.126e-15 0)
(2 2.30011e-15 0)
(2 3.3447e-16 0)
(2 -1.23025e-15 0)
(2 -1.81216e-15 0)
(2 -2.27607e-15 0)
(2 -2.33906e-15 0)
(2 -2.46508e-15 0)
(2 -2.68383e-15 0)
(2 -2.97479e-15 0)
(2 -2.4662e-15 0)
(2 -2.2165e-15 0)
(2 -3.12742e-16 0)
(2 2.165e-16 0)
(2 -5.54391e-16 0)
(2 -1.43972e-15 0)
(2 -1.07853e-15 0)
(2 -1.2806e-15 0)
(2 -1.80523e-15 0)
(2 -2.77775e-15 0)
(2 -5.26192e-15 0)
(2 -4.66495e-15 0)
(2 -4.27749e-15 0)
(2 -4.13203e-15 0)
(2 -3.31301e-15 0)
(2 -2.35197e-15 0)
(2 -2.15382e-15 0)
(2 -1.34854e-15 0)
(2 -1.26721e-15 0)
(2 -1.58108e-15 0)
(2 -1.78499e-15 0)
(2 -1.63035e-15 0)
(2 -1.20653e-15 0)
(2 -8.62898e-16 0)
(2 -6.90781e-17 0)
(2 8.40717e-16 0)
(2 7.87115e-16 0)
(2 6.44622e-16 0)
(2 5.69017e-16 0)
(2 8.23314e-16 0)
(2 1.27034e-15 0)
(2 8.14666e-16 0)
(2 6.99668e-16 0)
(2 3.53032e-17 0)
(2 -9.57854e-16 0)
(2 -1.69759e-15 0)
(2 -2.08227e-15 0)
(2 -4.08044e-16 0)
(2 -7.70024e-16 0)
(2 -1.76314e-15 0)
(2 -2.80184e-15 0)
(2 -3.4465e-15 0)
(2 -2.88999e-15 0)
(2 -2.27008e-15 0)
(2 -2.92778e-15 0)
(2 -2.51313e-15 0)
(2 -2.84167e-15 0)
(2 -1.60703e-15 0)
(2 -1.32622e-15 0)
(2 -2.15831e-15 0)
(2 -2.8591e-15 0)
(2 -3.53018e-15 0)
(2 -4.60139e-15 0)
(2 -3.18996e-15 0)
(2 -3.03345e-15 0)
(2 -2.54432e-15 0)
(2 -2.13077e-15 0)
(2 -1.05402e-15 0)
(2 -1.09986e-15 0)
(2 -1.73678e-15 0)
(2 -1.78956e-15 0)
(2 -1.94881e-15 0)
(2 -9.01778e-16 0)
(2 8.61122e-16 0)
(2 1.40983e-15 0)
(2 7.37373e-16 0)
(2 -5.60445e-16 0)
(2 -1.30269e-15 0)
(2 -5.16868e-16 0)
(2 5.23336e-18 0)
(2 1.78554e-15 0)
(2 1.59766e-15 0)
(2 1.7569e-15 0)
(2 2.81643e-15 0)
(2 3.46797e-15 0)
(2 3.33876e-15 0)
(2 3.23911e-15 0)
(2 3.33991e-15 0)
(2 2.66632e-15 0)
(2 1.32245e-15 0)
(2 -1.45396e-15 0)
(2 -3.80905e-15 0)
(2 -5.14926e-15 0)
(2 -6.25692e-15 0)
(2 -6.08304e-15 0)
(2 -5.62346e-15 0)
(2 -4.42413e-15 0)
(2 -2.32331e-15 0)
(2 -4.01188e-16 0)
(2 5.28697e-16 0)
(2 4.36153e-16 0)
(2 -4.26627e-17 0)
(2 -3.82868e-16 0)
(2 -1.29666e-15 0)
(2 -1.1946e-15 0)
(2 -1.32352e-15 0)
(2 -1.83872e-15 0)
(2 -2.95214e-15 0)
(2 -5.28635e-15 0)
(2 -1.82411e-15 0)
(2 -3.62023e-15 0)
(2 -3.99027e-15 0)
(2 -3.80355e-15 0)
(2 -3.18844e-15 0)
(2 -2.34079e-15 0)
(2 -7.49741e-16 0)
(2 4.83939e-16 0)
(2 6.92945e-16 0)
(2 4.20955e-16 0)
(2 8.02337e-16 0)
(2 7.96604e-16 0)
(2 9.54693e-16 0)
(2 9.22016e-16 0)
(2 2.74904e-15 0)
(2 2.47144e-15 0)
(2 2.73821e-15 0)
(2 2.17748e-15 0)
(2 1.73252e-15 0)
(2 1.60594e-15 0)
(2 1.7121e-15 0)
(2 2.04071e-15 0)
(2 3.66594e-16 0)
(2 -1.50109e-15 0)
(2 -1.10195e-15 0)
(2 -1.05084e-15 0)
(2 -3.05259e-16 0)
(2 -1.84425e-15 0)
(2 -2.50687e-15 0)
(2 -3.19248e-15 0)
(2 -2.70558e-15 0)
(2 -3.00002e-15 0)
(2 -2.1752e-15 0)
(2 -2.08158e-15 0)
(2 -4.40544e-15 0)
(2 -3.85944e-15 0)
(2 -3.63803e-15 0)
(2 -1.919e-15 0)
(2 -2.64714e-15 0)
(2 -3.1592e-15 0)
(2 -3.95572e-15 0)
(2 -3.59111e-15 0)
(2 -3.0515e-15 0)
(2 -3.21816e-15 0)
(2 -2.97297e-15 0)
(2 -2.42317e-15 0)
(2 -1.62134e-15 0)
(2 -1.01486e-15 0)
(2 -2.4682e-16 0)
(2 -6.99256e-16 0)
(2 -1.80814e-15 0)
(2 -2.19648e-15 0)
(2 -2.15925e-15 0)
(2 -2.41409e-15 0)
(2 -3.26395e-15 0)
(2 -3.07609e-15 0)
(2 -2.37277e-15 0)
(2 -2.52626e-15 0)
(2 -2.98772e-15 0)
(2 -2.42432e-15 0)
(2 -2.65127e-16 0)
(2 1.11514e-15 0)
(2 1.32361e-15 0)
(2 8.14014e-16 0)
(2 -9.22437e-17 0)
(2 4.63336e-16 0)
(2 1.91239e-15 0)
(2 2.524e-15 0)
(2 2.137e-15 0)
(2 1.69011e-15 0)
(2 2.52743e-15 0)
(2 2.9971e-15 0)
(2 2.71875e-15 0)
(2 6.41062e-16 0)
(2 3.15593e-16 0)
(2 1.00055e-15 0)
(2 1.58362e-15 0)
(2 2.09336e-15 0)
(2 2.43262e-15 0)
(2 1.03268e-15 0)
(2 3.40791e-16 0)
(2 4.24402e-16 0)
(2 3.08938e-16 0)
(2 1.61195e-16 0)
(2 2.31033e-16 0)
(2 2.37767e-16 0)
(2 -3.69377e-16 0)
(2 -1.31636e-15 0)
(2 1.40081e-15 0)
(2 6.14097e-16 0)
(2 -2.97693e-16 0)
(2 -5.6345e-16 0)
(2 -5.58846e-16 0)
(2 5.15612e-16 0)
(2 1.47896e-15 0)
(2 1.72404e-15 0)
(2 1.72186e-15 0)
(2 1.8844e-15 0)
(2 1.46974e-15 0)
(2 1.46174e-15 0)
(2 7.40097e-16 0)
(2 2.20161e-16 0)
(2 -6.03715e-16 0)
(2 1.06505e-16 0)
(2 2.23494e-15 0)
(2 3.10217e-15 0)
(2 3.52134e-15 0)
(2 2.8465e-15 0)
(2 2.3849e-15 0)
(2 2.06315e-15 0)
(2 1.4115e-15 0)
(2 1.09638e-15 0)
(2 -1.36335e-16 0)
(2 -1.75258e-15 0)
(2 -2.94833e-15 0)
(2 -1.81187e-15 0)
(2 -9.45979e-16 0)
(2 -8.66299e-16 0)
(2 -1.2932e-15 0)
(2 -1.47763e-15 0)
(2 -2.56354e-15 0)
(2 -3.12925e-15 0)
(2 -2.6048e-15 0)
(2 -3.7182e-15 0)
(2 -4.83275e-15 0)
(2 -6.46159e-15 0)
(2 -7.01116e-15 0)
(2 -5.16608e-15 0)
(2 -5.87968e-15 0)
(2 -4.91066e-15 0)
(2 -5.23021e-15 0)
(2 -4.82228e-15 0)
(2 -2.85209e-15 0)
(2 -1.6791e-15 0)
(2 -1.53134e-15 0)
(2 -1.74994e-16 0)
(2 -3.93908e-16 0)
(2 -9.24274e-16 0)
(2 -9.89562e-16 0)
(2 -2.42254e-15 0)
(2 -3.84281e-15 0)
(2 -3.93113e-15 0)
(2 -3.50269e-15 0)
(2 -2.51183e-15 0)
(2 -9.03574e-16 0)
(2 -6.80217e-16 0)
(2 -4.492e-16 0)
(2 -4.4224e-16 0)
(2 -2.79344e-16 0)
(2 -7.5129e-16 0)
(2 -1.12929e-15 0)
(2 -8.26086e-16 0)
(2 7.31841e-16 0)
(2 1.8329e-15 0)
(2 4.52475e-15 0)
(2 5.14904e-15 0)
(2 6.7913e-15 0)
(2 7.62761e-15 0)
(2 7.69887e-15 0)
(2 6.95776e-15 0)
(2 6.15021e-15 0)
(2 4.54392e-15 0)
(2 4.30575e-15 0)
(2 4.56603e-15 0)
(2 4.40909e-15 0)
(2 3.81573e-15 0)
(2 2.72374e-15 0)
(2 1.60817e-15 0)
(2 2.49156e-15 0)
(2 2.77449e-15 0)
(2 3.5179e-15 0)
(2 3.39192e-15 0)
(2 3.44199e-15 0)
(2 3.7926e-15 0)
(2 3.31517e-15 0)
(2 2.95079e-15 0)
(2 1.30875e-15 0)
(2 1.80181e-15 0)
(2 2.56704e-15 0)
(2 2.46395e-15 0)
(2 1.86147e-15 0)
(2 1.75321e-16 0)
(2 -1.78465e-15 0)
(2 -2.55443e-15 0)
(2 -1.70976e-15 0)
(2 -5.3618e-16 0)
(2 -2.7725e-16 0)
(2 -5.37225e-16 0)
(2 -1.01832e-15 0)
(2 -1.63752e-15 0)
(2 -2.47996e-15 0)
(2 -1.84979e-15 0)
(2 -1.04581e-15 0)
(2 1.26397e-15 0)
(2 1.84077e-15 0)
(2 2.64373e-15 0)
(2 2.00471e-15 0)
(2 3.9289e-16 0)
(2 3.45279e-16 0)
(2 -2.71487e-16 0)
(2 -2.39751e-15 0)
(2 -4.83834e-15 0)
(2 -6.58073e-15 0)
(2 -6.1438e-15 0)
(2 -5.58072e-15 0)
(2 -4.25507e-15 0)
(2 -3.6772e-15 0)
(2 -2.2164e-15 0)
(2 -2.85934e-15 0)
(2 -4.1832e-15 0)
(2 -4.22337e-15 0)
(2 -5.31022e-15 0)
(2 -6.70322e-15 0)
(2 -9.51872e-15 0)
(2 -9.79442e-15 0)
(2 -9.41234e-15 0)
(2 -7.99748e-15 0)
(2 -7.05603e-15 0)
(2 -5.92689e-15 0)
(2 -4.98732e-15 0)
(2 -3.98847e-15 0)
(2 -4.27023e-15 0)
(2 -4.13394e-15 0)
(2 -3.71647e-15 0)
(2 -4.12254e-15 0)
(2 -3.01608e-15 0)
(2 -1.84764e-15 0)
(2 -3.18324e-15 0)
(2 -3.98685e-15 0)
(2 -4.14426e-15 0)
(2 -3.50511e-15 0)
(2 -2.99882e-15 0)
(2 -2.02859e-15 0)
(2 -9.67877e-16 0)
(2 9.32355e-17 0)
(2 5.63984e-16 0)
(2 8.33956e-16 0)
(2 6.50668e-16 0)
(2 3.83771e-16 0)
(2 4.82688e-16 0)
(2 9.15594e-16 0)
(2 9.39274e-16 0)
(2 1.2222e-15 0)
(2 2.05724e-15 0)
(2 3.57427e-15 0)
(2 4.73002e-15 0)
(2 4.26575e-15 0)
(2 3.41123e-15 0)
(2 2.12601e-15 0)
(2 2.65447e-15 0)
(2 2.51813e-15 0)
(2 2.02865e-15 0)
(2 1.78468e-15 0)
(2 1.54757e-15 0)
(2 9.37431e-16 0)
(2 1.00956e-15 0)
(2 8.98092e-16 0)
(2 1.02754e-15 0)
(2 7.66128e-16 0)
(2 8.85932e-16 0)
(2 9.20231e-16 0)
(2 1.01869e-15 0)
(2 1.47766e-15 0)
(2 1.57241e-15 0)
(2 3.09562e-15 0)
(2 3.54068e-15 0)
(2 3.76176e-15 0)
(2 3.58882e-15 0)
(2 2.62777e-15 0)
(2 1.83855e-15 0)
(2 9.53112e-16 0)
(2 6.70169e-16 0)
(2 5.17796e-16 0)
(2 -9.38732e-17 0)
(2 -2.2445e-16 0)
(2 -1.17979e-15 0)
(2 -1.70783e-15 0)
(2 -1.73075e-15 0)
(2 -1.31035e-15 0)
(2 -1.02513e-15 0)
(2 -9.01398e-16 0)
(2 2.33757e-16 0)
(2 8.47719e-16 0)
(2 1.07794e-15 0)
(2 3.02409e-15 0)
(2 1.9439e-15 0)
(2 6.22001e-16 0)
(2 -8.95745e-16 0)
(2 -1.61395e-15 0)
(2 -2.66891e-15 0)
(2 -3.51311e-15 0)
(2 -4.88884e-15 0)
(2 -5.35735e-15 0)
(2 -5.18553e-15 0)
(2 -4.3058e-15 0)
(2 -3.9862e-15 0)
(2 -4.9163e-15 0)
(2 -4.53598e-15 0)
(2 -5.09267e-15 0)
(2 -4.57263e-15 0)
(2 -4.18891e-15 0)
(2 -5.33096e-15 0)
(2 -5.01709e-15 0)
(2 -5.15569e-15 0)
(2 -5.0732e-15 0)
(2 -5.09612e-15 0)
(2 -4.4787e-15 0)
(2 -3.76163e-15 0)
(2 -2.51533e-15 0)
(2 -2.97123e-15 0)
(2 -2.74558e-15 0)
(2 -2.52567e-15 0)
(2 -1.82693e-15 0)
(2 -1.38706e-15 0)
(2 -4.87865e-16 0)
(2 1.03216e-16 0)
(2 -5.55398e-16 0)
(2 -1.32285e-15 0)
(2 -1.24384e-15 0)
(2 -4.38622e-16 0)
(2 9.73721e-16 0)
(2 1.82596e-15 0)
(2 1.60947e-15 0)
(2 1.39628e-15 0)
(2 1.84774e-15 0)
(2 2.52586e-15 0)
(2 3.39526e-15 0)
(2 3.65183e-15 0)
(2 3.36071e-15 0)
(2 2.60942e-15 0)
(2 2.42384e-15 0)
(2 2.79613e-15 0)
(2 3.11802e-15 0)
(2 3.05031e-15 0)
(2 2.76522e-15 0)
(2 2.4777e-15 0)
(2 1.45938e-15 0)
(2 6.1745e-16 0)
(2 7.11251e-16 0)
(2 1.33911e-15 0)
(2 2.18905e-15 0)
(2 2.35399e-15 0)
(2 2.87519e-15 0)
(2 2.81551e-15 0)
(2 1.93937e-15 0)
(2 1.00809e-15 0)
(2 4.90329e-16 0)
(2 2.52182e-16 0)
(2 2.47476e-16 0)
(2 8.39537e-16 0)
(2 2.5361e-15 0)
(2 3.5072e-15 0)
(2 3.40658e-15 0)
(2 3.81853e-15 0)
(2 4.35923e-15 0)
(2 4.46692e-15 0)
(2 4.00187e-15 0)
(2 4.91941e-15 0)
(2 5.18404e-15 0)
(2 4.98589e-15 0)
(2 4.57351e-15 0)
(2 3.37305e-15 0)
(2 2.91026e-15 0)
(2 2.23098e-15 0)
(2 1.25388e-15 0)
(2 2.50449e-16 0)
(2 -8.32653e-16 0)
(2 -1.42944e-15 0)
(2 -1.21002e-15 0)
(2 -1.05994e-15 0)
(2 -8.28534e-16 0)
(2 -6.03539e-16 0)
(2 1.87951e-16 0)
(2 1.56503e-16 0)
(2 3.39761e-16 0)
(2 2.54991e-16 0)
(2 -4.1176e-17 0)
(2 -7.8575e-16 0)
(2 -1.25705e-15 0)
(2 -2.11847e-15 0)
(2 -3.07493e-15 0)
(2 -3.95756e-15 0)
(2 -4.79949e-15 0)
(2 -5.35388e-15 0)
(2 -5.36992e-15 0)
(2 -5.13218e-15 0)
(2 -3.60471e-15 0)
(2 -3.28856e-15 0)
(2 -2.57956e-15 0)
(2 -1.88075e-15 0)
(2 -2.30739e-15 0)
(2 -3.06749e-15 0)
(2 -4.06747e-15 0)
(2 -4.12359e-15 0)
(2 -3.82692e-15 0)
(2 -3.64989e-15 0)
(2 -2.05656e-15 0)
(2 -1.85984e-16 0)
(2 6.90249e-16 0)
(2 1.70397e-15 0)
(2 2.47147e-15 0)
(2 2.83925e-15 0)
(2 3.06949e-15 0)
(2 2.27108e-15 0)
(2 1.7132e-15 0)
(2 1.65821e-15 0)
(2 2.13131e-15 0)
(2 2.76021e-15 0)
(2 3.31345e-15 0)
(2 3.41082e-15 0)
(2 3.61356e-15 0)
(2 4.23441e-15 0)
(2 4.48641e-15 0)
(2 3.96407e-15 0)
(2 3.08318e-15 0)
(2 1.79335e-15 0)
(2 2.12669e-15 0)
(2 3.22979e-15 0)
(2 3.50817e-15 0)
(2 3.72925e-15 0)
(2 3.2218e-15 0)
(2 3.40623e-15 0)
(2 3.04082e-15 0)
(2 2.31801e-15 0)
(2 1.63874e-15 0)
(2 8.09417e-16 0)
(2 1.74299e-15 0)
(2 2.45778e-15 0)
(2 3.82777e-15 0)
(2 4.0351e-15 0)
(2 4.19546e-15 0)
(2 4.1359e-15 0)
(2 3.80599e-15 0)
(2 3.68687e-15 0)
(2 3.99411e-15 0)
(2 4.78023e-15 0)
(2 4.72695e-15 0)
(2 4.5677e-15 0)
(2 4.87581e-15 0)
(2 4.64402e-15 0)
(2 7.80439e-16 0)
(2 7.2506e-16 0)
(2 9.35206e-16 0)
(2 1.41289e-15 0)
(2 2.08415e-15 0)
(2 2.18038e-15 0)
(2 2.47134e-15 0)
(2 2.74626e-15 0)
(2 2.52969e-15 0)
(2 2.05504e-15 0)
(2 1.19298e-15 0)
(2 1.09352e-16 0)
(2 -1.44274e-15 0)
(2 -1.55619e-15 0)
(2 -8.36066e-16 0)
(2 -5.27723e-16 0)
(2 -5.04644e-16 0)
(2 -4.61148e-16 0)
(2 -8.0015e-16 0)
(2 -1.95411e-15 0)
(2 -2.48877e-15 0)
(2 -2.31678e-15 0)
(2 -4.6806e-16 0)
(2 6.86629e-16 0)
(2 1.27495e-15 0)
(2 6.29159e-16 0)
(2 -3.84701e-17 0)
(2 -3.22599e-16 0)
(2 -1.14613e-15 0)
(2 -2.29785e-15 0)
(2 -3.52061e-15 0)
(2 -4.17859e-15 0)
(2 -4.01252e-15 0)
(2 -3.85517e-15 0)
(2 -4.08586e-15 0)
(2 -3.69383e-15 0)
(2 -4.15225e-15 0)
(2 -2.15776e-15 0)
(2 -2.45886e-15 0)
(2 -3.62192e-15 0)
(2 -3.35707e-15 0)
(2 -4.19007e-15 0)
(2 -3.97474e-15 0)
(2 -3.93419e-15 0)
(2 -3.72736e-15 0)
(2 -1.40043e-15 0)
(2 -5.1499e-16 0)
(2 6.83119e-16 0)
(2 1.25479e-15 0)
(2 1.89692e-15 0)
(2 1.31093e-15 0)
(2 9.42089e-16 0)
(2 1.27188e-15 0)
(2 1.36009e-15 0)
(2 1.75482e-15 0)
(2 2.62707e-15 0)
(2 2.14368e-15 0)
(2 1.6168e-15 0)
(2 1.29376e-15 0)
(2 1.76683e-15 0)
(2 1.77713e-15 0)
(2 1.4816e-15 0)
(2 1.01998e-15 0)
(2 2.65099e-16 0)
(2 -4.61111e-16 0)
(2 -2.58353e-16 0)
(2 -6.13273e-17 0)
(2 7.49854e-17 0)
(2 1.33398e-16 0)
(2 1.52401e-15 0)
(2 1.14258e-15 0)
(2 1.12541e-15 0)
(2 1.35222e-15 0)
(2 1.98873e-15 0)
(2 2.79323e-15 0)
(2 2.31327e-15 0)
(2 1.05095e-15 0)
(2 3.35032e-16 0)
(2 5.90102e-16 0)
(2 1.12311e-15 0)
(2 1.44847e-15 0)
(2 1.97079e-15 0)
(2 2.56873e-15 0)
(2 2.95932e-15 0)
(2 2.87912e-15 0)
(2 2.89287e-15 0)
(2 2.17581e-15 0)
(2 1.02029e-15 0)
(2 4.17757e-16 0)
(2 -1.85452e-15 0)
(2 -2.78465e-15 0)
(2 -2.93355e-15 0)
(2 -2.92094e-15 0)
(2 -1.84188e-15 0)
(2 -1.6311e-15 0)
(2 -7.88006e-16 0)
(2 -5.89856e-16 0)
(2 -2.46212e-16 0)
(2 -1.59173e-16 0)
(2 -2.22173e-16 0)
(2 -4.3065e-16 0)
(2 2.08523e-16 0)
(2 6.564e-16 0)
(2 1.15141e-15 0)
(2 1.13181e-15 0)
(2 5.89949e-16 0)
(2 -6.88405e-16 0)
(2 -8.29301e-16 0)
(2 -1.08232e-15 0)
(2 -7.85806e-16 0)
(2 7.67533e-17 0)
(2 2.51091e-15 0)
(2 3.82248e-15 0)
(2 4.14671e-15 0)
(2 3.57963e-15 0)
(2 2.76749e-15 0)
(2 2.13403e-15 0)
(2 1.99439e-15 0)
(2 1.20045e-15 0)
(2 5.38775e-16 0)
(2 -1.60629e-15 0)
(2 -2.75026e-15 0)
(2 -3.52914e-15 0)
(2 -3.22319e-15 0)
(2 -3.52457e-15 0)
(2 -3.40076e-15 0)
(2 -3.17408e-15 0)
(2 -3.62425e-15 0)
(2 -1.9609e-15 0)
(2 -9.25163e-16 0)
(2 -6.99121e-16 0)
(2 -3.01247e-16 0)
(2 -6.75845e-17 0)
(2 4.46575e-17 0)
(2 1.47537e-15 0)
(2 2.42955e-15 0)
(2 2.61055e-15 0)
(2 1.81441e-15 0)
(2 1.34362e-15 0)
(2 2.04922e-15 0)
(2 3.02859e-15 0)
(2 3.89342e-15 0)
(2 3.62648e-15 0)
(2 3.41571e-15 0)
(2 3.851e-15 0)
(2 3.45127e-15 0)
(2 3.13399e-15 0)
(2 2.71592e-15 0)
(2 2.63458e-15 0)
(2 3.32875e-15 0)
(2 4.73425e-15 0)
(2 5.15808e-15 0)
(2 4.41351e-15 0)
(2 2.72623e-15 0)
(2 2.1867e-15 0)
(2 2.79037e-15 0)
(2 3.5991e-15 0)
(2 3.61169e-15 0)
(2 2.94848e-15 0)
(2 2.82594e-15 0)
(2 3.21885e-15 0)
(2 4.9554e-15 0)
(2 4.64497e-15 0)
(2 3.97946e-15 0)
(2 2.96799e-15 0)
(2 2.91299e-15 0)
(2 3.42159e-15 0)
(2 4.11003e-15 0)
(2 4.75838e-15 0)
(2 4.76526e-15 0)
(2 4.58657e-15 0)
(2 4.54646e-15 0)
(2 5.34372e-15 0)
(2 5.67707e-15 0)
(2 5.27843e-15 0)
(2 3.40831e-15 0)
(2 -3.31658e-16 0)
(2 -8.51083e-16 0)
(2 -2.12651e-15 0)
(2 -2.28229e-15 0)
(2 -2.25478e-15 0)
(2 -1.77939e-15 0)
(2 -2.09093e-15 0)
(2 -2.21233e-15 0)
(2 -1.96138e-15 0)
(2 -1.27024e-15 0)
(2 -5.81162e-16 0)
(2 -4.13931e-16 0)
(2 -3.21218e-16 0)
(2 -7.14741e-17 0)
(2 2.8286e-16 0)
(2 4.80948e-16 0)
(2 1.42742e-16 0)
(2 -8.4e-16 0)
(2 -2.57206e-15 0)
(2 -1.61396e-15 0)
(2 -1.12407e-16 0)
(2 1.55396e-15 0)
(2 2.59298e-15 0)
(2 3.33059e-15 0)
(2 4.18104e-15 0)
(2 5.75136e-15 0)
(2 6.16679e-15 0)
(2 5.20006e-15 0)
(2 4.57913e-15 0)
(2 3.63796e-15 0)
(2 3.58276e-15 0)
(2 2.84953e-15 0)
(2 1.23568e-15 0)
(2 2.9902e-16 0)
(2 -2.1924e-15 0)
(2 -2.62668e-15 0)
(2 -2.52008e-15 0)
(2 -3.08031e-15 0)
(2 -3.54223e-15 0)
(2 -2.62656e-15 0)
(2 -1.45375e-15 0)
(2 1.15197e-15 0)
(2 2.51975e-15 0)
(2 3.54931e-15 0)
(2 3.47188e-15 0)
(2 2.85054e-15 0)
(2 2.9525e-15 0)
(2 3.98123e-15 0)
(2 4.69021e-15 0)
(2 4.74568e-15 0)
(2 5.08651e-15 0)
(2 6.15752e-15 0)
(2 6.26868e-15 0)
(2 6.27203e-15 0)
(2 5.53141e-15 0)
(2 3.24339e-15 0)
(2 1.99594e-15 0)
(2 1.59735e-15 0)
(2 1.66381e-15 0)
(2 1.42676e-15 0)
(2 1.62839e-15 0)
(2 2.06824e-15 0)
(2 2.32369e-15 0)
(2 2.29505e-15 0)
(2 2.28818e-15 0)
(2 2.26184e-15 0)
(2 2.84031e-15 0)
(2 3.28821e-15 0)
(2 3.43942e-15 0)
(2 3.12215e-15 0)
(2 2.9217e-15 0)
(2 2.89077e-15 0)
(2 3.18288e-15 0)
(2 3.13285e-15 0)
(2 2.54942e-15 0)
(2 1.8438e-15 0)
(2 1.99728e-15 0)
(2 3.27906e-15 0)
(2 4.35159e-15 0)
(2 4.99155e-15 0)
(2 5.68227e-15 0)
(2 6.09237e-15 0)
(2 6.3678e-15 0)
(2 5.96642e-15 0)
(2 6.43605e-15 0)
(2 5.53681e-15 0)
(2 4.1542e-15 0)
(2 2.63796e-15 0)
(2 -7.03632e-16 0)
(2 -6.30202e-17 0)
(2 8.24223e-17 0)
(2 1.16786e-16 0)
(2 8.35802e-17 0)
(2 -9.70241e-16 0)
(2 -1.39519e-15 0)
(2 -2.17983e-15 0)
(2 -3.13971e-15 0)
(2 -4.27946e-15 0)
(2 -4.70098e-15 0)
(2 -4.26568e-15 0)
(2 -3.32068e-15 0)
(2 -2.81214e-15 0)
(2 -1.90607e-15 0)
(2 -2.47195e-15 0)
(2 -2.12717e-15 0)
(2 -2.5052e-15 0)
(2 -2.84771e-15 0)
(2 -1.9577e-15 0)
(2 -1.57394e-15 0)
(2 -1.17074e-15 0)
(2 -5.38883e-17 0)
(2 -1.55824e-16 0)
(2 -7.11344e-16 0)
(2 -2.97582e-17 0)
(2 1.32422e-15 0)
(2 1.9107e-15 0)
(2 2.26807e-15 0)
(2 1.51319e-15 0)
(2 1.39291e-15 0)
(2 1.1317e-15 0)
(2 1.74314e-15 0)
(2 9.67903e-16 0)
(2 5.7843e-16 0)
(2 -7.26289e-16 0)
(2 -1.44818e-15 0)
(2 -1.8752e-15 0)
(2 -2.04244e-15 0)
(2 -1.54073e-15 0)
(2 -9.71426e-16 0)
(2 -1.55854e-16 0)
(2 1.32156e-15 0)
(2 1.76968e-15 0)
(2 2.05034e-15 0)
(2 2.15691e-15 0)
(2 2.27833e-15 0)
(2 2.68955e-15 0)
(2 3.7491e-15 0)
(2 4.23361e-15 0)
(2 4.43062e-15 0)
(2 4.80635e-15 0)
(2 4.93004e-15 0)
(2 4.81091e-15 0)
(2 4.1248e-15 0)
(2 2.3081e-15 0)
(2 -7.67684e-17 0)
(2 -1.44787e-15 0)
(2 -1.41349e-15 0)
(2 -1.3356e-15 0)
(2 -1.39516e-15 0)
(2 -1.60937e-15 0)
(2 -2.19814e-15 0)
(2 -2.75368e-15 0)
(2 -3.40541e-15 0)
(2 -3.95755e-15 0)
(2 -4.43976e-15 0)
(2 -4.4879e-15 0)
(2 -4.23475e-15 0)
(2 -4.06981e-15 0)
(2 -2.98732e-15 0)
(2 -1.97243e-15 0)
(2 -1.00223e-15 0)
(2 -1.32641e-15 0)
(2 -1.76172e-15 0)
(2 -1.82131e-15 0)
(2 -1.85684e-15 0)
(2 -2.15008e-15 0)
(2 -2.11111e-15 0)
(2 4.73148e-16 0)
(2 2.41015e-15 0)
(2 3.52929e-15 0)
(2 4.07336e-15 0)
(2 3.51484e-15 0)
(2 1.8958e-15 0)
(2 2.40957e-17 0)
(2 -1.84762e-15 0)
(2 -1.325e-15 0)
(2 -1.75575e-15 0)
(2 -2.04812e-15 0)
(2 -1.90955e-15 0)
(2 -1.96798e-15 0)
(2 -2.20625e-15 0)
(2 -2.57507e-15 0)
(2 -2.94163e-15 0)
(2 -3.49486e-15 0)
(2 -4.04471e-15 0)
(2 -4.50172e-15 0)
(2 -3.56703e-15 0)
(2 -2.53495e-15 0)
(2 -2.03666e-15 0)
(2 -2.21077e-15 0)
(2 -2.94388e-15 0)
(2 -2.26713e-15 0)
(2 -4.53955e-15 0)
(2 -3.91646e-15 0)
(2 -2.44798e-15 0)
(2 -2.80083e-15 0)
(2 -3.32225e-15 0)
(2 -3.57168e-15 0)
(2 -3.78015e-15 0)
(2 -3.90958e-15 0)
(2 -4.02417e-15 0)
(2 -4.19736e-15 0)
(2 -2.94046e-15 0)
(2 -1.05384e-15 0)
(2 3.65416e-16 0)
(2 7.92674e-16 0)
(2 4.80842e-16 0)
(2 -2.18816e-16 0)
(2 8.42782e-16 0)
(2 3.07591e-16 0)
(2 3.98529e-16 0)
(2 -5.07557e-17 0)
(2 -5.1646e-16 0)
(2 -5.81122e-16 0)
(2 -6.30809e-17 0)
(2 -2.6357e-16 0)
(2 -1.19738e-15 0)
(2 -1.36207e-15 0)
(2 -2.00035e-15 0)
(2 -1.55564e-15 0)
(2 -6.2664e-16 0)
(2 1.09507e-15 0)
(2 1.80183e-15 0)
(2 2.29438e-15 0)
(2 2.67122e-15 0)
(2 2.13164e-15 0)
(2 1.70325e-15 0)
(2 1.27254e-15 0)
(2 2.67689e-15 0)
(2 3.00226e-15 0)
(2 3.23826e-15 0)
(2 2.67699e-15 0)
(2 1.13518e-15 0)
(2 3.18457e-16 0)
(2 1.59248e-16 0)
(2 -7.90463e-17 0)
(2 -6.39217e-16 0)
(2 -1.60596e-15 0)
(2 -2.52004e-15 0)
(2 -3.08357e-15 0)
(2 -3.32526e-15 0)
(2 -3.8522e-15 0)
(2 -5.53607e-15 0)
(2 -7.70564e-15 0)
(2 -7.68392e-15 0)
(2 -7.04703e-15 0)
(2 -5.71256e-15 0)
(2 -4.02412e-15 0)
(2 -2.39185e-15 0)
(2 -1.97603e-15 0)
(2 -9.394e-16 0)
(2 6.67721e-16 0)
(2 1.58643e-15 0)
(2 7.47949e-16 0)
(2 -4.61642e-16 0)
(2 -4.38712e-16 0)
(2 6.23138e-16 0)
(2 9.22099e-16 0)
(2 5.42437e-16 0)
(2 3.83205e-16 0)
(2 -5.97982e-16 0)
(2 -1.60256e-15 0)
(2 -2.27952e-15 0)
(2 -3.01465e-15 0)
(2 7.06806e-16 0)
(2 3.45215e-16 0)
(2 1.95239e-16 0)
(2 2.65093e-16 0)
(2 -2.70135e-17 0)
(2 1.61516e-18 0)
(2 7.94808e-17 0)
(2 3.99054e-16 0)
(2 8.70983e-16 0)
(2 1.58341e-15 0)
(2 1.65908e-15 0)
(2 1.40821e-15 0)
(2 -8.38087e-16 0)
(2 -2.88965e-15 0)
(2 -3.28454e-15 0)
(2 -3.27276e-15 0)
(2 -4.61702e-15 0)
(2 -3.98699e-15 0)
(2 -3.49672e-15 0)
(2 -4.0554e-15 0)
(2 -5.49836e-15 0)
(2 -5.99385e-15 0)
(2 -6.30655e-15 0)
(2 -6.87129e-15 0)
(2 -6.43342e-15 0)
(2 -6.2979e-15 0)
(2 -5.7991e-15 0)
(2 -4.35808e-15 0)
(2 -2.58829e-15 0)
(2 -2.34892e-15 0)
(2 -3.04357e-15 0)
(2 -3.57991e-15 0)
(2 -3.434e-15 0)
(2 -2.94231e-15 0)
(2 -2.79884e-15 0)
(2 -1.89706e-15 0)
(2 -6.72773e-16 0)
(2 1.15339e-15 0)
(2 1.82517e-15 0)
(2 2.16111e-15 0)
(2 1.52342e-15 0)
(2 1.20705e-15 0)
(2 -2.0944e-16 0)
(2 -2.7789e-16 0)
(2 7.70763e-17 0)
(2 1.55369e-15 0)
(2 1.90994e-15 0)
(2 1.13562e-15 0)
(2 7.7825e-16 0)
(2 -1.13248e-15 0)
(2 -1.93194e-15 0)
(2 -3.14386e-15 0)
(2 -3.80134e-15 0)
(2 -3.24921e-15 0)
(2 -2.17943e-15 0)
(2 -2.45314e-15 0)
(2 -3.21837e-15 0)
(2 -4.32838e-15 0)
(2 -3.85306e-15 0)
(2 -3.52894e-15 0)
(2 -3.21733e-15 0)
(2 -3.23449e-15 0)
(2 -3.48762e-15 0)
(2 -3.77626e-15 0)
(2 -4.65941e-15 0)
(2 -6.34899e-15 0)
(2 -8.51854e-15 0)
(2 -8.37991e-15 0)
(2 -7.78652e-15 0)
(2 -8.20348e-15 0)
(2 -8.02025e-15 0)
(2 -7.48533e-15 0)
(2 -7.19671e-15 0)
(2 -5.69383e-15 0)
(2 -3.16347e-15 0)
(2 -2.88303e-16 0)
(2 5.37628e-16 0)
(2 3.26905e-16 0)
(2 -2.29795e-16 0)
(2 -1.0385e-15 0)
(2 -1.3707e-15 0)
(2 -2.32831e-15 0)
(2 -3.20464e-15 0)
(2 -3.42341e-15 0)
(2 -3.3925e-15 0)
(2 -3.69725e-15 0)
(2 -4.13935e-15 0)
(2 -5.20915e-15 0)
(2 1.68114e-15 0)
(2 1.50146e-15 0)
(2 1.47995e-15 0)
(2 1.28523e-15 0)
(2 2.56357e-15 0)
(2 3.17526e-15 0)
(2 3.89003e-15 0)
(2 3.74798e-15 0)
(2 3.78578e-15 0)
(2 3.94129e-15 0)
(2 2.9885e-15 0)
(2 1.58757e-15 0)
(2 7.23866e-16 0)
(2 -3.18527e-16 0)
(2 -1.15015e-15 0)
(2 -2.39529e-15 0)
(2 -2.27731e-15 0)
(2 -2.64039e-15 0)
(2 -2.84657e-15 0)
(2 -3.11572e-15 0)
(2 -3.2486e-15 0)
(2 -3.90727e-15 0)
(2 -4.36774e-15 0)
(2 -4.58654e-15 0)
(2 -4.48346e-15 0)
(2 -4.39641e-15 0)
(2 -4.12148e-15 0)
(2 -3.73315e-15 0)
(2 -4.98631e-15 0)
(2 -6.51207e-15 0)
(2 -6.51222e-15 0)
(2 -4.57487e-15 0)
(2 -5.06767e-15 0)
(2 -3.57045e-15 0)
(2 -2.26246e-15 0)
(2 -1.38499e-15 0)
(2 7.71053e-16 0)
(2 1.10413e-15 0)
(2 1.38477e-15 0)
(2 1.19352e-15 0)
(2 1.09959e-15 0)
(2 1.04715e-15 0)
(2 1.50969e-15 0)
(2 1.42263e-15 0)
(2 9.50433e-16 0)
(2 1.308e-15 0)
(2 2.54626e-15 0)
(2 2.70776e-15 0)
(2 2.19349e-15 0)
(2 -1.03393e-16 0)
(2 -1.95767e-15 0)
(2 -3.48001e-15 0)
(2 -3.10203e-15 0)
(2 -2.75039e-15 0)
(2 -1.61547e-15 0)
(2 -1.98525e-15 0)
(2 -2.25447e-15 0)
(2 -2.67146e-15 0)
(2 -3.62564e-15 0)
(2 -4.74821e-15 0)
(2 -5.2877e-15 0)
(2 -5.92684e-15 0)
(2 -6.61984e-15 0)
(2 -7.1811e-15 0)
(2 -7.13985e-15 0)
(2 -6.77329e-15 0)
(2 -6.78817e-15 0)
(2 -6.78816e-15 0)
(2 -6.45711e-15 0)
(2 -6.84197e-15 0)
(2 -6.49375e-15 0)
(2 -6.1834e-15 0)
(2 -5.80883e-15 0)
(2 -3.8283e-15 0)
(2 -2.43426e-15 0)
(2 -2.16849e-15 0)
(2 -8.63794e-16 0)
(2 -6.32373e-16 0)
(2 -5.31539e-16 0)
(2 -1.02295e-15 0)
(2 -2.98057e-15 0)
(2 -4.01263e-15 0)
(2 -4.01036e-15 0)
(2 -3.55446e-15 0)
(2 -3.14093e-15 0)
(2 -2.93358e-15 0)
(2 -3.22687e-15 0)
(2 -3.7771e-15 0)
(2 -6.86097e-16 0)
(2 -3.5301e-16 0)
(2 -1.46936e-15 0)
(2 -2.70763e-15 0)
(2 -2.79124e-15 0)
(2 -3.02262e-15 0)
(2 -3.5255e-15 0)
(2 -2.66983e-15 0)
(2 -1.80386e-15 0)
(2 -1.19495e-15 0)
(2 -8.3938e-16 0)
(2 6.09339e-17 0)
(2 2.39886e-15 0)
(2 1.97616e-15 0)
(2 1.24265e-16 0)
(2 -1.17274e-15 0)
(2 -1.52673e-15 0)
(2 -2.27814e-15 0)
(2 -2.09255e-15 0)
(2 -2.31213e-15 0)
(2 -2.26548e-15 0)
(2 -2.27463e-15 0)
(2 -2.73626e-15 0)
(2 -1.43959e-15 0)
(2 -1.41176e-15 0)
(2 -1.57704e-15 0)
(2 -2.05013e-15 0)
(2 -2.28382e-15 0)
(2 -3.45911e-15 0)
(2 -4.84676e-15 0)
(2 -4.48993e-15 0)
(2 -3.49806e-15 0)
(2 -2.19473e-15 0)
(2 -2.48599e-15 0)
(2 -5.91679e-16 0)
(2 -6.44675e-16 0)
(2 -6.07642e-17 0)
(2 5.51156e-16 0)
(2 -9.94111e-16 0)
(2 -1.27098e-15 0)
(2 -1.04103e-15 0)
(2 -7.98152e-16 0)
(2 -1.29786e-15 0)
(2 -1.88526e-15 0)
(2 -1.86852e-15 0)
(2 -1.70199e-15 0)
(2 -4.3055e-16 0)
(2 -6.06939e-16 0)
(2 -2.73292e-15 0)
(2 -3.37597e-15 0)
(2 -3.40186e-15 0)
(2 -3.65271e-15 0)
(2 -2.95972e-15 0)
(2 -3.40077e-15 0)
(2 -2.9637e-15 0)
(2 -4.43193e-16 0)
(2 1.58203e-15 0)
(2 1.19033e-15 0)
(2 -4.43106e-16 0)
(2 -7.47793e-16 0)
(2 -1.61377e-15 0)
(2 -3.47175e-15 0)
(2 -5.1029e-15 0)
(2 -5.76154e-15 0)
(2 -5.80391e-15 0)
(2 -5.04101e-15 0)
(2 -4.24372e-15 0)
(2 -5.16238e-15 0)
(2 -5.31933e-15 0)
(2 -4.44648e-15 0)
(2 -3.2895e-15 0)
(2 -1.13379e-15 0)
(2 2.79719e-16 0)
(2 -1.29187e-15 0)
(2 -1.19907e-15 0)
(2 -1.86689e-15 0)
(2 -1.77526e-15 0)
(2 -1.59429e-15 0)
(2 -1.44536e-15 0)
(2 -1.61717e-15 0)
(2 -1.86807e-15 0)
(2 -2.2346e-15 0)
(2 -2.19383e-15 0)
(2 -1.69328e-15 0)
(2 -1.80728e-15 0)
(2 -1.98596e-15 0)
(2 -2.53354e-15 0)
(2 -2.57943e-15 0)
(2 -2.19934e-15 0)
(2 -3.42089e-16 0)
(2 -1.35202e-15 0)
(2 -1.91216e-15 0)
(2 -2.7541e-15 0)
(2 -4.06223e-15 0)
(2 -5.2753e-15 0)
(2 -5.01872e-15 0)
(2 -4.81598e-15 0)
(2 -4.5758e-15 0)
(2 -4.32002e-15 0)
(2 -3.70722e-15 0)
(2 -2.39795e-15 0)
(2 -2.26278e-15 0)
(2 -2.35784e-15 0)
(2 -2.72644e-15 0)
(2 -3.14138e-15 0)
(2 -3.5721e-15 0)
(2 -3.4518e-15 0)
(2 -3.34404e-15 0)
(2 -3.42282e-15 0)
(2 -3.59602e-15 0)
(2 -4.04274e-15 0)
(2 -3.32798e-15 0)
(2 -2.51696e-15 0)
(2 -3.27501e-15 0)
(2 -3.65791e-15 0)
(2 -3.88127e-15 0)
(2 -2.72205e-15 0)
(2 -2.8194e-15 0)
(2 -2.74584e-15 0)
(2 -3.33028e-15 0)
(2 -2.82145e-15 0)
(2 -3.03681e-15 0)
(2 -2.49867e-15 0)
(2 -2.4297e-15 0)
(2 -1.97599e-15 0)
(2 -1.67941e-15 0)
(2 -2.47122e-15 0)
(2 -2.55251e-15 0)
(2 -2.34146e-15 0)
(2 -1.55585e-15 0)
(2 -1.86844e-15 0)
(2 -3.37158e-15 0)
(2 -3.52429e-15 0)
(2 -3.1402e-15 0)
(2 -2.2685e-15 0)
(2 -1.43e-15 0)
(2 -4.30741e-15 0)
(2 -5.13248e-15 0)
(2 -4.84575e-15 0)
(2 -4.73694e-15 0)
(2 -4.7759e-15 0)
(2 -4.72553e-15 0)
(2 -4.72363e-15 0)
(2 -3.8115e-15 0)
(2 -2.55599e-15 0)
(2 -1.86636e-15 0)
(2 -1.91103e-15 0)
(2 -1.77589e-15 0)
(2 -2.11153e-15 0)
(2 -2.6339e-15 0)
(2 -4.6133e-15 0)
(2 -4.85499e-15 0)
(2 -6.39106e-15 0)
(2 -6.49529e-15 0)
(2 -6.16994e-15 0)
(2 -6.03706e-15 0)
(2 -5.69459e-15 0)
(2 -5.29369e-15 0)
(2 -4.04398e-15 0)
(2 -3.03593e-15 0)
(2 -2.50789e-15 0)
(2 -2.90767e-15 0)
(2 -3.52391e-15 0)
(2 -4.25931e-15 0)
(2 -4.91682e-15 0)
(2 -4.5285e-15 0)
(2 -3.52736e-15 0)
(2 -3.00045e-15 0)
(2 -2.8882e-15 0)
(2 -3.03024e-15 0)
(2 -2.90679e-15 0)
(2 -2.35213e-15 0)
(2 -2.7301e-15 0)
(2 -3.39448e-15 0)
(2 -3.58232e-15 0)
(2 -3.37946e-15 0)
)
;

boundaryField
{
    inlet
    {
        type            fixedValue;
        value           nonuniform 0();
    }
    outlet
    {
        type            inletOutlet;
        inletValue      nonuniform 0();
        value           nonuniform 0();
    }
    bottom
    {
        type            symmetryPlane;
    }
    top
    {
        type            symmetryPlane;
    }
    obstacle
    {
        type            slip;
    }
    front
    {
        type            empty;
    }
    back
    {
        type            empty;
    }
    procBoundary51to42
    {
        type            processor;
        value           nonuniform List<vector> 8((2 -3.3231e-15 0) (2 -5.27754e-15 0) (2 -2.27748e-15 0) (2 -1.3423e-15 0) (2 -5.73476e-16 0) (2 4.17099e-15 0) (2 2.83432e-15 0) (2 2.50476e-15 0));
    }
    procBoundary51to43
    {
        type            processor;
        value           nonuniform List<vector> 
89
(
(2 -5.10452e-16 0)
(2 -1.39475e-15 0)
(2 -1.53219e-15 0)
(2 -2.94682e-15 0)
(2 -3.52416e-15 0)
(2 -4.58374e-15 0)
(2 -4.66966e-15 0)
(2 -4.31684e-15 0)
(2 -3.79447e-15 0)
(2 -3.63984e-15 0)
(2 -3.79214e-15 0)
(2 -3.92726e-15 0)
(2 -3.65115e-15 0)
(2 -3.23768e-15 0)
(2 -2.80242e-15 0)
(2 -3.03726e-15 0)
(2 -2.54244e-15 0)
(2 -1.70511e-15 0)
(2 -6.39848e-16 0)
(2 -1.0259e-15 0)
(2 -1.88271e-15 0)
(2 -1.67998e-15 0)
(2 -1.75788e-15 0)
(2 -2.16453e-15 0)
(2 -2.25387e-15 0)
(2 -1.99613e-15 0)
(2 -2.688e-15 0)
(2 -3.71777e-15 0)
(2 -4.23667e-15 0)
(2 -3.87812e-15 0)
(2 -4.27445e-15 0)
(2 -5.31341e-15 0)
(2 -5.06485e-15 0)
(2 -4.20346e-15 0)
(2 -3.07058e-15 0)
(2 -2.44171e-15 0)
(2 -2.22407e-15 0)
(2 -2.2607e-15 0)
(2 -2.34891e-15 0)
(2 -2.86783e-15 0)
(2 -4.37758e-15 0)
(2 -5.82434e-15 0)
(2 -2.92786e-15 0)
(2 -4.42372e-15 0)
(2 -3.57734e-15 0)
(2 -3.24974e-15 0)
(2 -3.20395e-15 0)
(2 -1.91532e-15 0)
(2 -7.95038e-16 0)
(2 -1.756e-15 0)
(2 -2.4112e-15 0)
(2 -2.85096e-15 0)
(2 -4.05499e-15 0)
(2 -4.23026e-15 0)
(2 -3.79358e-15 0)
(2 -2.93703e-15 0)
(2 -2.4594e-15 0)
(2 -3.10778e-15 0)
(2 -4.31717e-15 0)
(2 -5.31856e-15 0)
(2 -5.23152e-15 0)
(2 -4.78707e-15 0)
(2 -4.76187e-15 0)
(2 -5.14557e-15 0)
(2 -5.05847e-15 0)
(2 -3.5384e-15 0)
(2 -3.43758e-15 0)
(2 -4.29326e-15 0)
(2 -3.37346e-15 0)
(2 -1.98401e-15 0)
(2 -1.17301e-15 0)
(2 -1.63465e-15 0)
(2 -2.53224e-15 0)
(2 -2.37807e-15 0)
(2 -2.32653e-15 0)
(2 -1.98633e-15 0)
(2 -1.86606e-15 0)
(2 -2.48806e-15 0)
(2 -2.16617e-15 0)
(2 -1.55219e-15 0)
(2 -1.00811e-15 0)
(2 3.18365e-16 0)
(2 7.11304e-16 0)
(2 4.12331e-16 0)
(2 1.13171e-15 0)
(2 1.22449e-15 0)
(2 1.69996e-15 0)
(2 1.97589e-15 0)
(2 1.97589e-15 0)
)
;
    }
    procBoundary51to44
    {
        type            processor;
        value           uniform (2 -2.8257e-15 0);
    }
    procBoundary51to50
    {
        type            processor;
        value           nonuniform List<vector> 
19
(
(2 2.58761e-15 0)
(2 -1.39843e-15 0)
(2 -3.06153e-15 0)
(2 -5.47103e-15 0)
(2 -5.27395e-15 0)
(2 -6.06279e-16 0)
(2 2.0696e-15 0)
(2 2.09848e-15 0)
(2 3.20317e-15 0)
(2 1.40937e-15 0)
(2 6.05344e-16 0)
(2 1.64457e-15 0)
(2 1.01493e-15 0)
(2 -7.9996e-16 0)
(2 -1.30898e-15 0)
(2 1.88238e-16 0)
(2 2.16315e-16 0)
(2 -9.38665e-16 0)
(2 -1.9011e-15 0)
)
;
    }
    procBoundary51to52
    {
        type            processor;
        value           nonuniform List<vector> 
27
(
(2 -1.92545e-15 0)
(2 -5.06257e-15 0)
(2 -2.34202e-15 0)
(2 -1.10784e-15 0)
(2 1.88316e-16 0)
(2 3.77196e-15 0)
(2 4.72319e-15 0)
(2 5.6746e-15 0)
(2 3.22326e-15 0)
(2 3.38026e-16 0)
(2 -1.47845e-16 0)
(2 -6.24939e-15 0)
(2 -5.47197e-15 0)
(2 -1.67088e-15 0)
(2 1.91741e-15 0)
(2 2.07951e-15 0)
(2 3.7163e-15 0)
(2 3.85603e-15 0)
(2 3.97709e-16 0)
(2 2.26442e-15 0)
(2 2.0963e-15 0)
(2 -1.38204e-15 0)
(2 -3.44799e-15 0)
(2 -6.49584e-15 0)
(2 -4.63879e-15 0)
(2 -1.85769e-15 0)
(2 -2.96686e-15 0)
)
;
    }
}


// ************************************************************************* //
