/*--------------------------------*- C++ -*----------------------------------*\
  =========                 |
  \\      /  F ield         | OpenFOAM: The Open Source CFD Toolbox
   \\    /   O peration     | Website:  https://openfoam.org
    \\  /    A nd           | Version:  7
     \\/     M anipulation  |
\*---------------------------------------------------------------------------*/
FoamFile
{
    version     2.0;
    format      ascii;
    class       volVectorField;
    location    "15.5";
    object      U;
}
// * * * * * * * * * * * * * * * * * * * * * * * * * * * * * * * * * * * * * //

dimensions      [0 1 -1 0 0 0 0];

internalField   nonuniform List<vector> 
2413
(
(2.26368 0.0877086 0)
(2.2659 0.0757365 0)
(2.27366 0.0646299 0)
(2.27333 0.0543948 0)
(2.27624 0.0450857 0)
(2.27841 0.0338977 0)
(2.27351 0.0154077 0)
(2.2732 0.00502135 0)
(2.27308 0.000363612 0)
(2.26464 -0.0110258 0)
(2.25837 -0.0257212 0)
(2.25616 -0.0302045 0)
(2.25184 -0.0363978 0)
(2.24008 -0.0506965 0)
(2.23257 -0.0593875 0)
(2.22581 -0.0605981 0)
(2.2152 -0.0676229 0)
(2.20256 -0.0795956 0)
(2.19315 -0.0854315 0)
(2.18403 -0.0856688 0)
(2.17315 -0.0904364 0)
(2.16089 -0.0996407 0)
(2.15083 -0.104569 0)
(2.14026 -0.104086 0)
(2.12971 -0.105052 0)
(2.11827 -0.109775 0)
(2.10827 -0.113225 0)
(2.09785 -0.113634 0)
(2.08754 -0.112678 0)
(2.07851 -0.112663 0)
(2.0699 -0.114016 0)
(2.06143 -0.115323 0)
(2.05295 -0.114721 0)
(2.04461 -0.111729 0)
(2.03725 -0.109999 0)
(2.03029 -0.109046 0)
(2.0231 -0.105811 0)
(2.0168 -0.101463 0)
(2.01151 -0.0995699 0)
(2.00634 -0.0967685 0)
(2.00049 -0.0919627 0)
(1.99666 -0.0892668 0)
(1.9931 -0.0870902 0)
(1.98877 -0.0830072 0)
(1.9858 -0.0799769 0)
(1.98296 -0.0783147 0)
(1.97991 -0.0757559 0)
(1.97682 -0.072337 0)
(1.97401 -0.0688803 0)
(1.97139 -0.065661 0)
(1.96887 -0.0624996 0)
(1.96642 -0.0594461 0)
(1.96409 -0.0565298 0)
(1.96206 -0.0546799 0)
(1.95993 -0.0529933 0)
(1.95751 -0.0502641 0)
(1.95507 -0.0476679 0)
(1.95241 -0.0457287 0)
(1.94934 -0.044776 0)
(1.945 -0.0464348 0)
(1.93958 -0.05024 0)
(1.93308 -0.0564345 0)
(1.9253 -0.0662923 0)
(1.9176 -0.0767587 0)
(1.90792 -0.0907654 0)
(1.90066 -0.102858 0)
(1.89292 -0.11724 0)
(1.88408 -0.133806 0)
(1.87971 -0.140736 0)
(1.87986 -0.14225 0)
(1.87554 -0.149002 0)
(1.8686 -0.15933 0)
(1.86603 -0.167289 0)
(1.86297 -0.166953 0)
(1.86115 -0.164739 0)
(1.86021 -0.163988 0)
(1.85862 -0.164316 0)
(1.85661 -0.165117 0)
(1.8542 -0.166433 0)
(1.85151 -0.166297 0)
(1.84918 -0.16533 0)
(1.84496 -0.164446 0)
(1.83766 -0.165202 0)
(1.82646 -0.167423 0)
(1.81056 -0.168721 0)
(1.79348 -0.175234 0)
(1.78253 -0.174767 0)
(1.77454 -0.172826 0)
(1.77146 -0.169794 0)
(1.77053 -0.16516 0)
(1.76944 -0.160781 0)
(1.77019 -0.155427 0)
(1.77099 -0.150806 0)
(1.77182 -0.146482 0)
(1.7744 -0.138686 0)
(1.96049 0.100184 0)
(1.96474 0.102306 0)
(1.96896 0.10543 0)
(1.97394 0.108638 0)
(1.97815 0.113003 0)
(1.98124 0.115612 0)
(1.98504 0.119215 0)
(1.99004 0.122411 0)
(1.99473 0.127099 0)
(1.99861 0.129854 0)
(2.00457 0.13399 0)
(2.01131 0.138234 0)
(2.01648 0.141069 0)
(2.0223 0.143637 0)
(2.03011 0.147425 0)
(2.03836 0.151434 0)
(2.04557 0.155254 0)
(2.0533 0.157524 0)
(2.0619 0.158236 0)
(2.07059 0.158516 0)
(2.07939 0.159432 0)
(2.08832 0.160685 0)
(2.09785 0.160573 0)
(2.10788 0.158804 0)
(2.11822 0.157985 0)
(2.12945 0.159438 0)
(2.14124 0.159609 0)
(2.15546 0.154373 0)
(2.16844 0.14558 0)
(2.17905 0.14113 0)
(2.18874 0.140273 0)
(2.2004 0.133819 0)
(2.21403 0.123144 0)
(2.22122 0.114937 0)
(2.22758 0.108008 0)
(2.23444 0.094976 0)
(2.23973 0.0867258 0)
(2.24418 0.0793462 0)
(2.24536 0.0713069 0)
(2.25126 0.0637941 0)
(2.25209 0.0555116 0)
(2.25233 0.0440553 0)
(2.25602 0.0337649 0)
(2.25108 0.0192243 0)
(2.24857 0.00810677 0)
(2.24766 0.00528554 0)
(2.24318 -0.00293206 0)
(2.23584 -0.0146072 0)
(2.23326 -0.0235511 0)
(2.23228 -0.0285461 0)
(2.22299 -0.0380013 0)
(2.21464 -0.0491878 0)
(2.2088 -0.0523451 0)
(2.2018 -0.0571571 0)
(2.18986 -0.066297 0)
(2.18177 -0.0746729 0)
(2.17471 -0.076078 0)
(2.16648 -0.0798246 0)
(2.15463 -0.0876378 0)
(2.14586 -0.0929817 0)
(2.137 -0.0933043 0)
(2.12763 -0.0950299 0)
(2.11704 -0.0998256 0)
(2.10832 -0.102852 0)
(2.09918 -0.103376 0)
(2.08989 -0.103655 0)
(2.08162 -0.104334 0)
(2.07395 -0.105306 0)
(2.0662 -0.106494 0)
(2.05856 -0.106761 0)
(2.05082 -0.104583 0)
(2.04397 -0.102751 0)
(2.0375 -0.102145 0)
(2.03112 -0.100047 0)
(2.0247 -0.0962681 0)
(2.01959 -0.0942791 0)
(2.0147 -0.0927169 0)
(2.00877 -0.0888903 0)
(2.00443 -0.0858284 0)
(2.00083 -0.0844341 0)
(1.99645 -0.0813741 0)
(1.99248 -0.0776084 0)
(1.98944 -0.0757134 0)
(1.98614 -0.0734519 0)
(1.98225 -0.0699686 0)
(1.97891 -0.0667612 0)
(1.97597 -0.0642269 0)
(1.97259 -0.0609093 0)
(1.96969 -0.057962 0)
(1.96712 -0.0557593 0)
(1.9646 -0.0539839 0)
(1.9618 -0.0526027 0)
(1.95849 -0.0520057 0)
(1.95428 -0.0533052 0)
(1.94915 -0.0563608 0)
(1.94233 -0.0628895 0)
(1.93414 -0.0719744 0)
(1.92569 -0.0818407 0)
(1.91569 -0.0948475 0)
(1.90578 -0.107929 0)
(1.89745 -0.119621 0)
(1.88748 -0.134585 0)
(1.8819 -0.142492 0)
(1.88162 -0.143456 0)
(1.87721 -0.149631 0)
(1.87074 -0.159207 0)
(1.86856 -0.165606 0)
(1.86656 -0.165378 0)
(1.86557 -0.163679 0)
(1.86483 -0.163102 0)
(1.86381 -0.163831 0)
(1.86208 -0.164607 0)
(1.86059 -0.165291 0)
(1.85862 -0.165615 0)
(1.85687 -0.165046 0)
(1.85583 -0.164164 0)
(1.85387 -0.16264 0)
(1.85147 -0.161301 0)
(1.84671 -0.161061 0)
(1.83776 -0.162022 0)
(1.82344 -0.162588 0)
(1.80515 -0.168392 0)
(1.79291 -0.169882 0)
(1.78259 -0.168055 0)
(1.77881 -0.165231 0)
(1.77801 -0.16124 0)
(1.77843 -0.156051 0)
(1.77826 -0.152119 0)
(1.77962 -0.147499 0)
(1.78004 -0.14365 0)
(1.78148 -0.138996 0)
(1.78362 -0.132655 0)
(1.96628 0.0954017 0)
(1.97072 0.0974967 0)
(1.97547 0.100496 0)
(1.98032 0.104218 0)
(1.98394 0.107591 0)
(1.98737 0.110093 0)
(1.99207 0.112801 0)
(1.99733 0.116285 0)
(2.00175 0.120174 0)
(2.00591 0.122167 0)
(2.01131 0.125649 0)
(2.01774 0.129246 0)
(2.02305 0.133173 0)
(2.02838 0.135158 0)
(2.03556 0.138303 0)
(2.0434 0.141658 0)
(2.05017 0.145024 0)
(2.05752 0.146697 0)
(2.06545 0.147145 0)
(2.0732 0.147377 0)
(2.08092 0.148181 0)
(2.08866 0.149009 0)
(2.09727 0.1484 0)
(2.1065 0.146251 0)
(2.11558 0.144748 0)
(2.12546 0.144922 0)
(2.13593 0.143269 0)
(2.14911 0.137762 0)
(2.16037 0.131812 0)
(2.17053 0.129384 0)
(2.18035 0.127815 0)
(2.19008 0.12141 0)
(2.20045 0.1119 0)
(2.20617 0.104636 0)
(2.21172 0.0992905 0)
(2.21853 0.0923167 0)
(2.22262 0.0874242 0)
(2.22883 0.0801932 0)
(2.23143 0.0719714 0)
(2.23328 0.0637036 0)
(2.23437 0.0510957 0)
(2.23337 0.0383398 0)
(2.23513 0.0334973 0)
(2.23333 0.0240034 0)
(2.22833 0.0137891 0)
(2.22633 0.00508696 0)
(2.22673 -0.000478597 0)
(2.22003 -0.00998654 0)
(2.21439 -0.0215693 0)
(2.21369 -0.0261479 0)
(2.20946 -0.0320035 0)
(2.20043 -0.0407473 0)
(2.19511 -0.0458461 0)
(2.1905 -0.0492463 0)
(2.18098 -0.0567349 0)
(2.17346 -0.0659069 0)
(2.16773 -0.0683004 0)
(2.16128 -0.0706857 0)
(2.15041 -0.0768958 0)
(2.14207 -0.0822551 0)
(2.13412 -0.0828134 0)
(2.12554 -0.0844421 0)
(2.11555 -0.0888478 0)
(2.10755 -0.0915431 0)
(2.09936 -0.0920461 0)
(2.09093 -0.0932813 0)
(2.08332 -0.0947579 0)
(2.07632 -0.095613 0)
(2.06918 -0.096695 0)
(2.0622 -0.0972959 0)
(2.05507 -0.0957188 0)
(2.04849 -0.093974 0)
(2.04228 -0.0934415 0)
(2.03604 -0.0918793 0)
(2.02993 -0.0888801 0)
(2.02495 -0.0872505 0)
(2.01992 -0.086086 0)
(2.01439 -0.0829666 0)
(2.00997 -0.0804374 0)
(2.00598 -0.0791056 0)
(2.00149 -0.0765558 0)
(1.99735 -0.0735215 0)
(1.99394 -0.0715485 0)
(1.99034 -0.0698428 0)
(1.98659 -0.0670856 0)
(1.98342 -0.0646952 0)
(1.98022 -0.0627039 0)
(1.97673 -0.0606798 0)
(1.97328 -0.0590745 0)
(1.96959 -0.0587405 0)
(1.96498 -0.0603407 0)
(1.95924 -0.0638634 0)
(1.95194 -0.0708019 0)
(1.94374 -0.0792773 0)
(1.93455 -0.0905699 0)
(1.92637 -0.100371 0)
(1.91628 -0.112588 0)
(1.90604 -0.126963 0)
(1.89705 -0.139002 0)
(1.88988 -0.14466 0)
(1.88786 -0.1448 0)
(1.88164 -0.151541 0)
(1.87381 -0.161909 0)
(1.87074 -0.166918 0)
(1.86836 -0.165913 0)
(1.86834 -0.163894 0)
(1.86841 -0.163433 0)
(1.86769 -0.164024 0)
(1.86649 -0.164669 0)
(1.86494 -0.164946 0)
(1.8638 -0.165119 0)
(1.8628 -0.164874 0)
(1.86182 -0.164067 0)
(1.86057 -0.163121 0)
(1.85959 -0.16273 0)
(1.85815 -0.161358 0)
(1.85664 -0.159042 0)
(1.85481 -0.1573 0)
(1.84888 -0.156908 0)
(1.83687 -0.156866 0)
(1.81886 -0.160649 0)
(1.80407 -0.16518 0)
(1.79241 -0.162516 0)
(1.78745 -0.160032 0)
(1.78634 -0.156746 0)
(1.7856 -0.153047 0)
(1.78577 -0.148516 0)
(1.78591 -0.145319 0)
(1.78718 -0.141266 0)
(1.78958 -0.1362 0)
(1.79071 -0.13251 0)
(1.79181 -0.127587 0)
(1.97173 0.0904525 0)
(1.97631 0.0930689 0)
(1.98135 0.096106 0)
(1.98524 0.0997779 0)
(1.98865 0.10238 0)
(1.99373 0.104813 0)
(1.99882 0.107235 0)
(2.00255 0.109594 0)
(2.00779 0.112619 0)
(2.01267 0.115115 0)
(2.01745 0.11816 0)
(2.02354 0.121456 0)
(2.02897 0.125556 0)
(2.03399 0.127026 0)
(2.0402 0.129371 0)
(2.04766 0.132078 0)
(2.05418 0.134947 0)
(2.06101 0.13623 0)
(2.06823 0.136704 0)
(2.07533 0.137111 0)
(2.08239 0.137805 0)
(2.08938 0.138197 0)
(2.09746 0.137124 0)
(2.1061 0.134951 0)
(2.11463 0.133724 0)
(2.12395 0.133814 0)
(2.13385 0.131771 0)
(2.14602 0.127281 0)
(2.15575 0.122294 0)
(2.16471 0.120004 0)
(2.17317 0.116 0)
(2.18179 0.108662 0)
(2.18991 0.103195 0)
(2.19543 0.0974908 0)
(2.20023 0.0939933 0)
(2.20588 0.0860914 0)
(2.21044 0.0766868 0)
(2.21544 0.068041 0)
(2.2165 0.0611958 0)
(2.21874 0.0540828 0)
(2.21967 0.0440909 0)
(2.22034 0.0373926 0)
(2.22186 0.0316643 0)
(2.21987 0.02303 0)
(2.21618 0.015154 0)
(2.21235 0.00365466 0)
(2.21253 -0.000694047 0)
(2.20815 -0.00868209 0)
(2.20245 -0.0174338 0)
(2.19987 -0.0247363 0)
(2.19878 -0.0278104 0)
(2.19146 -0.0347704 0)
(2.18584 -0.0417539 0)
(2.18234 -0.0443279 0)
(2.17562 -0.0504114 0)
(2.16814 -0.05865 0)
(2.16294 -0.061612 0)
(2.15735 -0.0629164 0)
(2.14787 -0.0679719 0)
(2.13981 -0.0735314 0)
(2.13292 -0.0746259 0)
(2.1254 -0.07653 0)
(2.11638 -0.0811288 0)
(2.10925 -0.0837934 0)
(2.10198 -0.0846799 0)
(2.09424 -0.0866816 0)
(2.08713 -0.0884136 0)
(2.08035 -0.0891065 0)
(2.07347 -0.0899095 0)
(2.06677 -0.0904144 0)
(2.05999 -0.08929 0)
(2.05371 -0.0878906 0)
(2.04796 -0.0875075 0)
(2.04204 -0.0861889 0)
(2.036 -0.0839466 0)
(2.031 -0.0824649 0)
(2.02602 -0.0815482 0)
(2.02087 -0.0796061 0)
(2.01607 -0.0771445 0)
(2.0117 -0.0754895 0)
(2.00742 -0.0739772 0)
(2.00303 -0.0719755 0)
(1.99903 -0.0696858 0)
(1.99523 -0.0677786 0)
(1.9914 -0.0663579 0)
(1.98764 -0.0645804 0)
(1.98378 -0.063669 0)
(1.97912 -0.0643935 0)
(1.97292 -0.0679594 0)
(1.96507 -0.0751279 0)
(1.95638 -0.0841366 0)
(1.94518 -0.0982453 0)
(1.93741 -0.106899 0)
(1.9279 -0.118464 0)
(1.91678 -0.134276 0)
(1.90821 -0.145628 0)
(1.90128 -0.150539 0)
(1.89872 -0.148856 0)
(1.89429 -0.153044 0)
(1.88416 -0.161491 0)
(1.87792 -0.167458 0)
(1.87355 -0.168131 0)
(1.87194 -0.165721 0)
(1.87144 -0.165097 0)
(1.86999 -0.165369 0)
(1.86908 -0.165243 0)
(1.86847 -0.165028 0)
(1.86771 -0.165135 0)
(1.86706 -0.164829 0)
(1.86629 -0.164136 0)
(1.86549 -0.163366 0)
(1.86487 -0.16252 0)
(1.8648 -0.161426 0)
(1.86493 -0.159529 0)
(1.86458 -0.156952 0)
(1.86241 -0.15521 0)
(1.86023 -0.152662 0)
(1.8569 -0.152319 0)
(1.84853 -0.151965 0)
(1.83336 -0.153072 0)
(1.81641 -0.158533 0)
(1.80378 -0.157117 0)
(1.79624 -0.154679 0)
(1.79482 -0.151672 0)
(1.79317 -0.149152 0)
(1.7919 -0.146592 0)
(1.7929 -0.142231 0)
(1.79364 -0.138849 0)
(1.79529 -0.135043 0)
(1.79686 -0.131147 0)
(1.79745 -0.128357 0)
(1.79863 -0.123376 0)
(1.9765 0.0860269 0)
(1.98169 0.0888949 0)
(1.9863 0.0927051 0)
(1.98965 0.0952317 0)
(1.99398 0.0977133 0)
(1.9994 0.0993498 0)
(2.00396 0.101332 0)
(2.00814 0.103266 0)
(2.01373 0.105744 0)
(2.01869 0.108482 0)
(2.02277 0.111028 0)
(2.02826 0.113967 0)
(2.03401 0.117285 0)
(2.0389 0.119178 0)
(2.04429 0.12071 0)
(2.05097 0.122748 0)
(2.05747 0.125011 0)
(2.06373 0.126312 0)
(2.07042 0.127033 0)
(2.07722 0.127663 0)
(2.08407 0.128345 0)
(2.09089 0.128549 0)
(2.09882 0.127531 0)
(2.10669 0.12556 0)
(2.11449 0.124453 0)
(2.1229 0.124377 0)
(2.13182 0.121993 0)
(2.14235 0.116716 0)
(2.15087 0.112054 0)
(2.15913 0.110248 0)
(2.16744 0.106107 0)
(2.17622 0.101119 0)
(2.18314 0.0951145 0)
(2.18711 0.0901994 0)
(2.1912 0.0857494 0)
(2.19714 0.0775887 0)
(2.20174 0.0698233 0)
(2.20457 0.0633598 0)
(2.20837 0.0575715 0)
(2.21007 0.0511283 0)
(2.21011 0.0420724 0)
(2.21215 0.0366207 0)
(2.21183 0.0286169 0)
(2.20879 0.0224484 0)
(2.20692 0.0153053 0)
(2.20441 0.00657415 0)
(2.20127 -4.57059e-05 0)
(2.19928 -0.00537187 0)
(2.19443 -0.0120763 0)
(2.19044 -0.0205893 0)
(2.19037 -0.0240514 0)
(2.18658 -0.0295372 0)
(2.1803 -0.0372403 0)
(2.17674 -0.0401686 0)
(2.17205 -0.0447492 0)
(2.16442 -0.0516376 0)
(2.15946 -0.0555364 0)
(2.15443 -0.0565552 0)
(2.14619 -0.0609018 0)
(2.13847 -0.0664706 0)
(2.1322 -0.0678034 0)
(2.1253 -0.0695879 0)
(2.11692 -0.0737852 0)
(2.1101 -0.0758855 0)
(2.10315 -0.0767431 0)
(2.09568 -0.0787441 0)
(2.08869 -0.0801998 0)
(2.08191 -0.0809294 0)
(2.07525 -0.0817415 0)
(2.06862 -0.0819753 0)
(2.06191 -0.0809449 0)
(2.05583 -0.0800001 0)
(2.05028 -0.0800615 0)
(2.04485 -0.0795786 0)
(2.03947 -0.0779483 0)
(2.03477 -0.0770969 0)
(2.02979 -0.0758666 0)
(2.02407 -0.0734372 0)
(2.01912 -0.0714772 0)
(2.01429 -0.070028 0)
(2.00962 -0.0686887 0)
(2.00554 -0.0679225 0)
(2.00179 -0.0670862 0)
(1.99785 -0.066838 0)
(1.99311 -0.0679587 0)
(1.98652 -0.0720687 0)
(1.97832 -0.0796134 0)
(1.96932 -0.0897146 0)
(1.95811 -0.103917 0)
(1.94858 -0.115398 0)
(1.94123 -0.123817 0)
(1.93015 -0.137504 0)
(1.91987 -0.153949 0)
(1.91344 -0.159259 0)
(1.91049 -0.155402 0)
(1.90817 -0.156782 0)
(1.89903 -0.163159 0)
(1.89216 -0.169158 0)
(1.88654 -0.169806 0)
(1.88211 -0.167634 0)
(1.8788 -0.165932 0)
(1.8757 -0.166812 0)
(1.87272 -0.166583 0)
(1.87158 -0.1663 0)
(1.87048 -0.166028 0)
(1.86971 -0.165355 0)
(1.86945 -0.164192 0)
(1.86903 -0.163265 0)
(1.86914 -0.162497 0)
(1.86945 -0.161277 0)
(1.86986 -0.159398 0)
(1.87032 -0.15663 0)
(1.86976 -0.154535 0)
(1.86915 -0.152824 0)
(1.8678 -0.151648 0)
(1.86586 -0.149175 0)
(1.86452 -0.147625 0)
(1.85976 -0.14702 0)
(1.849 -0.146426 0)
(1.83101 -0.15073 0)
(1.81641 -0.153425 0)
(1.80323 -0.150263 0)
(1.80045 -0.148793 0)
(1.79925 -0.146184 0)
(1.79805 -0.143548 0)
(1.79803 -0.140653 0)
(1.7997 -0.136485 0)
(1.80148 -0.132221 0)
(1.80239 -0.129831 0)
(1.80318 -0.127234 0)
(1.80413 -0.123619 0)
(1.80514 -0.119004 0)
(1.98091 0.0822959 0)
(1.98626 0.0856188 0)
(1.99035 0.0893923 0)
(1.99409 0.0909785 0)
(1.99903 0.0925234 0)
(2.00408 0.0939034 0)
(2.00863 0.0949844 0)
(2.01311 0.0969155 0)
(2.01849 0.0992297 0)
(2.0231 0.101923 0)
(2.02721 0.104327 0)
(2.03258 0.106916 0)
(2.0382 0.109397 0)
(2.04311 0.111394 0)
(2.04836 0.112776 0)
(2.05447 0.114474 0)
(2.0606 0.116133 0)
(2.06626 0.117517 0)
(2.07232 0.118298 0)
(2.07862 0.118753 0)
(2.08505 0.119176 0)
(2.09149 0.119216 0)
(2.0986 0.117812 0)
(2.10558 0.115674 0)
(2.11282 0.114826 0)
(2.12059 0.114674 0)
(2.12941 0.112192 0)
(2.13965 0.10801 0)
(2.14784 0.104691 0)
(2.15588 0.103374 0)
(2.1634 0.0994925 0)
(2.17122 0.0939387 0)
(2.17732 0.0873104 0)
(2.18053 0.0839044 0)
(2.18534 0.0782146 0)
(2.19092 0.0718836 0)
(2.1947 0.0642312 0)
(2.19504 0.0598768 0)
(2.20035 0.0545504 0)
(2.20228 0.047462 0)
(2.20244 0.0395358 0)
(2.2046 0.0350905 0)
(2.20264 0.0281824 0)
(2.19998 0.0202904 0)
(2.20059 0.0163207 0)
(2.19768 0.0100608 0)
(2.19247 0.00261337 0)
(2.19123 -0.00117634 0)
(2.18891 -0.00755916 0)
(2.18496 -0.0149568 0)
(2.18356 -0.0212286 0)
(2.18305 -0.0251356 0)
(2.17645 -0.0323365 0)
(2.17217 -0.0362734 0)
(2.16829 -0.0396077 0)
(2.16092 -0.0450449 0)
(2.15587 -0.0496603 0)
(2.15126 -0.0507479 0)
(2.14404 -0.0545644 0)
(2.13676 -0.0599969 0)
(2.131 -0.061526 0)
(2.12462 -0.0633018 0)
(2.11706 -0.0671322 0)
(2.1107 -0.0690825 0)
(2.10422 -0.0703437 0)
(2.09742 -0.07219 0)
(2.09081 -0.0736106 0)
(2.08436 -0.0745855 0)
(2.07805 -0.0751873 0)
(2.07182 -0.0756273 0)
(2.06575 -0.0754953 0)
(2.06 -0.075459 0)
(2.05431 -0.0752041 0)
(2.04838 -0.0741248 0)
(2.04304 -0.0730614 0)
(2.03813 -0.072471 0)
(2.03335 -0.0721455 0)
(2.0282 -0.0708671 0)
(2.02306 -0.0690708 0)
(2.01797 -0.0681777 0)
(2.01241 -0.0686319 0)
(2.00637 -0.0707582 0)
(1.99938 -0.0752194 0)
(1.99081 -0.083126 0)
(1.98176 -0.0937104 0)
(1.97143 -0.107154 0)
(1.95972 -0.122674 0)
(1.95273 -0.13066 0)
(1.9439 -0.140448 0)
(1.93103 -0.15906 0)
(1.92402 -0.168214 0)
(1.91989 -0.164372 0)
(1.91902 -0.16266 0)
(1.91296 -0.166818 0)
(1.90654 -0.171922 0)
(1.90175 -0.172967 0)
(1.89724 -0.171856 0)
(1.89324 -0.17012 0)
(1.88885 -0.16857 0)
(1.88471 -0.167132 0)
(1.88094 -0.167566 0)
(1.87615 -0.167392 0)
(1.87373 -0.166953 0)
(1.87254 -0.165961 0)
(1.87156 -0.164552 0)
(1.87156 -0.163231 0)
(1.8722 -0.161626 0)
(1.87278 -0.159628 0)
(1.87355 -0.15711 0)
(1.87371 -0.15489 0)
(1.8737 -0.153022 0)
(1.87363 -0.151473 0)
(1.87349 -0.149123 0)
(1.87403 -0.147007 0)
(1.87319 -0.145134 0)
(1.87182 -0.142939 0)
(1.86897 -0.142171 0)
(1.86159 -0.141606 0)
(1.84688 -0.142346 0)
(1.82912 -0.148714 0)
(1.81439 -0.147367 0)
(1.80689 -0.145429 0)
(1.80497 -0.14385 0)
(1.80442 -0.140751 0)
(1.80396 -0.137532 0)
(1.8039 -0.135119 0)
(1.80544 -0.131336 0)
(1.80733 -0.127091 0)
(1.8081 -0.125611 0)
(1.80903 -0.122563 0)
(1.80981 -0.118962 0)
(1.8106 -0.115066 0)
(1.98445 0.0791817 0)
(1.98955 0.0831322 0)
(1.99366 0.085914 0)
(1.99815 0.0865852 0)
(2.00312 0.0872868 0)
(2.00814 0.088161 0)
(2.01288 0.0891472 0)
(2.01722 0.0911133 0)
(2.02244 0.0934767 0)
(2.02693 0.0959225 0)
(2.03127 0.0981485 0)
(2.0366 0.100189 0)
(2.04191 0.102132 0)
(2.04668 0.10388 0)
(2.05174 0.105137 0)
(2.05735 0.106623 0)
(2.06289 0.107974 0)
(2.06797 0.109225 0)
(2.07348 0.109822 0)
(2.07935 0.109996 0)
(2.08535 0.110126 0)
(2.09141 0.109819 0)
(2.09844 0.108692 0)
(2.10522 0.107181 0)
(2.11228 0.106797 0)
(2.11973 0.106855 0)
(2.12809 0.104501 0)
(2.13681 0.100031 0)
(2.14383 0.0970696 0)
(2.15066 0.095336 0)
(2.15784 0.0903114 0)
(2.16552 0.0856884 0)
(2.17079 0.0806019 0)
(2.17422 0.0778986 0)
(2.17953 0.072423 0)
(2.18412 0.0664536 0)
(2.18689 0.0598465 0)
(2.18779 0.0563039 0)
(2.19321 0.0514236 0)
(2.19469 0.0445529 0)
(2.19523 0.0384513 0)
(2.19707 0.0344217 0)
(2.19474 0.0280381 0)
(2.19338 0.0204807 0)
(2.19388 0.01797 0)
(2.1907 0.012456 0)
(2.18592 0.00589058 0)
(2.18469 0.00188095 0)
(2.18356 -0.00391152 0)
(2.18067 -0.0108329 0)
(2.17768 -0.0181873 0)
(2.17773 -0.021538 0)
(2.17216 -0.0275358 0)
(2.16718 -0.0323478 0)
(2.16363 -0.0347475 0)
(2.15695 -0.0393329 0)
(2.15184 -0.0444151 0)
(2.14785 -0.0458605 0)
(2.14163 -0.0495285 0)
(2.13495 -0.0547699 0)
(2.12954 -0.0562326 0)
(2.12344 -0.0578001 0)
(2.11652 -0.0607816 0)
(2.11039 -0.0626188 0)
(2.10423 -0.0641497 0)
(2.09805 -0.0656542 0)
(2.09179 -0.0671584 0)
(2.0856 -0.0680439 0)
(2.07935 -0.0683572 0)
(2.07299 -0.068652 0)
(2.06688 -0.0686258 0)
(2.06114 -0.0687505 0)
(2.05568 -0.0693522 0)
(2.05042 -0.0696225 0)
(2.04507 -0.0688721 0)
(2.03982 -0.0678699 0)
(2.03466 -0.0671642 0)
(2.02913 -0.0676551 0)
(2.02285 -0.0700338 0)
(2.0157 -0.0742492 0)
(2.00639 -0.0818066 0)
(1.99557 -0.0933069 0)
(1.98506 -0.105895 0)
(1.97077 -0.124519 0)
(1.9617 -0.136268 0)
(1.95659 -0.142098 0)
(1.94251 -0.159294 0)
(1.93434 -0.174352 0)
(1.92871 -0.172957 0)
(1.92717 -0.169273 0)
(1.92336 -0.171838 0)
(1.91702 -0.17626 0)
(1.91302 -0.177493 0)
(1.90961 -0.176952 0)
(1.90676 -0.175052 0)
(1.90364 -0.172774 0)
(1.90041 -0.17124 0)
(1.89657 -0.170364 0)
(1.89181 -0.169117 0)
(1.88641 -0.16853 0)
(1.88148 -0.167393 0)
(1.87735 -0.166428 0)
(1.87536 -0.164855 0)
(1.87511 -0.162982 0)
(1.87573 -0.160654 0)
(1.87633 -0.157781 0)
(1.8763 -0.155582 0)
(1.87661 -0.153225 0)
(1.87655 -0.151495 0)
(1.87644 -0.150016 0)
(1.87753 -0.147518 0)
(1.87831 -0.145573 0)
(1.87909 -0.143284 0)
(1.87837 -0.141447 0)
(1.87641 -0.139573 0)
(1.87483 -0.138462 0)
(1.87044 -0.138217 0)
(1.86095 -0.13724 0)
(1.84394 -0.141281 0)
(1.8279 -0.145358 0)
(1.81396 -0.141719 0)
(1.81085 -0.14053 0)
(1.80952 -0.138489 0)
(1.80916 -0.135023 0)
(1.80854 -0.13223 0)
(1.80873 -0.130022 0)
(1.81085 -0.12614 0)
(1.8131 -0.122493 0)
(1.81401 -0.120773 0)
(1.81535 -0.116856 0)
(1.81548 -0.114306 0)
(1.81603 -0.111074 0)
(1.98681 0.0769246 0)
(1.9917 0.0805227 0)
(1.99632 0.0822626 0)
(2.00144 0.0823371 0)
(2.00657 0.0824164 0)
(2.01147 0.0827762 0)
(2.01561 0.083834 0)
(2.02037 0.0859524 0)
(2.02523 0.0883931 0)
(2.02967 0.0900207 0)
(2.0344 0.0919441 0)
(2.03981 0.0934097 0)
(2.04498 0.095161 0)
(2.04969 0.0966384 0)
(2.05462 0.0979177 0)
(2.06007 0.099269 0)
(2.06529 0.100577 0)
(2.07005 0.101676 0)
(2.07527 0.102029 0)
(2.08084 0.102135 0)
(2.08654 0.102196 0)
(2.09243 0.101992 0)
(2.09861 0.10087 0)
(2.10447 0.0992255 0)
(2.11063 0.098677 0)
(2.11701 0.0983285 0)
(2.1248 0.0957044 0)
(2.13308 0.0918564 0)
(2.14007 0.0899584 0)
(2.14707 0.0885977 0)
(2.1546 0.0843687 0)
(2.16131 0.079785 0)
(2.16517 0.0754927 0)
(2.16841 0.0720589 0)
(2.17312 0.0666844 0)
(2.17729 0.0609807 0)
(2.17924 0.0558499 0)
(2.18113 0.0526284 0)
(2.18625 0.0484327 0)
(2.18736 0.042151 0)
(2.18815 0.0368644 0)
(2.18985 0.0326206 0)
(2.1878 0.0264278 0)
(2.18696 0.019945 0)
(2.18732 0.01793 0)
(2.18366 0.0128131 0)
(2.17964 0.00683248 0)
(2.17855 0.00289836 0)
(2.17744 -0.00296679 0)
(2.17522 -0.00947895 0)
(2.17216 -0.0166181 0)
(2.17181 -0.0194367 0)
(2.167 -0.0243587 0)
(2.16198 -0.0292403 0)
(2.15874 -0.0310965 0)
(2.15293 -0.035246 0)
(2.14795 -0.0403132 0)
(2.14435 -0.0418707 0)
(2.13883 -0.0451694 0)
(2.13268 -0.0497903 0)
(2.12746 -0.0511433 0)
(2.12165 -0.0525024 0)
(2.11541 -0.0546784 0)
(2.1094 -0.056625 0)
(2.10348 -0.0583812 0)
(2.09767 -0.0596772 0)
(2.09173 -0.0612617 0)
(2.08601 -0.0621526 0)
(2.08025 -0.0626034 0)
(2.07422 -0.0635646 0)
(2.06835 -0.0642388 0)
(2.06265 -0.0643027 0)
(2.05687 -0.0645418 0)
(2.05106 -0.0650185 0)
(2.04526 -0.0660861 0)
(2.0389 -0.068648 0)
(2.03165 -0.0730811 0)
(2.02248 -0.0800437 0)
(2.01061 -0.0921432 0)
(1.99965 -0.104569 0)
(1.98511 -0.122325 0)
(1.97284 -0.139047 0)
(1.96821 -0.142857 0)
(1.95535 -0.156747 0)
(1.94444 -0.17609 0)
(1.938 -0.179326 0)
(1.93478 -0.175137 0)
(1.93258 -0.175634 0)
(1.92656 -0.178877 0)
(1.92248 -0.181622 0)
(1.91933 -0.181451 0)
(1.9165 -0.179571 0)
(1.91422 -0.177103 0)
(1.91233 -0.175633 0)
(1.91021 -0.173903 0)
(1.90721 -0.172633 0)
(1.90354 -0.171723 0)
(1.89857 -0.169594 0)
(1.89357 -0.167614 0)
(1.88825 -0.167015 0)
(1.88324 -0.16517 0)
(1.88082 -0.162519 0)
(1.88066 -0.159068 0)
(1.88046 -0.156019 0)
(1.87987 -0.154162 0)
(1.87975 -0.152139 0)
(1.8792 -0.151011 0)
(1.87935 -0.14916 0)
(1.87948 -0.147168 0)
(1.8804 -0.144785 0)
(1.8817 -0.1421 0)
(1.88242 -0.140485 0)
(1.88219 -0.138836 0)
(1.88051 -0.13781 0)
(1.87921 -0.136042 0)
(1.87701 -0.135271 0)
(1.87155 -0.134252 0)
(1.85942 -0.134236 0)
(1.84198 -0.140307 0)
(1.8262 -0.139048 0)
(1.81647 -0.136899 0)
(1.81482 -0.135091 0)
(1.81325 -0.132874 0)
(1.81236 -0.130233 0)
(1.81262 -0.127214 0)
(1.81402 -0.124153 0)
(1.81622 -0.12119 0)
(1.81827 -0.118493 0)
(1.81961 -0.115374 0)
(1.82041 -0.111843 0)
(1.82037 -0.110583 0)
(1.8208 -0.107301 0)
(1.98809 0.0750378 0)
(1.99314 0.0777725 0)
(1.99838 0.0786928 0)
(2.00398 0.0783885 0)
(2.00916 0.0779767 0)
(2.01352 0.0781927 0)
(2.01793 0.0800228 0)
(2.02244 0.0821844 0)
(2.02682 0.0833095 0)
(2.03172 0.0841656 0)
(2.03712 0.0856953 0)
(2.04259 0.0868727 0)
(2.04775 0.0887159 0)
(2.05247 0.0900366 0)
(2.05713 0.0912482 0)
(2.06221 0.0924106 0)
(2.06706 0.0936813 0)
(2.07167 0.0944132 0)
(2.07675 0.0946793 0)
(2.08172 0.0946385 0)
(2.08661 0.0943671 0)
(2.0916 0.0939182 0)
(2.0973 0.092725 0)
(2.10303 0.0913182 0)
(2.10917 0.091017 0)
(2.11567 0.0907496 0)
(2.12341 0.0885947 0)
(2.13051 0.0851693 0)
(2.13653 0.0833252 0)
(2.14253 0.0813381 0)
(2.14879 0.0764727 0)
(2.15499 0.0721405 0)
(2.15864 0.0686961 0)
(2.16254 0.0655212 0)
(2.16697 0.0614829 0)
(2.17086 0.0561574 0)
(2.17234 0.0518202 0)
(2.17456 0.0487501 0)
(2.17919 0.0445068 0)
(2.18012 0.0384587 0)
(2.18102 0.0336323 0)
(2.18268 0.0295186 0)
(2.1809 0.0236522 0)
(2.18038 0.018185 0)
(2.18079 0.0162533 0)
(2.17679 0.0111502 0)
(2.17329 0.00552152 0)
(2.17232 0.00181401 0)
(2.17096 -0.00381548 0)
(2.16893 -0.00967426 0)
(2.16654 -0.0162148 0)
(2.1659 -0.0181275 0)
(2.16151 -0.0221802 0)
(2.15685 -0.0267938 0)
(2.15396 -0.0283519 0)
(2.14899 -0.0320889 0)
(2.14427 -0.0368883 0)
(2.14096 -0.0384476 0)
(2.13598 -0.0413498 0)
(2.13032 -0.0453455 0)
(2.12535 -0.0468138 0)
(2.11995 -0.0480302 0)
(2.11439 -0.049704 0)
(2.10867 -0.0519207 0)
(2.10307 -0.0538461 0)
(2.0974 -0.0551731 0)
(2.09145 -0.0567891 0)
(2.08568 -0.0573503 0)
(2.0799 -0.0574764 0)
(2.07376 -0.0585988 0)
(2.06778 -0.060139 0)
(2.06206 -0.0616723 0)
(2.05569 -0.0643105 0)
(2.04813 -0.0689076 0)
(2.03905 -0.0754169 0)
(2.02662 -0.0875128 0)
(2.01466 -0.10103 0)
(2.00097 -0.117193 0)
(1.98547 -0.138046 0)
(1.97901 -0.143304 0)
(1.96912 -0.153663 0)
(1.95495 -0.174391 0)
(1.94783 -0.182361 0)
(1.9435 -0.178729 0)
(1.94169 -0.177942 0)
(1.93635 -0.180727 0)
(1.93114 -0.184071 0)
(1.9278 -0.184811 0)
(1.9247 -0.183975 0)
(1.92246 -0.181697 0)
(1.92076 -0.179451 0)
(1.91943 -0.177249 0)
(1.91771 -0.17574 0)
(1.91592 -0.174491 0)
(1.91306 -0.172836 0)
(1.9096 -0.170522 0)
(1.90621 -0.168699 0)
(1.90133 -0.166401 0)
(1.8966 -0.164566 0)
(1.89207 -0.162523 0)
(1.88812 -0.158749 0)
(1.88611 -0.155269 0)
(1.88503 -0.152638 0)
(1.88362 -0.151608 0)
(1.88308 -0.149884 0)
(1.88251 -0.148115 0)
(1.88218 -0.146427 0)
(1.88287 -0.14437 0)
(1.88346 -0.142279 0)
(1.88393 -0.140199 0)
(1.88447 -0.138594 0)
(1.88473 -0.137162 0)
(1.88423 -0.135923 0)
(1.88355 -0.134552 0)
(1.88227 -0.132505 0)
(1.87933 -0.131417 0)
(1.87211 -0.130084 0)
(1.85692 -0.13209 0)
(1.84011 -0.136754 0)
(1.82446 -0.133306 0)
(1.81927 -0.131904 0)
(1.81806 -0.129693 0)
(1.81692 -0.127393 0)
(1.8165 -0.124888 0)
(1.81765 -0.121173 0)
(1.81907 -0.118678 0)
(1.82091 -0.117131 0)
(1.82312 -0.113798 0)
(1.82429 -0.110203 0)
(1.82455 -0.108708 0)
(1.82481 -0.10723 0)
(1.8255 -0.103261 0)
(1.98866 0.0730701 0)
(1.99392 0.0748852 0)
(1.99969 0.0749028 0)
(2.00538 0.074172 0)
(2.01043 0.0741513 0)
(2.01509 0.0757446 0)
(2.01908 0.077547 0)
(2.02334 0.0782017 0)
(2.02844 0.0781164 0)
(2.03377 0.0784226 0)
(2.03912 0.0795781 0)
(2.04456 0.0808594 0)
(2.04942 0.0825374 0)
(2.05392 0.0836745 0)
(2.05892 0.0849315 0)
(2.06386 0.0859921 0)
(2.06832 0.0867515 0)
(2.073 0.0871036 0)
(2.07801 0.0873287 0)
(2.08289 0.0873902 0)
(2.08772 0.0870395 0)
(2.09253 0.0867213 0)
(2.09768 0.0858805 0)
(2.10282 0.0845415 0)
(2.10806 0.0838076 0)
(2.11349 0.0832215 0)
(2.11982 0.08089 0)
(2.1266 0.077724 0)
(2.13244 0.0761318 0)
(2.13854 0.0742205 0)
(2.14526 0.0705277 0)
(2.15083 0.0671302 0)
(2.15439 0.0636383 0)
(2.15771 0.0607237 0)
(2.1619 0.0565638 0)
(2.16525 0.051736 0)
(2.16644 0.0473768 0)
(2.16815 0.0441089 0)
(2.17247 0.0400786 0)
(2.17337 0.0346497 0)
(2.17441 0.0303782 0)
(2.17603 0.0263267 0)
(2.17445 0.0209263 0)
(2.17382 0.0158334 0)
(2.17413 0.0139668 0)
(2.17013 0.00902519 0)
(2.16682 0.0035437 0)
(2.16598 0.00037634 0)
(2.16448 -0.00446478 0)
(2.16252 -0.00951929 0)
(2.16069 -0.0154972 0)
(2.16017 -0.0169494 0)
(2.15649 -0.0204655 0)
(2.15218 -0.0248879 0)
(2.14966 -0.0263534 0)
(2.14539 -0.0297106 0)
(2.14097 -0.0340849 0)
(2.13777 -0.0354689 0)
(2.13319 -0.0378074 0)
(2.12775 -0.0411601 0)
(2.12282 -0.0426857 0)
(2.11753 -0.0437452 0)
(2.11209 -0.0452211 0)
(2.10645 -0.0474391 0)
(2.10106 -0.0492511 0)
(2.09553 -0.050821 0)
(2.08976 -0.0525985 0)
(2.08405 -0.0536453 0)
(2.07833 -0.0545635 0)
(2.07186 -0.0568222 0)
(2.06384 -0.0619013 0)
(2.05468 -0.069158 0)
(2.04265 -0.0808815 0)
(2.02973 -0.0963725 0)
(2.01779 -0.110929 0)
(2.00031 -0.13363 0)
(1.99086 -0.143231 0)
(1.98449 -0.149724 0)
(1.96773 -0.169045 0)
(1.95899 -0.183786 0)
(1.95275 -0.182316 0)
(1.95018 -0.179839 0)
(1.94611 -0.182227 0)
(1.94062 -0.18502 0)
(1.9369 -0.186876 0)
(1.93347 -0.186544 0)
(1.93058 -0.185366 0)
(1.92828 -0.18326 0)
(1.92668 -0.181217 0)
(1.92535 -0.179405 0)
(1.92398 -0.177354 0)
(1.92228 -0.175399 0)
(1.92027 -0.173532 0)
(1.9188 -0.17122 0)
(1.91621 -0.169414 0)
(1.91293 -0.166474 0)
(1.91078 -0.163942 0)
(1.90674 -0.160491 0)
(1.90187 -0.157466 0)
(1.89676 -0.15522 0)
(1.89181 -0.152015 0)
(1.88911 -0.150489 0)
(1.88766 -0.149242 0)
(1.88603 -0.147586 0)
(1.88611 -0.145484 0)
(1.88633 -0.143214 0)
(1.88618 -0.141262 0)
(1.88606 -0.13973 0)
(1.88617 -0.138295 0)
(1.88636 -0.137218 0)
(1.88699 -0.135688 0)
(1.88768 -0.133605 0)
(1.88815 -0.132348 0)
(1.88663 -0.130392 0)
(1.88482 -0.128379 0)
(1.88065 -0.127482 0)
(1.87083 -0.126349 0)
(1.85378 -0.13051 0)
(1.8376 -0.132121 0)
(1.825 -0.128683 0)
(1.82234 -0.127012 0)
(1.82167 -0.124156 0)
(1.82066 -0.122117 0)
(1.82055 -0.119679 0)
(1.82182 -0.116079 0)
(1.82362 -0.114183 0)
(1.82506 -0.113285 0)
(1.82746 -0.109595 0)
(1.82851 -0.106583 0)
(1.82897 -0.10506 0)
(1.83046 -0.102775 0)
(1.83072 -0.0989118 0)
(1.98889 0.0711894 0)
(1.99439 0.0720078 0)
(2.00033 0.0712595 0)
(2.00586 0.0706956 0)
(2.01109 0.0720565 0)
(2.01544 0.0740223 0)
(2.0197 0.0746294 0)
(2.02489 0.0740768 0)
(2.03022 0.0732708 0)
(2.03487 0.0729942 0)
(2.03976 0.0738671 0)
(2.0452 0.0751776 0)
(2.05003 0.0763157 0)
(2.0551 0.0777112 0)
(2.0604 0.0786445 0)
(2.06524 0.0795542 0)
(2.06993 0.0800048 0)
(2.07471 0.0802807 0)
(2.07916 0.0805005 0)
(2.08326 0.080503 0)
(2.08726 0.0800413 0)
(2.09126 0.0795524 0)
(2.09577 0.0786505 0)
(2.10114 0.077524 0)
(2.10636 0.0763706 0)
(2.11208 0.0757322 0)
(2.11843 0.0740803 0)
(2.12496 0.071724 0)
(2.13025 0.0699059 0)
(2.13556 0.0681934 0)
(2.14085 0.064546 0)
(2.14593 0.0615202 0)
(2.14962 0.0578445 0)
(2.15254 0.055273 0)
(2.15665 0.0513056 0)
(2.15979 0.0480411 0)
(2.16221 0.0438887 0)
(2.16309 0.0407261 0)
(2.16655 0.0366616 0)
(2.16751 0.0316262 0)
(2.16859 0.0278119 0)
(2.1698 0.023791 0)
(2.1683 0.0188168 0)
(2.16771 0.0142327 0)
(2.1678 0.0126088 0)
(2.16406 0.00789803 0)
(2.16071 0.00252294 0)
(2.15974 -0.000212971 0)
(2.15849 -0.00417173 0)
(2.15668 -0.00848526 0)
(2.15493 -0.0141042 0)
(2.15475 -0.0156658 0)
(2.15205 -0.0185483 0)
(2.14791 -0.0226089 0)
(2.14558 -0.0241631 0)
(2.1418 -0.0272229 0)
(2.13765 -0.0311753 0)
(2.13456 -0.0324527 0)
(2.1303 -0.0343977 0)
(2.12521 -0.0374915 0)
(2.1206 -0.0391982 0)
(2.11566 -0.0404873 0)
(2.11033 -0.042352 0)
(2.1049 -0.04447 0)
(2.09937 -0.0462335 0)
(2.09355 -0.0480827 0)
(2.08718 -0.0505557 0)
(2.0793 -0.0552786 0)
(2.07037 -0.0623432 0)
(2.05935 -0.0723984 0)
(2.04571 -0.0883924 0)
(2.0342 -0.10241 0)
(2.01566 -0.126211 0)
(2.00266 -0.142478 0)
(1.99849 -0.146046 0)
(1.98267 -0.161776 0)
(1.97129 -0.180647 0)
(1.96437 -0.183905 0)
(1.96028 -0.180177 0)
(1.95682 -0.180931 0)
(1.9511 -0.183753 0)
(1.9464 -0.186909 0)
(1.94316 -0.187521 0)
(1.93973 -0.18711 0)
(1.93697 -0.185746 0)
(1.9348 -0.183846 0)
(1.93307 -0.182265 0)
(1.93146 -0.180296 0)
(1.92989 -0.178233 0)
(1.92877 -0.17624 0)
(1.92722 -0.173694 0)
(1.92581 -0.171521 0)
(1.92364 -0.169673 0)
(1.92228 -0.166492 0)
(1.92165 -0.163789 0)
(1.91822 -0.16019 0)
(1.91561 -0.157319 0)
(1.91155 -0.154556 0)
(1.90613 -0.151608 0)
(1.90068 -0.149727 0)
(1.89503 -0.147562 0)
(1.89172 -0.146752 0)
(1.88991 -0.144997 0)
(1.88934 -0.142846 0)
(1.88901 -0.14078 0)
(1.88852 -0.139204 0)
(1.88833 -0.137515 0)
(1.88814 -0.136454 0)
(1.88831 -0.135241 0)
(1.88966 -0.133432 0)
(1.89135 -0.131568 0)
(1.89204 -0.12937 0)
(1.89067 -0.128029 0)
(1.88858 -0.126061 0)
(1.88646 -0.125188 0)
(1.88102 -0.123961 0)
(1.869 -0.123777 0)
(1.85201 -0.128664 0)
(1.83604 -0.126328 0)
(1.82749 -0.124183 0)
(1.82607 -0.121773 0)
(1.8248 -0.119548 0)
(1.82376 -0.117951 0)
(1.82434 -0.115165 0)
(1.82603 -0.112213 0)
(1.828 -0.111009 0)
(1.82972 -0.109027 0)
(1.83232 -0.10537 0)
(1.83392 -0.102242 0)
(1.83447 -0.100921 0)
(1.83451 -0.0991032 0)
(1.83451 -0.0950441 0)
(1.98899 0.0690829 0)
(1.99459 0.0691524 0)
(2.00034 0.0682639 0)
(2.00586 0.068629 0)
(2.01098 0.0706907 0)
(2.01543 0.0720189 0)
(2.02085 0.0711002 0)
(2.02646 0.0698202 0)
(2.03172 0.0692321 0)
(2.03641 0.0690102 0)
(2.04098 0.0691373 0)
(2.04576 0.0696968 0)
(2.0508 0.0707159 0)
(2.05599 0.071885 0)
(2.06083 0.0727238 0)
(2.06543 0.0731973 0)
(2.07006 0.0734353 0)
(2.07452 0.07357 0)
(2.07892 0.0735429 0)
(2.08349 0.0735538 0)
(2.08811 0.0733576 0)
(2.09277 0.0728496 0)
(2.09725 0.0723023 0)
(2.10189 0.0712901 0)
(2.10636 0.0698595 0)
(2.11099 0.0689128 0)
(2.11541 0.0675369 0)
(2.12102 0.0653741 0)
(2.12624 0.0632091 0)
(2.13099 0.061488 0)
(2.13644 0.0584896 0)
(2.14148 0.0564248 0)
(2.14573 0.053147 0)
(2.14847 0.0510754 0)
(2.15207 0.0478048 0)
(2.15506 0.044377 0)
(2.15779 0.0415324 0)
(2.15979 0.0378266 0)
(2.16109 0.0345035 0)
(2.16238 0.0294379 0)
(2.16344 0.0258288 0)
(2.16417 0.0220941 0)
(2.16262 0.0173521 0)
(2.1624 0.0135665 0)
(2.16222 0.0121171 0)
(2.15884 0.00778115 0)
(2.15546 0.00294987 0)
(2.15403 0.000297641 0)
(2.15309 -0.00281899 0)
(2.15183 -0.00688698 0)
(2.14975 -0.0118021 0)
(2.14959 -0.014167 0)
(2.14781 -0.0165469 0)
(2.14394 -0.0202339 0)
(2.14174 -0.021933 0)
(2.13821 -0.0248687 0)
(2.13446 -0.0285191 0)
(2.13156 -0.0297341 0)
(2.12751 -0.0315184 0)
(2.12259 -0.0344314 0)
(2.11804 -0.0361994 0)
(2.11314 -0.0375978 0)
(2.1077 -0.0399568 0)
(2.10198 -0.0428754 0)
(2.09491 -0.0474591 0)
(2.08626 -0.0546245 0)
(2.0757 -0.0638287 0)
(2.06164 -0.0794304 0)
(2.04971 -0.09328 0)
(2.03269 -0.115902 0)
(2.01622 -0.139062 0)
(2.01053 -0.142089 0)
(1.99992 -0.153641 0)
(1.984 -0.174134 0)
(1.97652 -0.18446 0)
(1.97078 -0.182142 0)
(1.96708 -0.179838 0)
(1.96256 -0.182187 0)
(1.95706 -0.184308 0)
(1.95285 -0.186423 0)
(1.9494 -0.186881 0)
(1.94615 -0.186307 0)
(1.94356 -0.18482 0)
(1.94145 -0.183391 0)
(1.9396 -0.181881 0)
(1.93791 -0.18015 0)
(1.93712 -0.17817 0)
(1.93569 -0.175425 0)
(1.93393 -0.173265 0)
(1.93205 -0.171887 0)
(1.93061 -0.169203 0)
(1.93055 -0.166323 0)
(1.92898 -0.163672 0)
(1.92687 -0.160236 0)
(1.92631 -0.157942 0)
(1.92321 -0.154829 0)
(1.91991 -0.152359 0)
(1.91554 -0.150501 0)
(1.90971 -0.147954 0)
(1.90349 -0.146403 0)
(1.89832 -0.144149 0)
(1.89524 -0.141636 0)
(1.89393 -0.139624 0)
(1.89307 -0.137782 0)
(1.89196 -0.136608 0)
(1.89089 -0.135701 0)
(1.89048 -0.134382 0)
(1.89052 -0.132956 0)
(1.89162 -0.131148 0)
(1.89304 -0.129183 0)
(1.89405 -0.127337 0)
(1.8938 -0.12575 0)
(1.89244 -0.124268 0)
(1.89134 -0.122381 0)
(1.88879 -0.121341 0)
(1.88227 -0.119668 0)
(1.86824 -0.121316 0)
(1.85165 -0.12451 0)
(1.83497 -0.120967 0)
(1.83016 -0.119658 0)
(1.82878 -0.117761 0)
(1.82735 -0.116318 0)
(1.82763 -0.113546 0)
(1.82836 -0.11128 0)
(1.83042 -0.109156 0)
(1.83329 -0.106515 0)
(1.83511 -0.104384 0)
(1.83706 -0.101378 0)
(1.83815 -0.099078 0)
(1.83794 -0.0980322 0)
(1.83826 -0.0959876 0)
(1.83888 -0.0917372 0)
(1.98926 0.0671141 0)
(1.99472 0.0668036 0)
(2.00015 0.0660709 0)
(2.00553 0.0669541 0)
(2.01054 0.0689715 0)
(2.01555 0.0694871 0)
(2.02162 0.0675563 0)
(2.02717 0.0658312 0)
(2.03237 0.0659603 0)
(2.03698 0.0659679 0)
(2.04151 0.065038 0)
(2.04631 0.0648291 0)
(2.05164 0.0657184 0)
(2.05634 0.0664616 0)
(2.06127 0.0668589 0)
(2.06633 0.0670557 0)
(2.07137 0.067268 0)
(2.07623 0.067447 0)
(2.08074 0.067529 0)
(2.08487 0.0673752 0)
(2.08866 0.0670318 0)
(2.09232 0.0668072 0)
(2.09584 0.0662285 0)
(2.10021 0.065169 0)
(2.1048 0.0636611 0)
(2.10923 0.0626088 0)
(2.11398 0.0611763 0)
(2.11962 0.0596274 0)
(2.12475 0.0577397 0)
(2.12897 0.0562322 0)
(2.13324 0.0538094 0)
(2.13778 0.0514502 0)
(2.1418 0.0486425 0)
(2.14432 0.046308 0)
(2.14733 0.0437704 0)
(2.15041 0.0405352 0)
(2.15271 0.0378423 0)
(2.15562 0.0344654 0)
(2.15654 0.031775 0)
(2.15772 0.0275734 0)
(2.15873 0.0241435 0)
(2.15954 0.0210238 0)
(2.15805 0.0166237 0)
(2.15789 0.0130176 0)
(2.15761 0.011598 0)
(2.1546 0.00778135 0)
(2.15107 0.00347647 0)
(2.14917 0.000794011 0)
(2.14811 -0.00199392 0)
(2.14721 -0.00588459 0)
(2.14527 -0.00997079 0)
(2.14487 -0.0127975 0)
(2.14342 -0.0152149 0)
(2.14025 -0.0183631 0)
(2.13819 -0.019956 0)
(2.13463 -0.0229155 0)
(2.13135 -0.0263565 0)
(2.12851 -0.0275677 0)
(2.12455 -0.0292976 0)
(2.11971 -0.0323902 0)
(2.1148 -0.035229 0)
(2.10859 -0.0391535 0)
(2.10046 -0.0462055 0)
(2.09086 -0.0553658 0)
(2.07743 -0.0706795 0)
(2.06541 -0.0847799 0)
(2.05096 -0.103625 0)
(2.03145 -0.132811 0)
(2.02146 -0.139856 0)
(2.01693 -0.145747 0)
(1.99887 -0.163399 0)
(1.9881 -0.180383 0)
(1.98163 -0.183234 0)
(1.97743 -0.180233 0)
(1.97352 -0.180788 0)
(1.96824 -0.183167 0)
(1.96316 -0.184788 0)
(1.95951 -0.185973 0)
(1.9555 -0.186153 0)
(1.95239 -0.185318 0)
(1.94975 -0.184072 0)
(1.94768 -0.182967 0)
(1.9461 -0.181054 0)
(1.94544 -0.179085 0)
(1.94428 -0.176337 0)
(1.9424 -0.174026 0)
(1.94006 -0.172988 0)
(1.93878 -0.17083 0)
(1.93847 -0.167816 0)
(1.93732 -0.165747 0)
(1.93592 -0.163027 0)
(1.9355 -0.160042 0)
(1.93331 -0.15799 0)
(1.93091 -0.15559 0)
(1.92984 -0.153847 0)
(1.92728 -0.151486 0)
(1.924 -0.148582 0)
(1.91998 -0.146156 0)
(1.91428 -0.143481 0)
(1.90793 -0.142151 0)
(1.90183 -0.139111 0)
(1.89777 -0.137097 0)
(1.8964 -0.135736 0)
(1.89513 -0.134744 0)
(1.89378 -0.133762 0)
(1.89347 -0.131994 0)
(1.8941 -0.13033 0)
(1.89449 -0.128426 0)
(1.89507 -0.126527 0)
(1.89605 -0.125226 0)
(1.89626 -0.123769 0)
(1.89607 -0.122247 0)
(1.89508 -0.120803 0)
(1.89333 -0.118661 0)
(1.89003 -0.117528 0)
(1.88203 -0.115873 0)
(1.86652 -0.118808 0)
(1.84977 -0.119905 0)
(1.83533 -0.117172 0)
(1.83285 -0.115669 0)
(1.8318 -0.113943 0)
(1.83104 -0.112196 0)
(1.83183 -0.109024 0)
(1.83272 -0.107446 0)
(1.8349 -0.105775 0)
(1.8377 -0.102648 0)
(1.83961 -0.100427 0)
(1.84098 -0.0989836 0)
(1.84207 -0.0969852 0)
(1.84277 -0.0945529 0)
(1.84318 -0.0921715 0)
(1.84303 -0.0884826 0)
(1.98959 0.0650379 0)
(1.99467 0.064527 0)
(1.99975 0.0641337 0)
(2.00499 0.0653391 0)
(2.01 0.0669854 0)
(2.0156 0.0667111 0)
(2.0217 0.064484 0)
(2.02714 0.0632734 0)
(2.03219 0.0640033 0)
(2.03689 0.0638848 0)
(2.04215 0.0619872 0)
(2.04699 0.0607305 0)
(2.0521 0.0612286 0)
(2.05685 0.0618524 0)
(2.06177 0.0614348 0)
(2.0663 0.0612072 0)
(2.07091 0.0614918 0)
(2.07526 0.0618241 0)
(2.07951 0.0616716 0)
(2.0837 0.0615605 0)
(2.08779 0.0610379 0)
(2.09185 0.0606743 0)
(2.09633 0.0600286 0)
(2.10109 0.0594361 0)
(2.10549 0.058034 0)
(2.10969 0.0571785 0)
(2.11401 0.0561801 0)
(2.11867 0.0544582 0)
(2.12319 0.0525758 0)
(2.12667 0.0509602 0)
(2.13017 0.0488095 0)
(2.1343 0.0463626 0)
(2.13801 0.0441196 0)
(2.14074 0.0416232 0)
(2.1433 0.0397757 0)
(2.14632 0.0368624 0)
(2.14848 0.0340976 0)
(2.15121 0.0310641 0)
(2.15223 0.0283457 0)
(2.15317 0.0249297 0)
(2.1543 0.0218632 0)
(2.15538 0.0191309 0)
(2.15417 0.0151359 0)
(2.15383 0.0114262 0)
(2.15353 0.0103072 0)
(2.15077 0.00718686 0)
(2.14711 0.00315883 0)
(2.145 0.000409826 0)
(2.14383 -0.00226161 0)
(2.1429 -0.00592787 0)
(2.14106 -0.00933272 0)
(2.14086 -0.0120232 0)
(2.13926 -0.0149464 0)
(2.13711 -0.0170437 0)
(2.13485 -0.0185137 0)
(2.13101 -0.0217959 0)
(2.12804 -0.025155 0)
(2.12476 -0.0273856 0)
(2.11967 -0.0309518 0)
(2.11229 -0.0381535 0)
(2.10381 -0.0472617 0)
(2.0914 -0.0617487 0)
(2.07907 -0.0777615 0)
(2.06807 -0.0917271 0)
(2.04803 -0.122048 0)
(2.03403 -0.140172 0)
(2.02918 -0.140475 0)
(2.01797 -0.152736 0)
(2.00146 -0.171156 0)
(1.99329 -0.181526 0)
(1.98757 -0.18158 0)
(1.98324 -0.179483 0)
(1.97925 -0.181056 0)
(1.97413 -0.182431 0)
(1.96982 -0.183722 0)
(1.96596 -0.185195 0)
(1.96219 -0.185192 0)
(1.95918 -0.184417 0)
(1.95607 -0.183721 0)
(1.95399 -0.182343 0)
(1.95306 -0.180063 0)
(1.95244 -0.177396 0)
(1.95088 -0.174753 0)
(1.9488 -0.173202 0)
(1.94698 -0.17151 0)
(1.94586 -0.168943 0)
(1.94476 -0.166612 0)
(1.94412 -0.164173 0)
(1.94321 -0.161595 0)
(1.94175 -0.159789 0)
(1.93943 -0.157984 0)
(1.93803 -0.155954 0)
(1.93692 -0.154126 0)
(1.93478 -0.151922 0)
(1.93352 -0.1495 0)
(1.93179 -0.147512 0)
(1.92842 -0.144469 0)
(1.92436 -0.141815 0)
(1.9186 -0.138995 0)
(1.91158 -0.137848 0)
(1.9047 -0.135176 0)
(1.90023 -0.134078 0)
(1.89862 -0.132932 0)
(1.89765 -0.131093 0)
(1.89739 -0.129433 0)
(1.89744 -0.127468 0)
(1.89693 -0.125862 0)
(1.8969 -0.124269 0)
(1.89734 -0.123149 0)
(1.89811 -0.122223 0)
(1.89899 -0.120147 0)
(1.8992 -0.118371 0)
(1.89739 -0.116698 0)
(1.8956 -0.114622 0)
(1.89141 -0.113741 0)
(1.88158 -0.112822 0)
(1.86503 -0.116475 0)
(1.84818 -0.115624 0)
(1.83737 -0.113542 0)
(1.83605 -0.111638 0)
(1.83508 -0.110292 0)
(1.83491 -0.108098 0)
(1.83553 -0.105239 0)
(1.8368 -0.104172 0)
(1.83902 -0.102685 0)
(1.84202 -0.0992389 0)
(1.8441 -0.0969804 0)
(1.84536 -0.0959856 0)
(1.8467 -0.0937634 0)
(1.84683 -0.091036 0)
(1.84625 -0.0893419 0)
(1.84681 -0.0854171 0)
(1.9899 0.0628291 0)
(1.99458 0.0623859 0)
(1.9994 0.0624612 0)
(2.00441 0.0637419 0)
(2.00943 0.064885 0)
(2.01525 0.0641391 0)
(2.02108 0.0620691 0)
(2.02638 0.0614447 0)
(2.0313 0.0623657 0)
(2.03632 0.0618374 0)
(2.04215 0.0592579 0)
(2.04711 0.0574013 0)
(2.05215 0.0576669 0)
(2.05666 0.0579519 0)
(2.06157 0.0568566 0)
(2.06622 0.0562508 0)
(2.07111 0.0565495 0)
(2.07582 0.0566105 0)
(2.08061 0.056511 0)
(2.08479 0.0564186 0)
(2.08871 0.0558129 0)
(2.09255 0.0554245 0)
(2.09626 0.0548776 0)
(2.10033 0.0538851 0)
(2.10435 0.0525171 0)
(2.10828 0.0517875 0)
(2.11237 0.0506361 0)
(2.11689 0.0488257 0)
(2.1213 0.0472492 0)
(2.12482 0.0456803 0)
(2.12827 0.0439704 0)
(2.13213 0.0418172 0)
(2.13538 0.0396689 0)
(2.13772 0.0371846 0)
(2.13976 0.0356495 0)
(2.14243 0.0328642 0)
(2.14447 0.0300323 0)
(2.14697 0.0273641 0)
(2.14817 0.0247819 0)
(2.14906 0.0219165 0)
(2.15033 0.0193214 0)
(2.15141 0.0167383 0)
(2.15045 0.0130709 0)
(2.15019 0.00983287 0)
(2.14972 0.00892038 0)
(2.14683 0.00603923 0)
(2.14375 0.00260918 0)
(2.14162 4.14121e-05 0)
(2.14014 -0.00249553 0)
(2.13948 -0.00559413 0)
(2.13825 -0.00885536 0)
(2.13641 -0.0122242 0)
(2.13554 -0.0154941 0)
(2.13411 -0.0165111 0)
(2.13064 -0.0191045 0)
(2.12579 -0.0245787 0)
(2.12034 -0.0317863 0)
(2.11367 -0.040136 0)
(2.10324 -0.0532335 0)
(2.09007 -0.0718471 0)
(2.08173 -0.0830734 0)
(2.0648 -0.106266 0)
(2.04753 -0.137276 0)
(2.03792 -0.142466 0)
(2.03417 -0.145243 0)
(2.0196 -0.158979 0)
(2.0064 -0.174123 0)
(1.99954 -0.180308 0)
(1.99413 -0.179534 0)
(1.98966 -0.178487 0)
(1.98587 -0.180109 0)
(1.98063 -0.181036 0)
(1.9766 -0.182468 0)
(1.9722 -0.183476 0)
(1.96865 -0.183358 0)
(1.96566 -0.18266 0)
(1.96273 -0.182141 0)
(1.96091 -0.180868 0)
(1.96038 -0.178699 0)
(1.95943 -0.175728 0)
(1.95735 -0.173707 0)
(1.95543 -0.171943 0)
(1.95413 -0.169596 0)
(1.95217 -0.167737 0)
(1.95099 -0.165236 0)
(1.9507 -0.16262 0)
(1.94923 -0.160633 0)
(1.9477 -0.158882 0)
(1.94612 -0.156991 0)
(1.94421 -0.155958 0)
(1.9423 -0.154173 0)
(1.94177 -0.152099 0)
(1.94138 -0.149645 0)
(1.93943 -0.147179 0)
(1.93753 -0.144453 0)
(1.93598 -0.142971 0)
(1.93241 -0.140706 0)
(1.92802 -0.138272 0)
(1.92233 -0.135538 0)
(1.91507 -0.134171 0)
(1.90824 -0.132565 0)
(1.90342 -0.130199 0)
(1.90182 -0.128088 0)
(1.90118 -0.126063 0)
(1.90021 -0.125022 0)
(1.89961 -0.123603 0)
(1.89904 -0.122636 0)
(1.8991 -0.121365 0)
(1.90014 -0.119492 0)
(1.90176 -0.117786 0)
(1.90282 -0.115869 0)
(1.90165 -0.114765 0)
(1.89911 -0.112861 0)
(1.89723 -0.111653 0)
(1.89201 -0.110708 0)
(1.88073 -0.110402 0)
(1.86434 -0.113556 0)
(1.84816 -0.110897 0)
(1.84097 -0.10915 0)
(1.83984 -0.107641 0)
(1.83849 -0.106697 0)
(1.83863 -0.104254 0)
(1.83929 -0.101975 0)
(1.84072 -0.101338 0)
(1.84336 -0.0993865 0)
(1.8465 -0.0957714 0)
(1.84838 -0.093858 0)
(1.84948 -0.0928977 0)
(1.85028 -0.0905595 0)
(1.85042 -0.0875791 0)
(1.85002 -0.0858245 0)
(1.85055 -0.0822819 0)
(1.99046 0.0608797 0)
(1.99475 0.0604915 0)
(1.99925 0.0608609 0)
(2.00391 0.0620018 0)
(2.00884 0.0626469 0)
(2.01451 0.0617151 0)
(2.01999 0.060187 0)
(2.02521 0.0602173 0)
(2.03005 0.0610376 0)
(2.03549 0.0599166 0)
(2.0416 0.0568827 0)
(2.04667 0.0549144 0)
(2.05169 0.0551837 0)
(2.05628 0.0550048 0)
(2.06154 0.053274 0)
(2.06599 0.051919 0)
(2.07058 0.0519063 0)
(2.07513 0.0522021 0)
(2.0789 0.0519573 0)
(2.08294 0.0512638 0)
(2.08694 0.0504991 0)
(2.09094 0.0501266 0)
(2.09518 0.0491419 0)
(2.09965 0.0482938 0)
(2.10393 0.0469995 0)
(2.10821 0.0463072 0)
(2.11246 0.0453606 0)
(2.11677 0.0437719 0)
(2.1206 0.0420466 0)
(2.12345 0.0407165 0)
(2.12636 0.0391616 0)
(2.12965 0.0369189 0)
(2.13257 0.0349787 0)
(2.1349 0.0326477 0)
(2.13683 0.0312737 0)
(2.13948 0.028739 0)
(2.14149 0.0261773 0)
(2.14383 0.0236181 0)
(2.14469 0.021441 0)
(2.14557 0.0188828 0)
(2.14679 0.0167063 0)
(2.14776 0.014325 0)
(2.14691 0.0110538 0)
(2.14678 0.00848896 0)
(2.14625 0.00766696 0)
(2.14325 0.00478642 0)
(2.14084 0.00222593 0)
(2.13881 -0.000256278 0)
(2.13662 -0.00311852 0)
(2.13607 -0.00546637 0)
(2.13493 -0.00880555 0)
(2.13195 -0.0140322 0)
(2.1301 -0.0189835 0)
(2.12625 -0.0237793 0)
(2.11932 -0.0323393 0)
(2.11045 -0.046087 0)
(2.0978 -0.0668965 0)
(2.08906 -0.0798078 0)
(2.08039 -0.0931694 0)
(2.0602 -0.123658 0)
(2.04819 -0.145178 0)
(2.04171 -0.145222 0)
(2.03691 -0.15079 0)
(2.02324 -0.16303 0)
(2.01256 -0.174608 0)
(2.00649 -0.17877 0)
(2.0009 -0.177928 0)
(1.99666 -0.177087 0)
(1.99333 -0.177825 0)
(1.98837 -0.179129 0)
(1.98403 -0.180811 0)
(1.97939 -0.181626 0)
(1.97564 -0.181292 0)
(1.97212 -0.180616 0)
(1.96918 -0.179946 0)
(1.96823 -0.1784 0)
(1.9676 -0.175992 0)
(1.96631 -0.173577 0)
(1.9644 -0.171583 0)
(1.96227 -0.170275 0)
(1.95994 -0.168815 0)
(1.95866 -0.166529 0)
(1.95789 -0.164245 0)
(1.95679 -0.161812 0)
(1.95543 -0.159245 0)
(1.95363 -0.157451 0)
(1.95188 -0.156601 0)
(1.94996 -0.155497 0)
(1.94866 -0.15354 0)
(1.94845 -0.151583 0)
(1.94703 -0.149782 0)
(1.94564 -0.147548 0)
(1.94479 -0.144835 0)
(1.94273 -0.142873 0)
(1.94051 -0.140565 0)
(1.93917 -0.139219 0)
(1.93608 -0.137406 0)
(1.93181 -0.134814 0)
(1.92643 -0.131538 0)
(1.91948 -0.129852 0)
(1.91246 -0.127962 0)
(1.90682 -0.125105 0)
(1.90483 -0.123392 0)
(1.9037 -0.122328 0)
(1.90231 -0.121511 0)
(1.90211 -0.120059 0)
(1.90221 -0.118611 0)
(1.90269 -0.116884 0)
(1.9035 -0.114976 0)
(1.90434 -0.113784 0)
(1.90449 -0.112944 0)
(1.90283 -0.111919 0)
(1.90088 -0.109415 0)
(1.89888 -0.108306 0)
(1.89321 -0.10658 0)
(1.8809 -0.106939 0)
(1.86464 -0.109536 0)
(1.84868 -0.106609 0)
(1.84401 -0.105463 0)
(1.8427 -0.104446 0)
(1.84147 -0.103389 0)
(1.84221 -0.100923 0)
(1.8432 -0.0988489 0)
(1.84489 -0.0979977 0)
(1.8479 -0.0957136 0)
(1.85083 -0.0922131 0)
(1.85243 -0.0905876 0)
(1.85307 -0.0896146 0)
(1.85373 -0.0872331 0)
(1.85342 -0.0847621 0)
(1.85319 -0.082908 0)
(1.85419 -0.0791244 0)
(1.99085 0.0586847 0)
(1.99485 0.0583377 0)
(1.9991 0.0588783 0)
(2.0035 0.0598963 0)
(2.00831 0.0602344 0)
(2.01366 0.0594149 0)
(2.01884 0.0585815 0)
(2.0239 0.0590397 0)
(2.02873 0.0595636 0)
(2.03452 0.0579652 0)
(2.04058 0.0547673 0)
(2.04566 0.0528763 0)
(2.05059 0.0532182 0)
(2.05531 0.0527023 0)
(2.06066 0.0503532 0)
(2.0651 0.0485268 0)
(2.06966 0.0484949 0)
(2.07383 0.0485091 0)
(2.07799 0.0472545 0)
(2.08265 0.0464994 0)
(2.08702 0.0453061 0)
(2.09137 0.0449464 0)
(2.09579 0.0441373 0)
(2.09999 0.0430927 0)
(2.1036 0.0417453 0)
(2.10742 0.0412198 0)
(2.11115 0.0403118 0)
(2.11487 0.0384772 0)
(2.11869 0.0370237 0)
(2.12165 0.0356418 0)
(2.12466 0.0340449 0)
(2.12804 0.0321583 0)
(2.13083 0.0302958 0)
(2.13269 0.0284107 0)
(2.13439 0.0271922 0)
(2.13666 0.0248762 0)
(2.1384 0.0225936 0)
(2.1405 0.0202556 0)
(2.14115 0.018486 0)
(2.14214 0.0160818 0)
(2.14323 0.014228 0)
(2.14416 0.0120317 0)
(2.14343 0.00919948 0)
(2.14348 0.00739207 0)
(2.14261 0.00606443 0)
(2.1404 0.00374049 0)
(2.13813 0.00170454 0)
(2.13514 -0.00172026 0)
(2.13275 -0.00534083 0)
(2.13054 -0.0092067 0)
(2.12663 -0.0159997 0)
(2.12066 -0.0278429 0)
(2.11487 -0.0396998 0)
(2.10426 -0.0576367 0)
(2.09175 -0.0774961 0)
(2.08671 -0.0874088 0)
(2.07294 -0.108689 0)
(2.05666 -0.137776 0)
(2.04811 -0.150276 0)
(2.04356 -0.148987 0)
(2.03875 -0.154761 0)
(2.02772 -0.164554 0)
(2.01884 -0.17367 0)
(2.01348 -0.177184 0)
(2.00799 -0.176769 0)
(2.00402 -0.175642 0)
(2.00079 -0.175664 0)
(1.99709 -0.176905 0)
(1.99232 -0.178734 0)
(1.98775 -0.1791 0)
(1.98343 -0.178942 0)
(1.97928 -0.178308 0)
(1.97652 -0.17733 0)
(1.97545 -0.175391 0)
(1.97444 -0.172712 0)
(1.97305 -0.170491 0)
(1.97124 -0.169032 0)
(1.96909 -0.168004 0)
(1.96662 -0.16702 0)
(1.96467 -0.165132 0)
(1.96423 -0.163281 0)
(1.96311 -0.160609 0)
(1.96146 -0.158397 0)
(1.95959 -0.157141 0)
(1.95756 -0.155995 0)
(1.95608 -0.154548 0)
(1.95443 -0.15314 0)
(1.95369 -0.151471 0)
(1.95306 -0.149201 0)
(1.95188 -0.14652 0)
(1.95041 -0.144892 0)
(1.94829 -0.143418 0)
(1.94723 -0.141199 0)
(1.94569 -0.139419 0)
(1.94365 -0.13744 0)
(1.94241 -0.135376 0)
(1.93998 -0.133422 0)
(1.93593 -0.13073 0)
(1.93062 -0.12726 0)
(1.92358 -0.125358 0)
(1.91594 -0.123888 0)
(1.90939 -0.12102 0)
(1.90718 -0.120006 0)
(1.90597 -0.118599 0)
(1.90588 -0.117025 0)
(1.90567 -0.115533 0)
(1.90519 -0.1143 0)
(1.90522 -0.112492 0)
(1.90544 -0.111568 0)
(1.90572 -0.11085 0)
(1.9062 -0.109073 0)
(1.90513 -0.10747 0)
(1.90339 -0.105027 0)
(1.9007 -0.104021 0)
(1.89379 -0.102524 0)
(1.88011 -0.103389 0)
(1.86368 -0.105808 0)
(1.85 -0.103155 0)
(1.84671 -0.10211 0)
(1.84565 -0.101052 0)
(1.84487 -0.0998511 0)
(1.84581 -0.097635 0)
(1.84729 -0.0952496 0)
(1.84948 -0.0939922 0)
(1.8521 -0.0920672 0)
(1.85451 -0.0891542 0)
(1.85579 -0.0878848 0)
(1.85643 -0.0865358 0)
(1.85709 -0.0840723 0)
(1.85732 -0.081199 0)
(1.85728 -0.0791806 0)
(1.85799 -0.0759595 0)
(1.99164 0.0566172 0)
(1.99539 0.0563926 0)
(1.99935 0.0570283 0)
(2.00345 0.0577924 0)
(2.00803 0.057884 0)
(2.01298 0.0572403 0)
(2.01788 0.0569548 0)
(2.02274 0.0575789 0)
(2.02757 0.0576964 0)
(2.0335 0.0557383 0)
(2.03921 0.0527275 0)
(2.04424 0.0513551 0)
(2.049 0.0517238 0)
(2.0538 0.0508248 0)
(2.05926 0.0480444 0)
(2.06374 0.0459647 0)
(2.06835 0.0458706 0)
(2.07246 0.0454508 0)
(2.07716 0.0437981 0)
(2.0817 0.0418464 0)
(2.08561 0.0406094 0)
(2.08983 0.0403897 0)
(2.09353 0.0396276 0)
(2.09792 0.0381949 0)
(2.10185 0.0365192 0)
(2.10583 0.0359518 0)
(2.11001 0.0347491 0)
(2.11451 0.0334286 0)
(2.11809 0.0318085 0)
(2.12083 0.030902 0)
(2.12356 0.0296061 0)
(2.12635 0.0278536 0)
(2.12887 0.0263171 0)
(2.13062 0.0248425 0)
(2.1324 0.023545 0)
(2.13449 0.0214278 0)
(2.13608 0.0195131 0)
(2.1378 0.0172723 0)
(2.13814 0.0158152 0)
(2.13919 0.0135463 0)
(2.14051 0.011873 0)
(2.14094 0.00977551 0)
(2.14032 0.00771715 0)
(2.14008 0.00580694 0)
(2.1389 0.00332965 0)
(2.13675 0.0010268 0)
(2.13294 -0.00302437 0)
(2.12772 -0.0100667 0)
(2.12137 -0.0199362 0)
(2.11509 -0.0305661 0)
(2.10641 -0.0473375 0)
(2.09278 -0.0744859 0)
(2.08517 -0.0884744 0)
(2.08197 -0.0974917 0)
(2.06465 -0.121402 0)
(2.05277 -0.146772 0)
(2.04695 -0.153929 0)
(2.04351 -0.152128 0)
(2.03931 -0.15713 0)
(2.03136 -0.164471 0)
(2.02437 -0.1715 0)
(2.01979 -0.175266 0)
(2.01466 -0.175576 0)
(2.01068 -0.174634 0)
(2.00796 -0.174054 0)
(2.00531 -0.175145 0)
(2.00092 -0.1766 0)
(1.99664 -0.176429 0)
(1.9922 -0.176177 0)
(1.98774 -0.175611 0)
(1.9847 -0.174374 0)
(1.98286 -0.172252 0)
(1.98122 -0.169617 0)
(1.97971 -0.167493 0)
(1.97802 -0.16595 0)
(1.97584 -0.165097 0)
(1.97325 -0.164548 0)
(1.97103 -0.163131 0)
(1.97026 -0.16174 0)
(1.96907 -0.159581 0)
(1.96738 -0.157434 0)
(1.9656 -0.155849 0)
(1.96359 -0.155005 0)
(1.96157 -0.154166 0)
(1.95999 -0.152722 0)
(1.9591 -0.150839 0)
(1.95834 -0.148439 0)
(1.95694 -0.146553 0)
(1.95564 -0.144816 0)
(1.95455 -0.142588 0)
(1.95311 -0.141266 0)
(1.95116 -0.140069 0)
(1.94981 -0.137831 0)
(1.94929 -0.135723 0)
(1.94733 -0.133729 0)
(1.94541 -0.131082 0)
(1.94352 -0.129206 0)
(1.93979 -0.126923 0)
(1.93445 -0.123626 0)
(1.92759 -0.121366 0)
(1.91946 -0.120489 0)
(1.9128 -0.117752 0)
(1.91011 -0.115437 0)
(1.90932 -0.113891 0)
(1.90873 -0.112648 0)
(1.90788 -0.11168 0)
(1.90721 -0.110548 0)
(1.90723 -0.108702 0)
(1.90753 -0.107486 0)
(1.9087 -0.105869 0)
(1.90845 -0.104423 0)
(1.90661 -0.103094 0)
(1.90461 -0.10082 0)
(1.90139 -0.100323 0)
(1.8935 -0.0989776 0)
(1.87918 -0.100375 0)
(1.86357 -0.102323 0)
(1.85244 -0.0992515 0)
(1.84987 -0.0981787 0)
(1.84897 -0.0973491 0)
(1.84854 -0.0960971 0)
(1.84957 -0.0938885 0)
(1.85112 -0.0916906 0)
(1.8534 -0.0905566 0)
(1.85534 -0.0890757 0)
(1.8581 -0.0862032 0)
(1.85975 -0.0846209 0)
(1.86067 -0.0830645 0)
(1.86129 -0.0802346 0)
(1.86083 -0.0779069 0)
(1.86067 -0.0763499 0)
(1.86168 -0.0730877 0)
(1.99254 0.0545608 0)
(1.99603 0.0544156 0)
(1.99965 0.0550587 0)
(2.00344 0.0556064 0)
(2.00778 0.0554608 0)
(2.01241 0.0549956 0)
(2.01712 0.0551363 0)
(2.02181 0.0557453 0)
(2.02674 0.0554376 0)
(2.03255 0.05338 0)
(2.03784 0.0508786 0)
(2.04273 0.050175 0)
(2.04726 0.0505855 0)
(2.05215 0.049318 0)
(2.05757 0.0462815 0)
(2.06202 0.0440645 0)
(2.06655 0.0439206 0)
(2.07053 0.0433085 0)
(2.07563 0.0410561 0)
(2.08012 0.0381717 0)
(2.08413 0.0370218 0)
(2.0882 0.0366884 0)
(2.09264 0.0351159 0)
(2.09743 0.0334576 0)
(2.10127 0.0318205 0)
(2.10535 0.0313381 0)
(2.10889 0.0307401 0)
(2.11274 0.0291844 0)
(2.11577 0.0276839 0)
(2.11863 0.0271647 0)
(2.12169 0.02574 0)
(2.12471 0.0242803 0)
(2.12722 0.0227476 0)
(2.12877 0.0216824 0)
(2.13083 0.0202267 0)
(2.13233 0.0182682 0)
(2.13387 0.0166359 0)
(2.13519 0.0146245 0)
(2.13558 0.0128261 0)
(2.13694 0.0113137 0)
(2.13714 0.00929202 0)
(2.13707 0.00694053 0)
(2.13697 0.00470662 0)
(2.13488 -0.000138281 0)
(2.13156 -0.00651939 0)
(2.12569 -0.014887 0)
(2.11706 -0.0272733 0)
(2.10856 -0.0413998 0)
(2.09512 -0.0654391 0)
(2.08329 -0.0860387 0)
(2.08083 -0.0931902 0)
(2.07199 -0.110919 0)
(2.05644 -0.136513 0)
(2.04949 -0.152337 0)
(2.04529 -0.153133 0)
(2.04286 -0.152744 0)
(2.039 -0.15829 0)
(2.03305 -0.164215 0)
(2.02807 -0.169229 0)
(2.02435 -0.17279 0)
(2.02022 -0.173725 0)
(2.01655 -0.173372 0)
(2.01412 -0.172813 0)
(2.01217 -0.173941 0)
(2.00864 -0.174464 0)
(2.00507 -0.173896 0)
(2.00116 -0.173402 0)
(1.99708 -0.172732 0)
(1.9937 -0.171466 0)
(1.99094 -0.169513 0)
(1.98879 -0.16687 0)
(1.98671 -0.164494 0)
(1.9845 -0.163095 0)
(1.98236 -0.162443 0)
)
;

boundaryField
{
    inlet
    {
        type            fixedValue;
        value           nonuniform 0();
    }
    outlet
    {
        type            inletOutlet;
        inletValue      uniform (2 0 0);
        value           nonuniform List<vector> 
18
(
(1.7744 -0.138686 0)
(1.78362 -0.132655 0)
(1.79181 -0.127587 0)
(1.79863 -0.123376 0)
(1.80514 -0.119004 0)
(1.8106 -0.115066 0)
(1.81603 -0.111074 0)
(1.8208 -0.107301 0)
(1.8255 -0.103261 0)
(1.83072 -0.0989118 0)
(1.83451 -0.0950441 0)
(1.83888 -0.0917372 0)
(1.84303 -0.0884826 0)
(1.84681 -0.0854171 0)
(1.85055 -0.0822819 0)
(1.85419 -0.0791244 0)
(1.85799 -0.0759595 0)
(1.86168 -0.0730877 0)
)
;
    }
    bottom
    {
        type            symmetryPlane;
    }
    top
    {
        type            symmetryPlane;
    }
    obstacle
    {
        type            slip;
    }
    front
    {
        type            empty;
    }
    back
    {
        type            empty;
    }
    procBoundary15to7
    {
        type            processor;
        value           nonuniform List<vector> 
133
(
(2.28363 0.0924845 0)
(2.28521 0.0819296 0)
(2.29396 0.0707847 0)
(2.29492 0.0577518 0)
(2.29509 0.0434815 0)
(2.29932 0.0333184 0)
(2.29536 0.014971 0)
(2.29468 0.00352876 0)
(2.29483 -0.00195598 0)
(2.28541 -0.0173144 0)
(2.28037 -0.0340614 0)
(2.27801 -0.038272 0)
(2.27067 -0.0467605 0)
(2.25888 -0.0638701 0)
(2.25109 -0.0723437 0)
(2.24299 -0.0742303 0)
(2.23058 -0.083003 0)
(2.21819 -0.0951983 0)
(2.20714 -0.0996099 0)
(2.19582 -0.0991922 0)
(2.18301 -0.104224 0)
(2.16989 -0.114195 0)
(2.15834 -0.119717 0)
(2.14611 -0.119195 0)
(2.13423 -0.119545 0)
(2.12197 -0.124501 0)
(2.11088 -0.129054 0)
(2.09927 -0.129396 0)
(2.08779 -0.126818 0)
(2.07777 -0.125558 0)
(2.06803 -0.126896 0)
(2.05895 -0.128391 0)
(2.04989 -0.126796 0)
(2.04114 -0.123069 0)
(2.03317 -0.121476 0)
(2.02566 -0.119577 0)
(2.01711 -0.114898 0)
(2.01074 -0.110198 0)
(2.00521 -0.107925 0)
(1.99856 -0.103228 0)
(1.99278 -0.0977424 0)
(1.98894 -0.0949862 0)
(1.98422 -0.0905851 0)
(1.98006 -0.0855379 0)
(1.97746 -0.0830701 0)
(1.97437 -0.080076 0)
(1.97164 -0.0766188 0)
(1.96936 -0.073409 0)
(1.96686 -0.0694584 0)
(1.96478 -0.0653785 0)
(1.96314 -0.0618334 0)
(1.96141 -0.0582971 0)
(1.9598 -0.0551703 0)
(1.95836 -0.0531514 0)
(1.95672 -0.0510583 0)
(1.95498 -0.048674 0)
(1.95285 -0.0455828 0)
(1.95068 -0.0423344 0)
(1.94841 -0.0408507 0)
(1.94583 -0.0396456 0)
(1.94296 -0.0394224 0)
(1.93984 -0.0400367 0)
(1.9362 -0.0426737 0)
(1.93179 -0.0477128 0)
(1.92678 -0.0540379 0)
(1.91995 -0.0642888 0)
(1.91327 -0.0754028 0)
(1.90556 -0.0888844 0)
(1.8992 -0.101286 0)
(1.8908 -0.117442 0)
(1.88402 -0.130378 0)
(1.87797 -0.140833 0)
(1.87624 -0.144317 0)
(1.87173 -0.150307 0)
(1.86379 -0.160513 0)
(1.86062 -0.167332 0)
(1.85757 -0.166246 0)
(1.85591 -0.164791 0)
(1.85386 -0.165201 0)
(1.85098 -0.165631 0)
(1.84801 -0.167656 0)
(1.84455 -0.16857 0)
(1.83894 -0.167821 0)
(1.82934 -0.169016 0)
(1.81515 -0.17177 0)
(1.79797 -0.17405 0)
(1.78298 -0.180641 0)
(1.77343 -0.179511 0)
(1.76691 -0.177502 0)
(1.76315 -0.174371 0)
(1.76203 -0.170147 0)
(1.76223 -0.165047 0)
(1.76285 -0.159615 0)
(1.76446 -0.153421 0)
(1.7664 -0.144824 0)
(1.95407 0.103751 0)
(1.95856 0.107512 0)
(1.96221 0.110337 0)
(1.96686 0.113972 0)
(1.97131 0.118357 0)
(1.97417 0.121528 0)
(1.97741 0.125355 0)
(1.98257 0.12942 0)
(1.98713 0.134461 0)
(1.99086 0.137279 0)
(1.99708 0.142029 0)
(2.00427 0.147064 0)
(2.0097 0.15031 0)
(2.01585 0.153614 0)
(2.0246 0.15781 0)
(2.0329 0.162376 0)
(2.04068 0.165918 0)
(2.04919 0.16923 0)
(2.05809 0.170885 0)
(2.06766 0.171757 0)
(2.07765 0.173095 0)
(2.08761 0.174493 0)
(2.09788 0.174321 0)
(2.10892 0.172403 0)
(2.12082 0.170815 0)
(2.13317 0.172516 0)
(2.14522 0.174398 0)
(2.16067 0.169525 0)
(2.17747 0.158401 0)
(2.191 0.152888 0)
(2.2024 0.153979 0)
(2.21488 0.147999 0)
(2.23035 0.134597 0)
(2.23894 0.126523 0)
(2.24564 0.122192 0)
(2.2548 0.111292 0)
(2.26289 0.0990659 0)
(2.26289 0.0990659 0)
)
;
    }
    procBoundary15to14
    {
        type            processor;
        value           nonuniform List<vector> 
17
(
(1.95517 0.0967587 0)
(1.96109 0.0934482 0)
(1.96638 0.0891205 0)
(1.97144 0.0843359 0)
(1.97554 0.0800241 0)
(1.97846 0.076491 0)
(1.98056 0.0738051 0)
(1.98213 0.0719414 0)
(1.98306 0.0704912 0)
(1.98355 0.0691814 0)
(1.98389 0.0676957 0)
(1.98438 0.0662914 0)
(1.98503 0.0647099 0)
(1.98567 0.0628313 0)
(1.98649 0.0612129 0)
(1.98703 0.0592085 0)
(1.98796 0.0572969 0)
)
;
    }
    procBoundary15to22
    {
        type            processor;
        value           uniform (1.98897 0.0553208 0);
    }
    procBoundary15to23
    {
        type            processor;
        value           nonuniform List<vector> 
133
(
(1.97991 -0.162031 0)
(1.97739 -0.160928 0)
(1.97629 -0.159824 0)
(1.97494 -0.158053 0)
(1.97321 -0.156037 0)
(1.9714 -0.154518 0)
(1.96951 -0.153644 0)
(1.96737 -0.152964 0)
(1.96573 -0.151623 0)
(1.96488 -0.150093 0)
(1.96393 -0.148172 0)
(1.9627 -0.145614 0)
(1.96125 -0.143459 0)
(1.95976 -0.142519 0)
(1.95793 -0.141647 0)
(1.95669 -0.139881 0)
(1.95624 -0.137688 0)
(1.95473 -0.136022 0)
(1.95298 -0.133908 0)
(1.95253 -0.13158 0)
(1.95062 -0.129722 0)
(1.94836 -0.127643 0)
(1.94663 -0.125525 0)
(1.94341 -0.123954 0)
(1.93824 -0.120569 0)
(1.93176 -0.117729 0)
(1.9239 -0.116474 0)
(1.91644 -0.113084 0)
(1.9128 -0.111216 0)
(1.91171 -0.110589 0)
(1.91062 -0.10969 0)
(1.91018 -0.107893 0)
(1.90961 -0.106221 0)
(1.90977 -0.103922 0)
(1.90999 -0.102664 0)
(1.91046 -0.101475 0)
(1.90954 -0.100644 0)
(1.90748 -0.0986837 0)
(1.90614 -0.096976 0)
(1.90244 -0.0964492 0)
(1.89395 -0.094888 0)
(1.87921 -0.0968042 0)
(1.86462 -0.0978804 0)
(1.85471 -0.0950887 0)
(1.8529 -0.0944446 0)
(1.85206 -0.0937535 0)
(1.85215 -0.0921577 0)
(1.85282 -0.0902367 0)
(1.85439 -0.0889644 0)
(1.85664 -0.0876992 0)
(1.85957 -0.085109 0)
(1.86228 -0.0826526 0)
(1.86376 -0.0816847 0)
(1.8643 -0.0799376 0)
(1.86461 -0.0769539 0)
(1.86395 -0.0752173 0)
(1.86487 -0.0729095 0)
(1.86592 -0.0699041 0)
(1.99342 0.0526142 0)
(1.99676 0.052706 0)
(2.00004 0.0533186 0)
(2.00357 0.0535215 0)
(2.00764 0.0531322 0)
(2.01199 0.0527826 0)
(2.01653 0.0531311 0)
(2.02109 0.0535747 0)
(2.02614 0.0528834 0)
(2.03162 0.0509553 0)
(2.03655 0.0491475 0)
(2.04123 0.0490126 0)
(2.04552 0.0493595 0)
(2.05048 0.0477832 0)
(2.0557 0.044639 0)
(2.06007 0.0426345 0)
(2.06446 0.0425399 0)
(2.06841 0.0414273 0)
(2.07394 0.0385846 0)
(2.07829 0.0352136 0)
(2.08242 0.0342149 0)
(2.08645 0.034024 0)
(2.09113 0.0322633 0)
(2.09553 0.0297054 0)
(2.09915 0.028301 0)
(2.10306 0.0282286 0)
(2.1064 0.0276303 0)
(2.11062 0.0256941 0)
(2.11387 0.0240835 0)
(2.11712 0.0236838 0)
(2.12041 0.0223022 0)
(2.1234 0.0210908 0)
(2.12554 0.0197334 0)
(2.12708 0.0187184 0)
(2.1289 0.016969 0)
(2.12998 0.0153139 0)
(2.13118 0.0138328 0)
(2.13181 0.011727 0)
(2.13256 0.009391 0)
(2.13263 0.00645205 0)
(2.13171 0.00229064 0)
(2.12958 -0.00379947 0)
(2.12557 -0.0125578 0)
(2.11845 -0.026897 0)
(2.11156 -0.0405383 0)
(2.10164 -0.0582293 0)
(2.08604 -0.0851476 0)
(2.07828 -0.0965429 0)
(2.07633 -0.102972 0)
(2.06116 -0.122592 0)
(2.05077 -0.145355 0)
(2.04703 -0.153203 0)
(2.04424 -0.151888 0)
(2.04155 -0.153363 0)
(2.03773 -0.158343 0)
(2.03355 -0.162958 0)
(2.0302 -0.166988 0)
(2.02714 -0.170311 0)
(2.02407 -0.171498 0)
(2.02131 -0.171391 0)
(2.01912 -0.171398 0)
(2.01763 -0.172539 0)
(2.01501 -0.172246 0)
(2.01224 -0.171511 0)
(2.00914 -0.170849 0)
(2.00571 -0.170233 0)
(2.00245 -0.169042 0)
(1.99965 -0.167445 0)
(1.99722 -0.165205 0)
(1.99485 -0.162345 0)
(1.99183 -0.160684 0)
(1.98916 -0.160083 0)
(1.98666 -0.159629 0)
(1.97991 -0.162031 0)
(1.98413 -0.158725 0)
)
;
    }
}


// ************************************************************************* //
