/*--------------------------------*- C++ -*----------------------------------*\
  =========                 |
  \\      /  F ield         | OpenFOAM: The Open Source CFD Toolbox
   \\    /   O peration     | Website:  https://openfoam.org
    \\  /    A nd           | Version:  7
     \\/     M anipulation  |
\*---------------------------------------------------------------------------*/
FoamFile
{
    version     2.0;
    format      ascii;
    class       labelList;
    location    "constant/polyMesh";
    object      faceProcAddressing;
}
// * * * * * * * * * * * * * * * * * * * * * * * * * * * * * * * * * * * * * //


9860
(
527
528
529
530
531
532
533
534
535
536
537
538
539
540
541
542
543
544
545
546
547
548
549
550
551
552
553
554
555
556
557
558
559
560
561
562
563
564
565
566
567
568
569
570
571
572
573
574
575
576
577
578
579
580
581
582
583
584
585
586
587
588
589
590
591
592
593
594
595
596
597
598
599
600
601
602
603
604
605
606
607
608
609
610
611
612
613
614
615
616
617
618
619
620
621
622
623
624
625
626
627
628
629
630
631
632
633
634
635
636
637
638
639
640
641
642
643
644
645
646
647
648
649
650
651
652
653
654
655
656
657
658
659
660
661
662
663
664
665
666
667
668
669
670
671
672
673
674
675
676
677
678
679
680
681
682
683
684
685
686
687
688
689
690
691
692
693
694
695
696
697
698
699
700
701
702
703
704
705
706
707
708
709
710
711
712
713
714
715
716
717
718
719
720
721
722
723
724
725
726
727
728
729
730
731
732
733
734
735
736
737
738
739
740
741
742
743
744
745
746
747
748
749
750
751
752
753
754
755
756
757
758
759
760
761
762
763
764
765
766
767
768
1295
1296
1297
1298
1299
1300
1301
1302
1303
1304
1305
1306
1307
1308
1309
1310
1311
1312
1313
1314
1315
1316
1317
1318
1319
1320
1321
1322
1323
1324
1325
1326
1327
1328
1329
1330
1331
1332
1333
1334
1335
1336
1337
1338
1339
1340
1341
1342
1343
1344
1345
1346
1347
1348
1349
1350
1351
1352
1353
1354
1355
1356
1357
1358
1359
1360
1361
1362
1363
1364
1365
1366
1367
1368
1369
1370
1371
1372
1373
1374
1375
1376
1377
1378
1379
1380
1381
1382
1383
1384
1385
1386
1387
1388
1389
1390
1391
1392
1393
1394
1395
1396
1397
1398
1399
1400
1401
1402
1403
1404
1405
1406
1407
1408
1409
1410
1411
1412
1413
1414
1415
1416
1417
1418
1419
1420
1421
1422
1423
1424
1425
1426
1427
1428
1429
1430
1431
1432
1433
1434
1435
1436
1437
1438
1439
1440
1441
1442
1443
1444
1445
1446
1447
1448
1449
1450
1451
1452
1453
1454
1455
1456
1457
1458
1459
1460
1461
1462
1463
1464
1465
1466
1467
1468
1469
1470
1471
1472
1473
1474
1475
1476
1477
1478
1479
1480
1481
1482
1483
1484
1485
1486
1487
1488
1489
1490
1491
1492
1493
1494
1495
1496
1497
1498
1499
1500
1501
1502
1503
1504
1505
1506
1507
1508
1509
1510
1511
1512
1513
1514
1515
1516
1517
1518
1519
1520
1521
1522
1523
1524
1525
1526
1527
1528
1529
1530
1531
1532
1533
1534
1535
1536
2063
2064
2065
2066
2067
2068
2069
2070
2071
2072
2073
2074
2075
2076
2077
2078
2079
2080
2081
2082
2083
2084
2085
2086
2087
2088
2089
2090
2091
2092
2093
2094
2095
2096
2097
2098
2099
2100
2101
2102
2103
2104
2105
2106
2107
2108
2109
2110
2111
2112
2113
2114
2115
2116
2117
2118
2119
2120
2121
2122
2123
2124
2125
2126
2127
2128
2129
2130
2131
2132
2133
2134
2135
2136
2137
2138
2139
2140
2141
2142
2143
2144
2145
2146
2147
2148
2149
2150
2151
2152
2153
2154
2155
2156
2157
2158
2159
2160
2161
2162
2163
2164
2165
2166
2167
2168
2169
2170
2171
2172
2173
2174
2175
2176
2177
2178
2179
2180
2181
2182
2183
2184
2185
2186
2187
2188
2189
2190
2191
2192
2193
2194
2195
2196
2197
2198
2199
2200
2201
2202
2203
2204
2205
2206
2207
2208
2209
2210
2211
2212
2213
2214
2215
2216
2217
2218
2219
2220
2221
2222
2223
2224
2225
2226
2227
2228
2229
2230
2231
2232
2233
2234
2235
2236
2237
2238
2239
2240
2241
2242
2243
2244
2245
2246
2247
2248
2249
2250
2251
2252
2253
2254
2255
2256
2257
2258
2259
2260
2261
2262
2263
2264
2265
2266
2267
2268
2269
2270
2271
2272
2273
2274
2275
2276
2277
2278
2279
2280
2281
2282
2283
2284
2285
2286
2287
2288
2289
2290
2291
2292
2293
2294
2295
2296
2297
2298
2299
2300
2301
2302
2303
2304
2831
2833
2834
2835
2836
2837
2838
2839
2840
2841
2842
2843
2844
2845
2846
2847
2848
2849
2850
2851
2852
2853
2854
2855
2856
2857
2858
2859
2860
2861
2862
2863
2864
2865
2866
2867
2868
2869
2870
2871
2872
2873
2874
2875
2876
2877
2878
2879
2880
2881
2882
2883
2884
2885
2886
2887
2888
2889
2890
2891
2892
2893
2894
2895
2896
2897
2898
2899
2900
2901
2902
2903
2904
2905
2906
2907
2908
2909
2910
2911
2912
2913
2914
2915
2916
2917
2918
2919
2920
2921
2922
2923
2924
2925
2926
2927
2928
2929
2930
2931
2932
2933
2934
2935
2936
2937
2938
2939
2940
2941
2942
2943
2944
2945
2946
2947
2948
2949
2950
2951
2952
2953
2954
2955
2956
2957
2958
2959
2960
2961
2962
2963
2964
2965
2966
2967
2968
2969
2970
2971
2972
2973
2974
2975
2976
2977
2978
2979
2980
2981
2982
2983
2984
2985
2986
2987
2988
2989
2990
2991
2992
2993
2994
2995
2996
2997
2998
2999
3000
3001
3002
3003
3004
3005
3006
3007
3008
3009
3010
3011
3012
3013
3014
3015
3016
3017
3018
3019
3020
3021
3022
3023
3024
3025
3026
3027
3028
3029
3030
3031
3032
3033
3034
3035
3036
3037
3038
3039
3040
3041
3042
3043
3044
3045
3046
3047
3048
3049
3050
3051
3052
3053
3054
3055
3056
3057
3058
3059
3060
3061
3062
3063
3064
3065
3066
3067
3068
3069
3070
3071
3072
3601
3602
3603
3604
3605
3606
3607
3608
3609
3610
3611
3612
3613
3614
3615
3616
3617
3618
3619
3620
3621
3622
3623
3624
3625
3626
3627
3628
3629
3630
3631
3632
3633
3634
3635
3636
3637
3638
3639
3640
3641
3642
3643
3644
3645
3646
3647
3648
3649
3650
3651
3652
3653
3654
3655
3656
3657
3658
3659
3660
3661
3662
3663
3664
3665
3666
3667
3668
3669
3670
3671
3672
3673
3674
3675
3676
3677
3678
3679
3680
3681
3682
3683
3684
3685
3686
3687
3688
3689
3690
3691
3692
3693
3694
3695
3696
3697
3698
3699
3700
3701
3702
3703
3704
3705
3706
3707
3708
3709
3710
3711
3712
3713
3714
3715
3716
3717
3718
3719
3720
3721
3722
3723
3724
3725
3726
3727
3728
3729
3730
3731
3732
3733
3734
3735
3736
3737
3738
3739
3740
3741
3742
3743
3744
3745
3746
3747
3748
3749
3750
3751
3752
3753
3754
3755
3756
3757
3758
3759
3760
3761
3762
3763
3764
3765
3766
3767
3768
3769
3770
3771
3772
3773
3774
3775
3776
3777
3778
3779
3780
3781
3782
3783
3784
3785
3786
3787
3788
3789
3790
3791
3792
3793
3794
3795
3796
3797
3798
3799
3800
3801
3802
3803
3804
3805
3806
3807
3808
3809
3810
3811
3812
3813
3814
3815
3816
3817
3818
3819
3820
3821
3822
3823
3824
3825
3826
3827
3828
3829
3830
3831
3832
3833
3834
3835
3836
3837
3838
3839
3840
4369
4370
4371
4372
4373
4374
4375
4376
4377
4378
4379
4380
4381
4382
4383
4384
4385
4386
4387
4388
4389
4390
4391
4392
4393
4394
4395
4396
4397
4398
4399
4400
4401
4402
4403
4404
4405
4406
4407
4408
4409
4410
4411
4412
4413
4414
4415
4416
4417
4418
4419
4420
4421
4422
4423
4424
4425
4426
4427
4428
4429
4430
4431
4432
4433
4434
4435
4436
4437
4438
4439
4440
4441
4442
4443
4444
4445
4446
4447
4448
4449
4450
4451
4452
4453
4454
4455
4456
4457
4458
4459
4460
4461
4462
4463
4464
4465
4466
4467
4468
4469
4470
4471
4472
4473
4474
4475
4476
4477
4478
4479
4480
4481
4482
4483
4484
4485
4486
4487
4488
4489
4490
4491
4492
4493
4494
4495
4496
4497
4498
4499
4500
4501
4502
4503
4504
4505
4506
4507
4508
4509
4510
4511
4512
4513
4514
4515
4516
4517
4518
4519
4520
4521
4522
4523
4524
4525
4526
4527
4528
4529
4530
4531
4532
4533
4534
4535
4536
4537
4538
4539
4540
4541
4542
4543
4544
4545
4546
4547
4548
4549
4550
4551
4552
4553
4554
4555
4556
4557
4558
4559
4560
4561
4562
4563
4564
4565
4566
4567
4568
4569
4570
4571
4572
4573
4574
4575
4576
4577
4578
4579
4580
4581
4582
4583
4584
4585
4586
4587
4588
4589
4590
4591
4592
4593
4594
4595
4596
4597
4598
4599
4600
4601
4602
4603
4604
4605
4606
4607
4608
5137
5138
5139
5140
5141
5142
5143
5144
5145
5146
5147
5148
5149
5150
5151
5152
5153
5154
5155
5156
5157
5158
5159
5160
5161
5162
5163
5164
5165
5166
5167
5168
5169
5170
5171
5172
5173
5174
5175
5176
5177
5178
5179
5180
5181
5182
5183
5184
5185
5186
5187
5188
5189
5190
5191
5192
5193
5194
5195
5196
5197
5198
5199
5200
5201
5202
5203
5204
5205
5206
5207
5208
5209
5210
5211
5212
5213
5214
5215
5216
5217
5218
5219
5220
5221
5222
5223
5224
5225
5226
5227
5228
5229
5230
5231
5232
5233
5234
5235
5236
5237
5238
5239
5240
5241
5242
5243
5244
5245
5246
5247
5248
5249
5250
5251
5252
5253
5254
5255
5256
5257
5258
5259
5260
5261
5262
5263
5264
5265
5266
5267
5268
5269
5270
5271
5272
5273
5274
5275
5276
5277
5278
5279
5280
5281
5282
5283
5284
5285
5286
5287
5288
5289
5290
5291
5292
5293
5294
5295
5296
5297
5298
5299
5300
5301
5302
5303
5304
5305
5306
5307
5308
5309
5310
5311
5312
5313
5314
5315
5316
5317
5318
5319
5320
5321
5322
5323
5324
5325
5326
5327
5328
5329
5330
5331
5332
5333
5334
5335
5336
5337
5338
5339
5340
5341
5342
5343
5344
5345
5346
5347
5348
5349
5350
5351
5352
5353
5354
5355
5356
5357
5358
5359
5360
5361
5362
5363
5364
5365
5366
5367
5368
5369
5370
5371
5372
5373
5374
5375
5376
5905
5906
5907
5908
5909
5910
5911
5912
5913
5914
5915
5916
5917
5918
5919
5920
5921
5922
5923
5924
5925
5926
5927
5928
5929
5930
5931
5932
5933
5934
5935
5936
5937
5938
5939
5940
5941
5942
5943
5944
5945
5946
5947
5948
5949
5950
5951
5952
5953
5954
5955
5956
5957
5958
5959
5960
5961
5962
5963
5964
5965
5966
5967
5968
5969
5970
5971
5972
5973
5974
5975
5976
5977
5978
5979
5980
5981
5982
5983
5984
5985
5986
5987
5988
5989
5990
5991
5992
5993
5994
5995
5996
5997
5998
5999
6000
6001
6002
6003
6004
6005
6006
6007
6008
6009
6010
6011
6012
6013
6014
6015
6016
6017
6018
6019
6020
6021
6022
6023
6024
6025
6026
6027
6028
6029
6030
6031
6032
6033
6034
6035
6036
6037
6038
6039
6040
6041
6042
6043
6044
6045
6046
6047
6048
6049
6050
6051
6052
6053
6054
6055
6056
6057
6058
6059
6060
6061
6062
6063
6064
6065
6066
6067
6068
6069
6070
6071
6072
6073
6074
6075
6076
6077
6078
6079
6080
6081
6082
6083
6084
6085
6086
6087
6088
6089
6090
6091
6092
6093
6094
6095
6096
6097
6098
6099
6100
6101
6102
6103
6104
6105
6106
6107
6108
6109
6110
6111
6112
6113
6114
6115
6116
6117
6118
6119
6120
6121
6122
6123
6124
6125
6126
6127
6128
6129
6130
6131
6132
6133
6134
6135
6136
6137
6138
6139
6140
6141
6142
6143
6144
6673
6674
6675
6676
6677
6678
6679
6680
6681
6682
6683
6684
6685
6686
6687
6688
6689
6690
6691
6692
6693
6694
6695
6696
6697
6698
6699
6700
6701
6702
6703
6704
6705
6706
6707
6708
6709
6710
6711
6712
6713
6714
6715
6716
6717
6718
6719
6720
6721
6722
6723
6724
6725
6726
6727
6728
6729
6730
6731
6732
6733
6734
6735
6736
6737
6738
6739
6740
6741
6742
6743
6744
6745
6746
6747
6748
6749
6750
6751
6752
6753
6754
6755
6756
6757
6758
6759
6760
6761
6762
6763
6764
6765
6766
6767
6768
6769
6770
6771
6772
6773
6774
6775
6776
6777
6778
6779
6780
6781
6782
6783
6784
6785
6786
6787
6788
6789
6790
6791
6792
6793
6794
6795
6796
6797
6798
6799
6800
6801
6802
6803
6804
6805
6806
6807
6808
6809
6810
6811
6812
6813
6814
6815
6816
6817
6818
6819
6820
6821
6822
6823
6824
6825
6826
6827
6828
6829
6830
6831
6832
6833
6834
6835
6836
6837
6838
6839
6840
6841
6842
6843
6844
6845
6846
6847
6848
6849
6850
6851
6852
6853
6854
6855
6856
6857
6858
6859
6860
6861
6862
6863
6864
6865
6866
6867
6868
6869
6870
6871
6872
6873
6874
6875
6876
6877
6878
6879
6880
6881
6882
6883
6884
6885
6886
6887
6888
6889
6890
6891
6892
6893
6894
6895
6896
6897
6898
6899
6900
6901
6902
6903
6904
6905
6906
6907
6908
6909
6910
6911
6912
7441
7442
7443
7444
7445
7446
7447
7448
7449
7450
7451
7452
7453
7454
7455
7456
7457
7458
7459
7460
7461
7462
7463
7464
7465
7466
7467
7468
7469
7470
7471
7472
7473
7474
7475
7476
7477
7478
7479
7480
7481
7482
7483
7484
7485
7486
7487
7488
7489
7490
7491
7492
7493
7494
7495
7496
7497
7498
7499
7500
7501
7502
7503
7504
7505
7506
7507
7508
7509
7510
7511
7512
7513
7514
7515
7516
7517
7518
7519
7520
7521
7522
7523
7524
7525
7526
7527
7528
7529
7530
7531
7532
7533
7534
7535
7536
7537
7538
7539
7540
7541
7542
7543
7544
7545
7546
7547
7548
7549
7550
7551
7552
7553
7554
7555
7556
7557
7558
7559
7560
7561
7562
7563
7564
7565
7566
7567
7568
7569
7570
7571
7572
7573
7574
7575
7576
7577
7578
7579
7580
7581
7582
7583
7584
7585
7586
7587
7588
7589
7590
7591
7592
7593
7594
7595
7596
7597
7598
7599
7600
7601
7602
7603
7604
7605
7606
7607
7608
7609
7610
7611
7612
7613
7614
7615
7616
7617
7618
7619
7620
7621
7622
7623
7624
7625
7626
7627
7628
7629
7630
7631
7632
7633
7634
7635
7636
7637
7638
7639
7640
7641
7642
7643
7644
7645
7646
7647
7648
7649
7650
7651
7652
7653
7654
7655
7656
7657
7658
7659
7660
7661
7662
7663
7664
7665
7666
7667
7668
7669
7670
7671
7672
7673
7674
7675
7676
7677
7678
7679
7680
8209
8210
8211
8212
8213
8214
8215
8216
8217
8218
8219
8220
8221
8222
8223
8224
8225
8226
8227
8228
8229
8230
8231
8232
8233
8234
8235
8236
8237
8238
8239
8240
8241
8242
8243
8244
8245
8246
8247
8248
8249
8250
8251
8252
8253
8254
8255
8256
8257
8258
8259
8260
8261
8262
8263
8264
8265
8266
8267
8268
8269
8270
8271
8272
8273
8274
8275
8276
8277
8278
8279
8280
8281
8282
8283
8284
8285
8286
8287
8288
8289
8290
8291
8292
8293
8294
8295
8296
8297
8298
8299
8300
8301
8302
8303
8304
8305
8306
8307
8308
8309
8310
8311
8312
8313
8314
8315
8316
8317
8318
8319
8320
8321
8322
8323
8324
8325
8326
8327
8328
8329
8330
8331
8332
8333
8334
8335
8336
8337
8338
8339
8340
8341
8342
8343
8344
8345
8346
8347
8348
8349
8350
8351
8352
8353
8354
8355
8356
8357
8358
8359
8360
8361
8362
8363
8364
8365
8366
8367
8368
8369
8370
8371
8372
8373
8374
8375
8376
8377
8378
8379
8380
8381
8382
8383
8384
8385
8386
8387
8388
8389
8390
8391
8392
8393
8394
8395
8396
8397
8398
8399
8400
8401
8402
8403
8404
8405
8406
8407
8408
8409
8410
8411
8412
8413
8414
8415
8416
8417
8418
8419
8420
8421
8422
8423
8424
8425
8426
8427
8428
8429
8430
8431
8432
8433
8434
8435
8436
8437
8438
8439
8440
8441
8442
8443
8444
8445
8446
8447
8448
8977
8978
8979
8980
8981
8982
8983
8984
8985
8986
8987
8988
8989
8990
8991
8992
8993
8994
8995
8996
8997
8998
8999
9000
9001
9002
9003
9004
9005
9006
9007
9008
9009
9010
9011
9012
9013
9014
9015
9016
9017
9018
9019
9020
9021
9022
9023
9024
9025
9026
9027
9028
9029
9030
9031
9032
9033
9034
9035
9036
9037
9038
9039
9040
9041
9042
9043
9044
9045
9046
9047
9048
9049
9050
9051
9052
9053
9054
9055
9056
9057
9058
9059
9060
9061
9062
9063
9064
9065
9066
9067
9068
9069
9070
9071
9072
9073
9074
9075
9076
9077
9078
9079
9080
9081
9082
9083
9084
9085
9086
9087
9088
9089
9090
9091
9092
9093
9094
9095
9096
9097
9098
9099
9100
9101
9102
9103
9104
9105
9106
9107
9108
9109
9110
9111
9112
9113
9114
9115
9116
9117
9118
9119
9120
9121
9122
9123
9124
9125
9126
9127
9128
9129
9130
9131
9132
9133
9134
9135
9136
9137
9138
9139
9140
9141
9142
9143
9144
9145
9146
9147
9148
9149
9150
9151
9152
9153
9154
9155
9156
9157
9158
9159
9160
9161
9162
9163
9164
9165
9166
9167
9168
9169
9170
9171
9172
9173
9174
9175
9176
9177
9178
9179
9180
9181
9182
9183
9184
9185
9186
9187
9188
9189
9190
9191
9192
9193
9194
9195
9196
9197
9198
9199
9200
9201
9202
9203
9204
9205
9206
9207
9208
9209
9210
9211
9212
9213
9214
9215
9216
9745
9746
9747
9748
9749
9750
9751
9752
9753
9754
9755
9756
9757
9758
9759
9760
9761
9762
9763
9764
9765
9766
9767
9768
9769
9770
9771
9772
9773
9774
9775
9776
9777
9778
9779
9780
9781
9782
9783
9784
9785
9786
9787
9788
9789
9790
9791
9792
9793
9794
9795
9796
9797
9798
9799
9800
9801
9802
9803
9804
9805
9806
9807
9808
9809
9810
9811
9812
9813
9814
9815
9816
9817
9818
9819
9820
9821
9822
9823
9824
9825
9826
9827
9828
9829
9830
9831
9832
9833
9834
9835
9836
9837
9838
9839
9840
9841
9842
9843
9844
9845
9846
9847
9848
9849
9850
9851
9852
9853
9854
9855
9856
9857
9858
9859
9860
9861
9862
9863
9864
9865
9866
9867
9868
9869
9870
9871
9872
9873
9874
9875
9876
9877
9878
9879
9880
9881
9882
9883
9884
9885
9886
9887
9888
9889
9890
9891
9892
9893
9894
9895
9896
9897
9898
9899
9900
9901
9902
9903
9904
9905
9906
9907
9908
9909
9910
9911
9912
9913
9914
9915
9916
9917
9918
9919
9920
9921
9922
9923
9924
9925
9926
9927
9928
9929
9930
9931
9932
9933
9934
9935
9936
9937
9938
9939
9940
9941
9942
9943
9944
9945
9946
9947
9948
9949
9950
9951
9952
9953
9954
9955
9956
9957
9958
9959
9960
9961
9962
9963
9964
9965
9966
9967
9968
9969
9970
9971
9972
9973
9974
9975
9976
9977
9978
9979
9980
9981
9982
9983
9984
10513
10514
10515
10516
10517
10518
10519
10520
10521
10522
10523
10524
10525
10526
10527
10528
10529
10530
10531
10532
10533
10534
10535
10536
10537
10538
10539
10540
10541
10542
10543
10544
10545
10546
10547
10548
10549
10550
10551
10552
10553
10554
10555
10556
10557
10558
10559
10560
10561
10562
10563
10564
10565
10566
10567
10568
10569
10570
10571
10572
10573
10574
10575
10576
10577
10578
10579
10580
10581
10582
10583
10584
10585
10586
10587
10588
10589
10590
10591
10592
10593
10594
10595
10596
10597
10598
10599
10600
10601
10602
10603
10604
10605
10606
10607
10608
10609
10610
10611
10612
10613
10614
10615
10616
10617
10618
10619
10620
10621
10622
10623
10624
10625
10626
10627
10628
10629
10630
10631
10632
10633
10634
10635
10636
10637
10638
10639
10640
10641
10642
10643
10644
10645
10646
10647
10648
10649
10650
10651
10652
10653
10654
10655
10656
10657
10658
10659
10660
10661
10662
10663
10664
10665
10666
10667
10668
10669
10670
10671
10672
10673
10674
10675
10676
10677
10678
10679
10680
10681
10682
10683
10684
10685
10686
10687
10688
10689
10690
10691
10692
10693
10694
10695
10696
10697
10698
10699
10700
10701
10702
10703
10704
10705
10706
10707
10708
10709
10710
10711
10712
10713
10714
10715
10716
10717
10718
10719
10720
10721
10722
10723
10725
10727
10729
10731
10733
10735
10737
10739
10741
10743
10745
10747
10749
10752
11281
11283
11285
11287
11289
11291
11293
11295
11297
11299
11301
11303
11305
11307
11309
11311
11313
11315
11317
11319
11321
11323
11325
11327
11329
11331
11333
11335
11337
11339
11341
11343
11345
11347
11349
11351
11353
11355
11357
11359
11361
11363
11365
11367
11369
11371
11373
11375
11377
11379
11381
11383
11385
11387
11389
11391
11393
11395
11397
11399
11401
11403
11405
11407
11409
11411
11413
11415
11417
11419
11421
11423
11425
11427
11429
11431
11433
11435
11437
11439
11441
11443
11445
11447
11449
11451
11453
11455
11457
11459
11461
11463
11465
11467
11469
11471
11473
11475
11477
11479
11481
11483
11485
11487
97921
97922
97923
97924
97925
97926
97927
97928
97929
97930
97931
97932
97933
97934
97935
97936
97937
97938
97939
97940
97941
97943
97944
98497
98498
98499
98500
98501
98502
98503
98504
98505
98506
98507
98508
98509
98510
98512
98881
98882
98883
98884
98885
98886
98887
98888
98889
98890
98891
98892
98893
98894
98896
99265
99266
99267
99268
99269
99270
99271
99272
99273
99274
99275
99276
99277
99278
99280
99649
99650
99651
99652
99653
99654
99655
99656
99657
99658
99659
99660
99661
99662
99664
100033
100034
100035
100036
100037
100038
100039
100040
100041
100042
100043
100044
100045
100046
100048
100417
100418
100419
100420
100421
100422
100423
100424
100425
100426
100427
100428
100429
100430
100432
100801
100802
100803
100804
100805
100806
100807
100808
100809
100810
100811
100812
100813
100814
100816
101185
101186
101187
101188
101189
101190
101191
101192
101193
101194
101195
101196
101197
101198
101200
101569
101570
101571
101572
101573
101574
101575
101576
101577
101578
101579
101580
101581
101582
101584
101953
101954
101955
101956
101957
101958
101959
101960
101961
101962
101963
101964
101965
101966
101968
102337
102338
102339
102340
102341
102342
102343
102344
102345
102346
102347
102348
102349
102350
102352
102721
102722
102723
102724
102725
102726
102727
102728
102729
102730
102731
102732
102733
102734
102736
103105
103107
103109
103111
103113
103115
103117
147073
147074
147075
147076
147077
147078
147079
147080
147081
147082
147083
147084
147085
147086
147088
147456
147457
147458
147459
147460
147461
147462
147463
147464
147465
147466
147467
147468
147469
147471
147839
147840
147841
147842
147843
147844
147845
147846
147847
147848
147849
147850
147851
147852
147854
148222
148223
148224
148225
148226
148227
148228
148229
148230
148231
148232
148233
148234
148235
148237
148605
148606
148607
148608
148609
148610
148611
148612
148613
148614
148615
148616
148617
148618
148620
148988
148989
148990
148991
148992
148993
148994
148995
148996
148997
148998
148999
149000
149001
149003
149371
149372
149373
149374
149375
149376
149377
149378
149379
149380
149381
149382
149383
149384
149386
149754
149755
149756
149757
149758
149759
149760
149761
149762
149763
149764
149765
149766
149767
149769
150137
150138
150139
150140
150141
150142
150143
150144
150145
150146
150147
150148
150149
150150
150152
150520
150521
150522
150523
150524
150525
150526
150527
150528
150529
150530
150531
150532
150533
150535
150903
150904
150905
150906
150907
150908
150909
150910
150911
150912
150913
150914
150915
150916
150918
151286
151287
151288
151289
151290
151291
151292
151293
151294
151295
151296
151297
151298
151299
151301
151669
151670
151671
151672
151673
151674
151675
151676
151677
151678
151679
151680
151681
151682
151684
152052
152053
152054
152055
152056
152057
152058
152059
152060
152061
152062
152063
152064
152065
152067
152435
152436
152437
152438
152439
152440
152441
152442
152443
152444
152445
152446
152447
152448
152450
152818
152819
152820
152821
152822
152823
152824
152825
152826
152827
152828
152829
152830
152831
152833
153201
153202
153203
153204
153205
153206
153207
153208
153209
153210
153211
153212
153213
153214
153216
153584
153585
153586
153587
153588
153589
153590
153591
153592
153593
153594
153595
153596
153597
153599
153967
153968
153969
153970
153971
153972
153973
153974
153975
153976
153977
153978
153979
153980
153982
154350
154351
154352
154353
154354
154355
154356
154357
154358
154359
154360
154361
154362
154363
154365
154733
154734
154735
154736
154737
154738
154739
154740
154741
154742
154743
154744
154745
154746
154748
155116
155117
155118
155119
155120
155121
155122
155123
155124
155125
155126
155127
155128
155129
155131
155499
155500
155501
155502
155503
155504
155505
155506
155507
155508
155509
155510
155511
155512
155514
155882
155883
155884
155885
155886
155887
155888
155889
155890
155891
155892
155893
155894
155895
155897
156265
156266
156267
156268
156269
156270
156271
156272
156273
156274
156275
156276
156277
156278
156280
156648
156649
156650
156651
156652
156653
156654
156655
156656
156657
156658
156659
156660
156661
156663
157031
157032
157033
157034
157035
157036
157037
157038
157039
157040
157041
157042
157043
157044
157046
157414
157415
157416
157417
157418
157419
157420
157421
157422
157423
157424
157425
157426
157427
157429
157797
157798
157799
157800
157801
157802
157803
157804
157805
157806
157807
157808
157809
157810
157812
158180
158181
158182
158183
158184
158185
158186
158187
158188
158189
158190
158191
158192
158193
158195
158563
158564
158565
158566
158567
158568
158569
158570
158571
158572
158573
158574
158575
158576
158578
158946
158947
158948
158949
158950
158951
158952
158953
158954
158955
158956
158957
158958
158959
158961
159329
159330
159331
159332
159333
159334
159335
159336
159337
159338
159339
159340
159341
159342
159344
159712
159713
159714
159715
159716
159717
159718
159719
159720
159721
159722
159723
159724
159725
159727
160095
160096
160097
160098
160099
160100
160101
160102
160103
160104
160105
160106
160107
160108
160110
160478
160479
160480
160481
160482
160483
160484
160485
160486
160487
160488
160489
160490
160491
160493
160861
160862
160863
160864
160865
160866
160867
160868
160869
160870
160871
160872
160873
160874
160876
161244
161245
161246
161247
161248
161249
161250
161251
161252
161253
161254
161255
161256
161257
161259
161627
161628
161629
161630
161631
161632
161633
161634
161635
161636
161637
161638
161639
161640
161642
162010
162011
162012
162013
162014
162015
162016
162017
162018
162019
162020
162021
162022
162023
162025
162393
162394
162395
162396
162397
162398
162399
162400
162401
162402
162403
162404
162405
162406
162408
162776
162777
162778
162779
162780
162781
162782
162783
162784
162785
162786
162787
162788
162789
162791
163159
163160
163161
163162
163163
163164
163165
163166
163167
163168
163169
163170
163171
163172
163174
163542
163543
163544
163545
163546
163547
163548
163549
163550
163551
163552
163553
163554
163555
163557
163925
163926
163927
163928
163929
163930
163931
163932
163933
163934
163935
163936
163937
163938
163940
164308
164309
164310
164311
164312
164313
164314
164315
164316
164317
164318
164319
164320
164321
164323
164691
164692
164693
164694
164695
164696
164697
164698
164699
164700
164701
164702
164703
164704
164706
165074
165075
165076
165077
165078
165079
165080
165081
165082
165083
165084
165085
165086
165087
165089
165457
165458
165459
165460
165461
165462
165463
165464
165465
165466
165467
165468
165469
165470
165472
165840
165841
165842
165843
165844
165845
165846
165847
165848
165849
165850
165851
165852
165853
165855
166223
166224
166225
166226
166227
166228
166229
166230
166231
166232
166233
166234
166235
166236
166238
166606
166607
166608
166609
166610
166611
166612
166613
166614
166615
166616
166617
166618
166619
166621
166989
166990
166991
166992
166993
166994
166995
166996
166997
166998
166999
167000
167001
167002
167004
167372
167373
167374
167375
167376
167377
167378
167379
167380
167381
167382
167383
167384
167385
167387
167755
167756
167757
167758
167759
167760
167761
167762
167763
167764
167765
167766
167767
167768
167770
168138
168139
168140
168141
168142
168143
168144
168145
168146
168147
168148
168149
168150
168151
168153
168521
168522
168523
168524
168525
168526
168527
168528
168529
168530
168531
168532
168533
168534
168536
168904
168905
168906
168907
168908
168909
168910
168911
168912
168913
168914
168915
168916
168917
168919
169287
169288
169289
169290
169291
169292
169293
169294
169295
169296
169297
169298
169299
169300
169302
169670
169671
169672
169673
169674
169675
169676
169677
169678
169679
169680
169681
169682
169683
169685
170053
170054
170055
170056
170057
170058
170059
170060
170061
170062
170063
170064
170065
170066
170068
170436
170437
170438
170439
170440
170441
170442
170443
170444
170445
170446
170447
170448
170449
170451
170819
170820
170821
170822
170823
170824
170825
170826
170827
170828
170829
170830
170831
170832
170834
171202
171203
171204
171205
171206
171207
171208
269441
269442
269443
269444
269445
269446
269447
269448
270856
270857
270858
270859
270860
270861
270862
270863
270864
270865
270866
270867
270868
270869
270870
270871
270872
270873
270874
270875
270876
270877
270878
270879
270880
270881
270882
270883
270884
270885
270886
270887
270888
270889
270890
270891
270892
270893
270894
270895
270896
270897
270898
270899
270900
270901
270902
270903
270904
270905
270906
270907
270908
270909
270910
270911
270912
270913
270914
270915
270916
270917
270918
270919
270920
270921
270922
270923
270924
270925
270926
270927
270928
270929
270930
270931
270932
270933
270934
270935
270936
270937
270938
270939
270940
270941
270942
270943
270944
270945
270946
270947
270948
270949
270950
270951
270952
270953
270954
270955
270956
270957
270958
270959
270960
270961
270962
270963
270964
270965
270966
270967
270968
270969
270970
270971
270972
270973
270974
270975
270976
270977
270978
270979
270980
270981
270982
270983
270984
270985
270986
270987
270988
270989
270990
270991
270992
270993
270994
270995
270996
270997
270998
270999
271000
271001
271002
271003
271004
271005
271006
271007
271008
271009
271010
271011
271012
271013
271014
271015
271016
271017
271018
271019
271020
271021
271022
271023
271024
271025
271026
271027
271028
271029
271030
271031
271032
271033
271034
271035
271036
271037
271038
271039
271040
305153
305154
305155
305156
305281
305282
305283
305284
305285
305286
305287
305288
305289
305290
305291
305292
305293
305294
305295
305409
305410
305411
305412
305413
305414
305415
305416
305417
305418
305419
305420
305421
305422
305423
305537
305538
305539
305540
305541
305542
305543
305544
305545
305546
305547
305548
305549
305550
305551
305665
305666
305667
305668
305669
305670
305671
305672
305673
305674
305675
305676
305677
305678
305679
305793
305794
305795
305796
305797
305798
305799
305800
305801
305802
305803
305804
305805
305806
305807
305921
305922
305923
305924
305925
305926
305927
305928
305929
305930
305931
305932
305933
305934
305935
306049
306050
306051
306052
306053
306054
306055
306056
306057
306058
306059
306060
306061
306062
306063
306177
306178
306179
306180
306181
306182
306183
306184
306185
306186
306187
306188
306189
306190
306191
306305
306306
306307
306308
306309
306310
306311
306312
306313
306314
306315
306316
306317
306318
306319
306433
306434
306435
306436
306437
306438
306439
306440
306441
306442
306443
306444
306445
306446
306447
306561
306562
306563
306564
306565
306566
306567
306568
306569
306570
306571
306572
306573
306574
306575
306689
306690
306691
306692
306693
306694
306695
306696
306697
306698
306699
306700
306701
306702
306703
306817
306818
306819
306820
306821
306822
306823
306824
306825
306826
306827
306828
306829
306830
306831
306945
306946
306947
306948
306949
306950
306951
306952
306953
306954
306955
306956
306957
306958
306959
307073
307074
307075
307076
307077
307078
307079
307080
307081
307082
307083
307084
307085
307086
307087
307201
307202
307203
307204
307205
307206
307207
307208
307209
307210
307211
307212
307213
307214
307215
307329
307330
307331
307332
307333
307334
307335
307336
307337
307338
307339
307340
307341
307342
307343
307457
307458
307459
307460
307461
307462
307463
307464
307465
307466
307467
307468
307469
307470
307471
307585
307586
307587
307588
307589
307590
307591
307592
307593
307594
307595
307596
307597
307598
307599
307713
307714
307715
307716
307717
307718
307719
307720
307721
307722
307723
307724
307725
307726
307727
307841
307842
307843
307844
307845
307846
307847
307848
307849
307850
307851
307852
307853
307854
307855
307969
307970
307971
307972
307973
307974
307975
307976
307977
307978
307979
307980
307981
307982
307983
308097
308098
308099
308100
308101
308102
308103
308104
308105
308106
308107
308108
308109
308110
308111
308225
308226
308227
308228
308229
308230
308231
308232
308233
308234
308235
308236
308237
308238
308239
308353
308354
308355
308356
308357
308358
308359
308360
308361
308362
308363
308364
308365
308366
308367
308481
308482
308483
308484
308485
308486
308487
308488
308489
308490
308491
308492
308493
308494
308495
308609
308610
308611
308612
308613
308614
308615
308616
308617
308618
308619
308620
308621
308622
308623
308737
308738
308739
308740
308741
308742
308743
308744
308745
308746
308747
308748
308749
308750
308751
308865
308866
308867
308868
308869
308870
308871
308872
308873
308874
308875
308876
308877
308878
308879
308993
308994
308995
308996
308997
308998
308999
309000
309001
309002
309003
309004
309005
309006
309007
309121
309122
309123
309124
309125
309126
309127
309128
309129
309130
309131
309132
309133
309134
309135
309249
309250
309251
309252
309253
309254
309255
309256
309257
309258
309259
309260
309261
309262
309263
309377
309378
309379
309380
309381
309382
309383
309384
309385
309386
309387
309388
309389
309390
309391
309505
309506
309507
309508
309509
309510
309511
309512
309513
309514
309515
309516
309517
309518
309519
309633
309634
309635
309636
309637
309638
309639
309640
309641
309642
309643
309644
309645
309646
309647
309761
309762
309763
309764
309765
309766
309767
309768
309769
309770
309771
309772
309773
309774
309775
309889
309890
309891
309892
309893
309894
309895
309896
309897
309898
309899
309900
309901
309902
309903
310017
310018
310019
310020
310021
310022
310023
310024
310025
310026
310027
310028
310029
310030
310031
310145
310146
310147
310148
310149
310150
310151
310152
310153
310154
310155
310156
310157
310158
310159
310273
310274
310275
310276
310277
310278
310279
310280
310281
310282
310283
310284
310285
310286
310287
310401
310402
310403
310404
310405
310406
310407
310408
310409
310410
310411
310412
310413
310414
310415
310529
310530
310531
310532
310533
310534
310535
310536
310537
310538
310539
310540
310541
310542
310543
310657
310658
310659
310660
310661
310662
310663
310664
310665
310666
310667
310668
310669
310670
310671
310785
310786
310787
310788
310789
310790
310791
310792
310793
310794
310795
310796
310797
310798
310799
310913
310914
310915
310916
310917
310918
310919
310920
310921
310922
310923
310924
310925
310926
310927
311041
311042
311043
311044
311045
311046
311047
311048
311049
311050
311051
311052
311053
311054
311055
311169
311170
311171
311172
311173
311174
311175
311176
311177
311178
311179
311180
311181
311182
311183
311297
311298
311299
311300
311301
311302
311303
311304
311305
311306
311307
311308
311309
311310
311311
311425
311426
311427
311428
311429
311430
311431
311432
311433
311434
311435
311436
311437
311438
311439
311553
311554
311555
311556
311557
311558
311559
311560
311561
311562
311563
311564
311565
311566
311567
311681
311682
311683
311684
311685
311686
311687
311688
311689
311690
311691
311692
311693
311694
311695
311809
311810
311811
311812
311813
311814
311815
311816
311817
311818
311819
311820
311821
311822
311823
311937
311938
311939
311940
311941
311942
311943
311944
311945
311946
311947
311948
311949
311950
311951
312065
312066
312067
312068
312069
312070
312071
312072
312073
312074
312075
312076
312077
312078
312079
312193
312194
312195
312196
312197
312198
312199
312200
312201
312202
312203
312204
312205
312206
312207
312321
312322
312323
312324
312325
312326
312327
312328
312329
312330
312331
312332
312333
312334
312335
312449
312450
312451
312452
312453
312454
312455
312456
312457
312458
312459
312460
312461
312462
312463
312577
312578
312579
312580
312581
312582
312583
312584
312585
312586
312587
312588
312589
312590
312591
312705
312706
312707
312708
312709
312710
312711
312712
312713
312714
312715
312716
312717
312718
312719
312833
312834
312835
312836
312837
312838
312839
312840
312841
312842
312843
312844
312845
312846
312847
312961
312962
312963
312964
312965
312966
312967
312968
312969
312970
312971
312972
312973
312974
312975
313089
313090
313091
313092
313093
313094
313095
313096
313097
313098
313099
313100
313101
313102
313103
313217
313218
313219
313220
313221
313222
313223
313224
313225
313226
313227
313228
313229
313230
313231
313345
313346
313347
313348
313349
313350
313351
313352
313353
313354
313355
313356
313357
313358
313359
313473
313474
313475
313476
313477
313478
313479
313480
313481
313482
313483
313484
313485
313486
313487
313601
313602
313603
313604
313605
313606
313607
313608
313609
313610
313611
313612
313613
313614
313615
313729
313730
313731
313732
313733
313734
313735
313736
313737
313738
313739
313740
313741
313742
313743
313857
313858
313859
313860
313861
313862
313863
313864
313865
313866
313867
313868
313869
313870
313871
313985
313986
313987
313988
313989
313990
313991
313992
313993
313994
313995
313996
313997
313998
313999
314113
314114
314115
314116
314117
314118
314119
314120
314121
314122
314123
314124
314125
314126
314127
314241
314242
314243
314244
314245
314246
314247
314248
314249
314250
314251
314252
314253
314254
314255
314369
314370
314371
314372
314373
314374
314375
314376
314377
314378
314379
314380
314381
314382
314383
314497
314498
314499
314500
314501
314502
314503
314504
314505
314506
314507
314508
314509
314510
314511
314625
314626
314627
314628
314629
314630
314631
314632
314633
314634
314635
314636
314637
314638
314639
314753
314754
314755
314756
314757
314758
314759
314760
314761
314762
314763
314764
314765
314766
314767
314881
314882
314883
314884
314885
314886
314887
314888
314889
314890
314891
314892
314893
314894
314895
315009
315010
315011
315012
315013
315014
315015
315016
315017
315018
315019
315020
315021
315022
315023
315137
315138
315139
315140
315141
315142
315143
315144
315145
315146
315147
315148
315149
315150
315151
315265
315266
315267
315268
315269
315270
315271
315272
315273
315274
315275
315276
315277
315278
315279
315393
315394
315395
315396
315397
315398
315399
315400
315401
315402
315403
315404
315405
315406
315407
315521
315522
315523
315524
315525
315526
315527
315528
315529
315530
315531
315532
315533
315534
315535
315649
315650
315651
315652
315653
315654
315655
315656
315657
315658
315659
315660
315661
315662
315663
315777
315778
315779
315780
315781
315782
315783
315784
315785
315786
315787
315788
315789
315790
315791
315905
315906
315907
315908
315909
315910
315911
315912
315913
315914
315915
315916
315917
315918
315919
316033
316034
316035
316036
316037
316038
316039
316040
316041
316042
316043
316044
316045
316046
316047
316161
316162
316163
316164
316165
316166
316167
316168
316169
316170
316171
316172
316173
316174
316175
316289
316290
316291
316292
316293
316294
316295
316296
316297
316298
316299
316300
316301
316302
316303
316417
316418
316419
316420
316421
316422
316423
316424
316425
316426
316427
316428
316429
316430
316431
316545
316546
316547
316548
316549
316550
316551
316552
316553
316554
316555
316556
316557
316558
316559
316673
316674
316675
316676
316677
316678
316679
316680
316681
316682
316683
316684
316685
316686
316687
316801
316802
316803
316804
316805
316806
316807
316808
316809
316810
316811
316812
316813
316814
316815
316929
316930
316931
316932
316933
316934
316935
316936
316937
316938
316939
316940
316941
316942
316943
317057
317058
317059
317060
317061
317062
317063
317064
317065
317066
317067
317068
317069
317070
317071
317185
317186
317187
317188
317189
317190
317191
317192
317193
317194
317195
317196
317197
317198
317199
317313
317314
317315
317316
317317
317318
317319
317320
317321
317322
317323
317324
317325
317326
317327
317441
317442
317443
317444
317445
317446
317447
317448
317449
317450
317451
317452
317453
317454
317455
317569
317570
317571
317572
317573
317574
317575
317576
317577
317578
317579
317580
317581
317582
317583
317697
317698
317699
317700
317701
317702
317703
317704
317705
317706
317707
317708
317709
317710
317711
317825
317826
317827
317828
317829
317830
317831
317832
317833
317834
317835
317836
317837
317838
317839
317953
317954
317955
317956
317957
317958
317959
317960
317961
317962
317963
317964
317965
317966
317967
318081
318082
318083
318084
318085
318086
318087
318088
318089
318090
318091
318092
318093
318094
318095
318209
318210
318211
318212
318213
318214
318215
318216
318217
318218
318219
318220
318221
318222
318223
318337
318338
318339
318340
318341
318342
318343
318344
318345
318346
318347
318348
318349
318350
318351
318465
318466
318467
318468
318469
318470
318471
318472
318473
318474
318475
318476
318477
318478
318479
318593
318594
318595
318596
318597
318598
318599
318600
318601
318602
318603
318604
318605
318606
318607
318721
318722
318723
318724
318725
318726
318727
318728
318729
318730
318731
318732
318733
318734
318849
318850
318851
318852
318853
318854
318855
318856
318857
318858
318859
318860
318861
318862
318977
318978
318979
318980
318981
318982
318983
318984
318985
318986
318987
318988
318989
318990
319105
319106
319107
319108
319109
319110
319111
319112
319113
319114
319115
319116
319117
319118
319233
319234
319235
319236
319237
319238
319239
319240
319241
319242
319243
319244
319245
319246
319361
319362
319363
319364
319365
319366
319367
319368
319369
319370
319371
319372
319373
319374
319489
319490
319491
319492
319493
319494
319495
319496
319497
319498
319499
319500
319501
319502
319617
319618
319619
319620
319621
319622
319623
319624
319625
319626
319627
319628
319629
319630
319745
319746
319747
319748
319749
319750
319751
319752
319753
319754
319755
319756
319757
319758
319873
319874
319875
319876
319877
319878
319879
319880
319881
319882
319883
319884
319885
319886
320001
320002
320003
320004
320005
320006
320007
320008
320009
320010
320011
320012
320013
320014
320129
320130
320131
320132
320133
320134
320135
320136
320137
320138
320139
320140
320141
320142
320257
320258
320259
320260
320261
320262
320263
320264
320265
320266
320267
320268
320269
320270
320385
320386
320387
320388
320389
320390
320391
320392
320393
320394
320395
320396
320397
320398
320513
320514
320515
320516
320517
320518
320519
320520
320521
320522
320523
320524
320525
320526
320641
320642
320643
320644
320645
320646
320647
320648
320649
320650
320651
320652
320653
320654
320769
320770
320771
320772
320773
320774
320775
320776
320777
320778
320779
320780
320781
320782
320897
320898
320899
320900
320901
320902
320903
320904
320905
320906
320907
320908
320909
320910
321025
321026
321027
321028
321029
321030
321031
321032
321033
321034
321035
321036
321037
321038
321153
321154
321155
321156
321157
321158
321159
321160
321161
321162
321163
321164
321165
321166
321281
321282
321283
321284
321285
321286
321287
321288
321289
321290
321291
321292
321293
321294
321409
321410
321411
321412
321413
321414
321415
321416
321417
321418
321419
321420
321421
321422
321537
321538
321539
321540
321541
321542
321543
321544
321545
321546
321547
321548
321549
321550
345217
345218
345219
345220
345221
345222
345223
345224
345225
345226
345227
345228
345229
345230
345231
345232
345233
345234
345235
345236
345237
345238
345239
345240
345241
345242
345243
345244
345245
345246
345247
345248
345249
345250
345251
345252
345253
345254
345255
345256
345257
345258
345259
345260
345261
345262
345263
345264
345265
345266
345267
345268
345269
345270
345271
345272
345273
345274
345275
345276
345277
345278
345279
345280
345281
345282
345283
345284
345285
345286
345287
345288
345289
345290
345291
345292
345293
345294
345295
345296
345297
345298
345299
345300
345301
345302
345303
345304
345305
345306
345307
345308
345309
345310
345311
345312
345313
345314
345315
345316
345317
345318
345319
345320
345321
345322
345323
345324
345325
345326
345327
345328
345329
345330
345331
345332
345333
345334
345335
345336
345337
345338
345339
345340
345341
345342
345343
345344
345345
345346
345347
345348
345349
345350
345351
345352
345353
345354
345355
345356
345357
345358
345359
345360
345361
345362
345363
345364
345365
345366
345367
345368
345369
345370
345371
345372
345373
345374
345375
345376
345377
345378
345379
345380
345381
345382
345383
345384
345385
345386
345387
345388
345389
345390
345391
345392
345393
345394
345395
345396
345397
345398
345399
345400
345401
345402
345403
345404
345405
345406
345407
345408
345409
345410
345411
345412
345413
345414
345415
345416
345417
345418
345419
345420
345421
345422
345423
345424
345425
345426
345427
345428
345429
345430
345431
345432
345433
345434
345435
345436
345437
345438
345439
345440
345441
345442
345443
345444
345445
345446
345447
345448
345449
345450
345451
345452
345453
345454
345455
345456
345457
345458
345459
345460
345461
345462
345463
345464
345465
345466
345467
345468
345469
345470
345471
345472
345473
345474
345475
345476
345477
345478
345479
345480
345481
345482
345483
345484
345485
345486
345487
345488
345489
345490
345491
345492
345493
345494
345495
345496
345497
345498
345499
345500
345501
345502
345503
345504
345505
345506
345507
345508
345509
345510
345511
345512
345513
345514
345515
345516
345517
345518
345519
345520
345521
345522
345523
345524
345525
345526
345527
345528
345529
345530
345531
345532
345533
345534
345535
345536
345537
345538
345539
345540
345541
345542
345543
345544
345545
345546
345547
345548
345549
345550
345551
345552
345553
345554
345555
345556
345557
345558
345559
345560
345561
345562
345563
345564
345565
345566
345567
345568
345569
345570
345571
345572
345573
345574
345575
345576
345577
345578
345579
345580
345581
345582
345583
345584
345585
345586
345587
345588
345589
345590
345591
345592
345593
345594
345595
345596
345597
345598
345599
345600
345601
345602
345603
345604
345605
345606
345607
345608
345609
345610
345611
345612
345613
345614
345615
345616
345617
345618
345619
345620
345621
345622
345623
345624
345625
345626
345627
345628
345629
345630
345631
345632
345633
345634
345635
345636
345637
345638
345639
345640
345641
345642
345643
345644
345645
345646
345647
345648
345649
345650
345651
345652
345653
345654
345655
345656
345657
345658
345659
345660
345661
345662
345663
345664
345665
345666
345667
345668
345669
345670
345671
345672
345673
345674
345675
345676
345677
345678
345679
345680
345681
345682
345683
345684
345685
345686
345687
345688
345689
345690
345691
345692
345693
345694
345695
345696
345697
345698
345699
345700
345701
345702
345703
345704
345705
345706
345707
345708
345709
345710
345711
345712
345713
345714
345715
345716
345717
345718
345719
345720
345721
345722
345723
345724
345725
345726
345727
345728
440321
440322
440323
440324
440449
440450
440451
440452
440453
440454
440455
440456
440457
440458
440459
440460
440461
440462
440463
440577
440578
440579
440580
440581
440582
440583
440584
440585
440586
440587
440588
440589
440590
440591
440705
440706
440707
440708
440709
440710
440711
440712
440713
440714
440715
440716
440717
440718
440719
440833
440834
440835
440836
440837
440838
440839
440840
440841
440842
440843
440844
440845
440846
440847
440961
440962
440963
440964
440965
440966
440967
440968
440969
440970
440971
440972
440973
440974
440975
441089
441090
441091
441092
441093
441094
441095
441096
441097
441098
441099
441100
441101
441102
441103
441217
441218
441219
441220
441221
441222
441223
441224
441225
441226
441227
441228
441229
441230
441231
441345
441346
441347
441348
441349
441350
441351
441352
441353
441354
441355
441356
441357
441358
441359
441473
441474
441475
441476
441477
441478
441479
441480
441481
441482
441483
441484
441485
441486
441487
441601
441602
441603
441604
441605
441606
441607
441608
441609
441610
441611
441612
441613
441614
441615
441729
441730
441731
441732
441733
441734
441735
441736
441737
441738
441739
441740
441741
441742
441743
441857
441858
441859
441860
441861
441862
441863
441864
441865
441866
441867
441868
441869
441870
441871
441985
441986
441987
441988
441989
441990
441991
441992
441993
441994
441995
441996
441997
441998
441999
442113
442114
442115
442116
442117
442118
442119
442120
442121
442122
442123
442124
442125
442126
442127
442241
442242
442243
442244
442245
442246
442247
442248
442249
442250
442251
442252
442253
442254
442255
442369
442370
442371
442372
442373
442374
442375
442376
442377
442378
442379
442380
442381
442382
442383
442497
442498
442499
442500
442501
442502
442503
442504
442505
442506
442507
442508
442509
442510
442511
442625
442626
442627
442628
442629
442630
442631
442632
442633
442634
442635
442636
442637
442638
442639
442753
442754
442755
442756
442757
442758
442759
442760
442761
442762
442763
442764
442765
442766
442767
442881
442882
442883
442884
442885
442886
442887
442888
442889
442890
442891
442892
442893
442894
442895
443009
443010
443011
443012
443013
443014
443015
443016
443017
443018
443019
443020
443021
443022
443023
443137
443138
443139
443140
443141
443142
443143
443144
443145
443146
443147
443148
443149
443150
443151
443265
443266
443267
443268
443269
443270
443271
443272
443273
443274
443275
443276
443277
443278
443279
443393
443394
443395
443396
443397
443398
443399
443400
443401
443402
443403
443404
443405
443406
443407
443521
443522
443523
443524
443525
443526
443527
443528
443529
443530
443531
443532
443533
443534
443535
443649
443650
443651
443652
443653
443654
443655
443656
443657
443658
443659
443660
443661
443662
443663
443777
443778
443779
443780
443781
443782
443783
443784
443785
443786
443787
443788
443789
443790
443791
443905
443906
443907
443908
443909
443910
443911
443912
443913
443914
443915
443916
443917
443918
443919
444033
444034
444035
444036
444037
444038
444039
444040
444041
444042
444043
444044
444045
444046
444047
444161
444162
444163
444164
444165
444166
444167
444168
444169
444170
444171
444172
444173
444174
444175
444289
444290
444291
444292
444293
444294
444295
444296
444297
444298
444299
444300
444301
444302
444303
444417
444418
444419
444420
444421
444422
444423
444424
444425
444426
444427
444428
444429
444430
444431
444545
444546
444547
444548
444549
444550
444551
444552
444553
444554
444555
444556
444557
444558
444559
444673
444674
444675
444676
444677
444678
444679
444680
444681
444682
444683
444684
444685
444686
444687
444801
444802
444803
444804
444805
444806
444807
444808
444809
444810
444811
444812
444813
444814
444815
444929
444930
444931
444932
444933
444934
444935
444936
444937
444938
444939
444940
444941
444942
444943
445057
445058
445059
445060
445061
445062
445063
445064
445065
445066
445067
445068
445069
445070
445071
445185
445186
445187
445188
445189
445190
445191
445192
445193
445194
445195
445196
445197
445198
445199
445313
445314
445315
445316
445317
445318
445319
445320
445321
445322
445323
445324
445325
445326
445327
445441
445442
445443
445444
445445
445446
445447
445448
445449
445450
445451
445452
445453
445454
445455
445569
445570
445571
445572
445573
445574
445575
445576
445577
445578
445579
445580
445581
445582
445583
445697
445698
445699
445700
445701
445702
445703
445704
445705
445706
445707
445708
445709
445710
445711
445825
445826
445827
445828
445829
445830
445831
445832
445833
445834
445835
445836
445837
445838
445839
445953
445954
445955
445956
445957
445958
445959
445960
445961
445962
445963
445964
445965
445966
445967
446081
446082
446083
446084
446085
446086
446087
446088
446089
446090
446091
446092
446093
446094
446095
446209
446210
446211
446212
446213
446214
446215
446216
446217
446218
446219
446220
446221
446222
446223
446337
446338
446339
446340
446341
446342
446343
446344
446345
446346
446347
446348
446349
446350
446351
446465
446466
446467
446468
446469
446470
446471
446472
446473
446474
446475
446476
446477
446478
446479
446593
446594
446595
446596
446597
446598
446599
446600
446601
446602
446603
446604
446605
446606
446607
446721
446722
446723
446724
446725
446726
446727
446728
446729
446730
446731
446732
446733
446734
446735
446849
446850
446851
446852
446853
446854
446855
446856
446857
446858
446859
446860
446861
446862
446863
446977
446978
446979
446980
446981
446982
446983
446984
446985
446986
446987
446988
446989
446990
446991
447105
447106
447107
447108
447109
447110
447111
447112
447113
447114
447115
447116
447117
447118
447119
447233
447234
447235
447236
447237
447238
447239
447240
447241
447242
447243
447244
447245
447246
447247
447361
447362
447363
447364
447365
447366
447367
447368
447369
447370
447371
447372
447373
447374
447375
447489
447490
447491
447492
447493
447494
447495
447496
447497
447498
447499
447500
447501
447502
447503
447617
447618
447619
447620
447621
447622
447623
447624
447625
447626
447627
447628
447629
447630
447631
447745
447746
447747
447748
447749
447750
447751
447752
447753
447754
447755
447756
447757
447758
447759
447873
447874
447875
447876
447877
447878
447879
447880
447881
447882
447883
447884
447885
447886
447887
448001
448002
448003
448004
448005
448006
448007
448008
448009
448010
448011
448012
448013
448014
448015
448129
448130
448131
448132
448133
448134
448135
448136
448137
448138
448139
448140
448141
448142
448143
448257
448258
448259
448260
448261
448262
448263
448264
448265
448266
448267
448268
448269
448270
448271
448385
448386
448387
448388
448389
448390
448391
448392
448393
448394
448395
448396
448397
448398
448399
448513
448514
448515
448516
448517
448518
448519
448520
448521
448522
448523
448524
448525
448526
448527
448641
448642
448643
448644
448645
448646
448647
448648
448649
448650
448651
448652
448653
448654
448655
448769
448770
448771
448772
448773
448774
448775
448776
448777
448778
448779
448780
448781
448782
448783
448897
448898
448899
448900
448901
448902
448903
448904
448905
448906
448907
448908
448909
448910
448911
449025
449026
449027
449028
449029
449030
449031
449032
449033
449034
449035
449036
449037
449038
449039
449153
449154
449155
449156
449157
449158
449159
449160
449161
449162
449163
449164
449165
449166
449167
449281
449282
449283
449284
449285
449286
449287
449288
449289
449290
449291
449292
449293
449294
449295
449409
449410
449411
449412
449413
449414
449415
449416
449417
449418
449419
449420
449421
449422
449423
449537
449538
449539
449540
449541
449542
449543
449544
449545
449546
449547
449548
449549
449550
449551
449665
449666
449667
449668
449669
449670
449671
449672
449673
449674
449675
449676
449677
449678
449679
449793
449794
449795
449796
449797
449798
449799
449800
449801
449802
449803
449804
449805
449806
449807
449921
449922
449923
449924
449925
449926
449927
449928
449929
449930
449931
449932
449933
449934
449935
450049
450050
450051
450052
450053
450054
450055
450056
450057
450058
450059
450060
450061
450062
450063
450177
450178
450179
450180
450181
450182
450183
450184
450185
450186
450187
450188
450189
450190
450191
450305
450306
450307
450308
450309
450310
450311
450312
450313
450314
450315
450316
450317
450318
450319
450433
450434
450435
450436
450437
450438
450439
450440
450441
450442
450443
450444
450445
450446
450447
450561
450562
450563
450564
450565
450566
450567
450568
450569
450570
450571
450572
450573
450574
450575
450689
450690
450691
450692
450693
450694
450695
450696
450697
450698
450699
450700
450701
450702
450703
450817
450818
450819
450820
450821
450822
450823
450824
450825
450826
450827
450828
450829
450830
450831
450945
450946
450947
450948
450949
450950
450951
450952
450953
450954
450955
450956
450957
450958
450959
451073
451074
451075
451076
451077
451078
451079
451080
451081
451082
451083
451084
451085
451086
451087
451201
451202
451203
451204
451205
451206
451207
451208
451209
451210
451211
451212
451213
451214
451215
451329
451330
451331
451332
451333
451334
451335
451336
451337
451338
451339
451340
451341
451342
451343
451457
451458
451459
451460
451461
451462
451463
451464
451465
451466
451467
451468
451469
451470
451471
451585
451586
451587
451588
451589
451590
451591
451592
451593
451594
451595
451596
451597
451598
451599
451713
451714
451715
451716
451717
451718
451719
451720
451721
451722
451723
451724
451725
451726
451727
451841
451842
451843
451844
451845
451846
451847
451848
451849
451850
451851
451852
451853
451854
451855
451969
451970
451971
451972
451973
451974
451975
451976
451977
451978
451979
451980
451981
451982
451983
452097
452098
452099
452100
452101
452102
452103
452104
452105
452106
452107
452108
452109
452110
452111
452225
452226
452227
452228
452229
452230
452231
452232
452233
452234
452235
452236
452237
452238
452239
452353
452354
452355
452356
452357
452358
452359
452360
452361
452362
452363
452364
452365
452366
452367
452481
452482
452483
452484
452485
452486
452487
452488
452489
452490
452491
452492
452493
452494
452495
452609
452610
452611
452612
452613
452614
452615
452616
452617
452618
452619
452620
452621
452622
452623
452737
452738
452739
452740
452741
452742
452743
452744
452745
452746
452747
452748
452749
452750
452751
452865
452866
452867
452868
452869
452870
452871
452872
452873
452874
452875
452876
452877
452878
452879
452993
452994
452995
452996
452997
452998
452999
453000
453001
453002
453003
453004
453005
453006
453007
453121
453122
453123
453124
453125
453126
453127
453128
453129
453130
453131
453132
453133
453134
453135
453249
453250
453251
453252
453253
453254
453255
453256
453257
453258
453259
453260
453261
453262
453263
453377
453378
453379
453380
453381
453382
453383
453384
453385
453386
453387
453388
453389
453390
453391
453505
453506
453507
453508
453509
453510
453511
453512
453513
453514
453515
453516
453517
453518
453519
453633
453634
453635
453636
453637
453638
453639
453640
453641
453642
453643
453644
453645
453646
453647
453761
453762
453763
453764
453765
453766
453767
453768
453769
453770
453771
453772
453773
453774
453775
453889
453890
453891
453892
453893
453894
453895
453896
453897
453898
453899
453900
453901
453902
454017
454018
454019
454020
454021
454022
454023
454024
454025
454026
454027
454028
454029
454030
454145
454146
454147
454148
454149
454150
454151
454152
454153
454154
454155
454156
454157
454158
454273
454274
454275
454276
454277
454278
454279
454280
454281
454282
454283
454284
454285
454286
454401
454402
454403
454404
454405
454406
454407
454408
454409
454410
454411
454412
454413
454414
454529
454530
454531
454532
454533
454534
454535
454536
454537
454538
454539
454540
454541
454542
454657
454658
454659
454660
454661
454662
454663
454664
454665
454666
454667
454668
454669
454670
454785
454786
454787
454788
454789
454790
454791
454792
454793
454794
454795
454796
454797
454798
454913
454914
454915
454916
454917
454918
454919
454920
454921
454922
454923
454924
454925
454926
455041
455042
455043
455044
455045
455046
455047
455048
455049
455050
455051
455052
455053
455054
455169
455170
455171
455172
455173
455174
455175
455176
455177
455178
455179
455180
455181
455182
455297
455298
455299
455300
455301
455302
455303
455304
455305
455306
455307
455308
455309
455310
455425
455426
455427
455428
455429
455430
455431
455432
455433
455434
455435
455436
455437
455438
455553
455554
455555
455556
455557
455558
455559
455560
455561
455562
455563
455564
455565
455566
455681
455682
455683
455684
455685
455686
455687
455688
455689
455690
455691
455692
455693
455694
455809
455810
455811
455812
455813
455814
455815
455816
455817
455818
455819
455820
455821
455822
455937
455938
455939
455940
455941
455942
455943
455944
455945
455946
455947
455948
455949
455950
456065
456066
456067
456068
456069
456070
456071
456072
456073
456074
456075
456076
456077
456078
456193
456194
456195
456196
456197
456198
456199
456200
456201
456202
456203
456204
456205
456206
456321
456322
456323
456324
456325
456326
456327
456328
456329
456330
456331
456332
456333
456334
456449
456450
456451
456452
456453
456454
456455
456456
456457
456458
456459
456460
456461
456462
456577
456578
456579
456580
456581
456582
456583
456584
456585
456586
456587
456588
456589
456590
456705
456706
456707
456708
456709
456710
456711
456712
456713
456714
456715
456716
456717
456718
480385
480386
480387
480388
480389
480390
480391
480392
480393
480394
480395
480396
480397
480398
480399
480400
480401
480402
480403
480404
480405
480406
480407
480408
480409
480410
480411
480412
480413
480414
480415
480416
480417
480418
480419
480420
480421
480422
480423
480424
480425
480426
480427
480428
480429
480430
480431
480432
480433
480434
480435
480436
480437
480438
480439
480440
480441
480442
480443
480444
480445
480446
480447
480448
480449
480450
480451
480452
480453
480454
480455
480456
480457
480458
480459
480460
480461
480462
480463
480464
480465
480466
480467
480468
480469
480470
480471
480472
480473
480474
480475
480476
480477
480478
480479
480480
480481
480482
480483
480484
480485
480486
480487
480488
480489
480490
480491
480492
480493
480494
480495
480496
480497
480498
480499
480500
480501
480502
480503
480504
480505
480506
480507
480508
480509
480510
480511
480512
480513
480514
480515
480516
480517
480518
480519
480520
480521
480522
480523
480524
480525
480526
480527
480528
480529
480530
480531
480532
480533
480534
480535
480536
480537
480538
480539
480540
480541
480542
480543
480544
480545
480546
480547
480548
480549
480550
480551
480552
480553
480554
480555
480556
480557
480558
480559
480560
480561
480562
480563
480564
480565
480566
480567
480568
480569
480570
480571
480572
480573
480574
480575
480576
480577
480578
480579
480580
480581
480582
480583
480584
480585
480586
480587
480588
480589
480590
480591
480592
480593
480594
480595
480596
480597
480598
480599
480600
480601
480602
480603
480604
480605
480606
480607
480608
480609
480610
480611
480612
480613
480614
480615
480616
480617
480618
480619
480620
480621
480622
480623
480624
480625
480626
480627
480628
480629
480630
480631
480632
480633
480634
480635
480636
480637
480638
480639
480640
480641
480642
480643
480644
480645
480646
480647
480648
480649
480650
480651
480652
480653
480654
480655
480656
480657
480658
480659
480660
480661
480662
480663
480664
480665
480666
480667
480668
480669
480670
480671
480672
480673
480674
480675
480676
480677
480678
480679
480680
480681
480682
480683
480684
480685
480686
480687
480688
480689
480690
480691
480692
480693
480694
480695
480696
480697
480698
480699
480700
480701
480702
480703
480704
480705
480706
480707
480708
480709
480710
480711
480712
480713
480714
480715
480716
480717
480718
480719
480720
480721
480722
480723
480724
480725
480726
480727
480728
480729
480730
480731
480732
480733
480734
480735
480736
480737
480738
480739
480740
480741
480742
480743
480744
480745
480746
480747
480748
480749
480750
480751
480752
480753
480754
480755
480756
480757
480758
480759
480760
480761
480762
480763
480764
480765
480766
480767
480768
480769
480770
480771
480772
480773
480774
480775
480776
480777
480778
480779
480780
480781
480782
480783
480784
480785
480786
480787
480788
480789
480790
480791
480792
480793
480794
480795
480796
480797
480798
480799
480800
480801
480802
480803
480804
480805
480806
480807
480808
480809
480810
480811
480812
480813
480814
480815
480816
480817
480818
480819
480820
480821
480822
480823
480824
480825
480826
480827
480828
480829
480830
480831
480832
480833
480834
480835
480836
480837
480838
480839
480840
480841
480842
480843
480844
480845
480846
480847
480848
480849
480850
480851
480852
480853
480854
480855
480856
480857
480858
480859
480860
480861
480862
480863
480864
480865
480866
480867
480868
480869
480870
480871
480872
480873
480874
480875
480876
480877
480878
480879
480880
480881
480882
480883
480884
480885
480886
480887
480888
480889
480890
480891
480892
480893
480894
480895
480896
-525
-1293
-2061
-2829
2832
-3599
-4367
-5135
-5903
-6671
-7439
-8207
-8975
-9743
-10511
-11279
147087
147470
147853
148236
148619
149002
149385
149768
150151
150534
150917
151300
151683
152066
152449
152832
153215
153598
153981
154364
154747
155130
155513
155896
156279
156662
157045
157428
10724
10726
10728
10730
10732
10734
10736
10738
10740
10742
10744
10746
10748
10750
10751
11282
11284
11286
11288
11290
11292
11294
11296
11298
11300
11302
11304
11306
11308
11310
11312
11314
11316
11318
11320
11322
11324
11326
11328
11330
11332
11334
11336
11338
11340
11342
11344
11346
11348
11350
11352
11354
11356
11358
11360
11362
11364
11366
11368
11370
11372
11374
11376
11378
11380
11382
11384
11386
11388
11390
11392
11394
11396
11398
11400
11402
11404
11406
11408
11410
11412
11414
11416
11418
11420
11422
11424
11426
11428
11430
11432
11434
11436
11438
11440
11442
11444
11446
11448
11450
11452
11454
11456
11458
11460
11462
11464
11466
11468
11470
11472
11474
11476
11478
11480
11482
11484
11486
11488
11489
11490
103106
103108
103110
103112
103114
103116
103118
103120
157811
158194
158577
158960
159343
159726
160109
160492
160875
161258
161641
162024
162407
162790
163173
163556
163939
164322
164705
165088
165471
165854
166237
166620
167003
167386
167769
97942
98511
98895
99279
99663
100047
100431
100815
101199
101583
101967
102351
102735
103119
168152
168535
168918
169301
169684
170067
170450
170833
171209
)


// ************************************************************************* //
