/*--------------------------------*- C++ -*----------------------------------*\
  =========                 |
  \\      /  F ield         | OpenFOAM: The Open Source CFD Toolbox
   \\    /   O peration     | Website:  https://openfoam.org
    \\  /    A nd           | Version:  7
     \\/     M anipulation  |
\*---------------------------------------------------------------------------*/
FoamFile
{
    version     2.0;
    format      ascii;
    class       volVectorField;
    location    "16.5";
    object      U;
}
// * * * * * * * * * * * * * * * * * * * * * * * * * * * * * * * * * * * * * //

dimensions      [0 1 -1 0 0 0 0];

internalField   nonuniform List<vector> 
2413
(
(2.22527 -0.139783 0)
(2.22937 -0.143003 0)
(2.23298 -0.141195 0)
(2.24017 -0.15094 0)
(2.24611 -0.168262 0)
(2.24766 -0.177059 0)
(2.25057 -0.176283 0)
(2.25386 -0.180376 0)
(2.21401 -0.127124 0)
(2.21802 -0.130034 0)
(2.22187 -0.12852 0)
(2.22882 -0.137881 0)
(2.23455 -0.154529 0)
(2.23629 -0.163512 0)
(2.2391 -0.162484 0)
(2.24214 -0.166412 0)
(2.20402 -0.118394 0)
(2.20808 -0.121648 0)
(2.21187 -0.120596 0)
(2.21951 -0.130975 0)
(2.22505 -0.147563 0)
(2.22703 -0.155153 0)
(2.23034 -0.155361 0)
(2.23306 -0.159041 0)
(2.19295 -0.107399 0)
(2.19696 -0.110217 0)
(2.2011 -0.109387 0)
(2.20809 -0.118581 0)
(2.21367 -0.134178 0)
(2.21589 -0.141989 0)
(2.21928 -0.141471 0)
(2.22285 -0.145374 0)
(2.18266 -0.0980871 0)
(2.18681 -0.101435 0)
(2.19095 -0.100857 0)
(2.19861 -0.110637 0)
(2.20429 -0.125738 0)
(2.20679 -0.132868 0)
(2.21051 -0.133038 0)
(2.214 -0.137123 0)
(2.1724 -0.0882468 0)
(2.17657 -0.0913794 0)
(2.18098 -0.090668 0)
(2.18816 -0.0991582 0)
(2.19398 -0.113354 0)
(2.19672 -0.120157 0)
(2.20077 -0.120423 0)
(2.20459 -0.123953 0)
(2.1624 -0.0780391 0)
(2.16667 -0.0818553 0)
(2.17138 -0.0813931 0)
(2.17883 -0.0896526 0)
(2.18496 -0.103471 0)
(2.18787 -0.109992 0)
(2.19208 -0.110433 0)
(2.19641 -0.114533 0)
(2.1531 -0.0682212 0)
(2.15722 -0.0723812 0)
(2.16227 -0.0717454 0)
(2.16928 -0.0785399 0)
(2.17572 -0.0915927 0)
(2.17873 -0.0981435 0)
(2.18312 -0.0987422 0)
(2.18778 -0.102527 0)
(2.14417 -0.057304 0)
(2.14804 -0.0627734 0)
(2.15347 -0.0625054 0)
(2.16028 -0.0681221 0)
(2.16725 -0.0807013 0)
(2.17024 -0.0875358 0)
(2.17453 -0.0881439 0)
(2.17988 -0.09252 0)
(2.13604 -0.0462927 0)
(2.1396 -0.053374 0)
(2.1451 -0.0536955 0)
(2.15126 -0.0571771 0)
(2.15882 -0.0686586 0)
(2.16187 -0.0765036 0)
(2.16584 -0.0770427 0)
(2.17165 -0.0816995 0)
(2.12795 -0.0341439 0)
(2.13202 -0.0433926 0)
(2.13698 -0.0452953 0)
(2.14285 -0.0471308 0)
(2.15075 -0.0570789 0)
(2.15421 -0.0662503 0)
(2.15786 -0.0672155 0)
(2.1631 -0.0711056 0)
(2.11945 -0.02201 0)
(2.12533 -0.0321406 0)
(2.12943 -0.036966 0)
(2.13496 -0.0378235 0)
(2.1422 -0.0448943 0)
(2.14701 -0.0553147 0)
(2.15042 -0.0579039 0)
(2.15451 -0.0601956 0)
(2.1118 -0.0120594 0)
(2.1184 -0.0196133 0)
(2.12304 -0.0280808 0)
(2.12785 -0.0300588 0)
(2.13397 -0.0340213 0)
(2.14031 -0.0442271 0)
(2.14358 -0.049024 0)
(2.14713 -0.0505085 0)
(2.10478 -0.00485276 0)
(2.1105 -0.00776887 0)
(2.11703 -0.0172155 0)
(2.12106 -0.0224727 0)
(2.12612 -0.0242723 0)
(2.13305 -0.0323951 0)
(2.13706 -0.0395701 0)
(2.14045 -0.0413368 0)
(2.09742 0.00233142 0)
(2.10305 0.00162657 0)
(2.10964 -0.00533624 0)
(2.11452 -0.0141947 0)
(2.11898 -0.0163531 0)
(2.12503 -0.021224 0)
(2.13063 -0.0297911 0)
(2.1341 -0.0327461 0)
(2.09067 0.0104741 0)
(2.09616 0.00935475 0)
(2.10174 0.00508558 0)
(2.10794 -0.00472087 0)
(2.11197 -0.00892044 0)
(2.11676 -0.0110159 0)
(2.12358 -0.0190075 0)
(2.12757 -0.0241307 0)
(2.08426 0.0202955 0)
(2.08938 0.0176509 0)
(2.0944 0.0143691 0)
(2.10113 0.00545425 0)
(2.10542 -0.000966717 0)
(2.10953 -0.00221204 0)
(2.11579 -0.00818047 0)
(2.12096 -0.0154939 0)
(2.07704 0.0314987 0)
(2.08316 0.0264541 0)
(2.08842 0.0217596 0)
(2.09432 0.0150995 0)
(2.09928 0.00815608 0)
(2.1032 0.00647551 0)
(2.108 0.00245816 0)
(2.11438 -0.00566392 0)
(2.07039 0.0400494 0)
(2.076 0.0367941 0)
(2.08262 0.0292752 0)
(2.08733 0.0246425 0)
(2.09289 0.0187576 0)
(2.09732 0.0155078 0)
(2.10144 0.0122731 0)
(2.10811 0.0047152 0)
(1.99268 0.149006 0)
(2.00185 0.149966 0)
(2.01143 0.151101 0)
(2.0212 0.151369 0)
(2.0302 0.15142 0)
(2.03774 0.151165 0)
(2.04514 0.148322 0)
(2.05158 0.146462 0)
(2.05476 0.144327 0)
(2.0549 0.138942 0)
(2.05499 0.131733 0)
(2.05279 0.125817 0)
(2.04909 0.113719 0)
(2.04674 0.10399 0)
(2.05371 0.0906199 0)
(2.06316 0.0750335 0)
(2.07064 0.0664239 0)
(2.08319 0.0604562 0)
(2.10133 0.0466936 0)
(2.25907 -0.19118 0)
(2.2626 -0.205349 0)
(2.26428 -0.209467 0)
(2.26329 -0.206564 0)
(2.23371 -0.174139 0)
(2.01474 0.0196038 0)
(1.70276 0.261243 0)
(1.51749 0.377458 0)
(1.49185 0.442141 0)
(1.48239 0.445017 0)
(1.49007 0.430815 0)
(1.50903 0.394358 0)
(1.53126 0.330928 0)
(1.56222 0.259805 0)
(1.59333 0.214095 0)
(1.60611 0.188526 0)
(1.62594 0.164495 0)
(1.63843 0.151309 0)
(1.64911 0.14089 0)
(1.66442 0.123388 0)
(1.6805 0.103546 0)
(1.69349 0.0911001 0)
(1.70484 0.0828549 0)
(1.71765 0.0707438 0)
(1.73131 0.057809 0)
(1.74542 0.0450282 0)
(1.75874 0.031562 0)
(1.77076 0.0207452 0)
(1.78292 0.0108241 0)
(1.79548 -0.00271567 0)
(1.80716 -0.0163291 0)
(1.81723 -0.0246007 0)
(1.8273 -0.0354222 0)
(1.83861 -0.0503143 0)
(1.84953 -0.0599876 0)
(1.86063 -0.0712011 0)
(1.87095 -0.0867081 0)
(1.8804 -0.0958529 0)
(1.89063 -0.1048 0)
(1.90028 -0.121353 0)
(1.90761 -0.131397 0)
(1.91555 -0.134665 0)
(1.92294 -0.145073 0)
(1.92814 -0.156332 0)
(1.93463 -0.161248 0)
(1.94164 -0.169555 0)
(1.94654 -0.177752 0)
(1.95263 -0.180266 0)
(1.96089 -0.18596 0)
(1.96727 -0.193354 0)
(1.97409 -0.193351 0)
(1.98157 -0.192573 0)
(1.98759 -0.194655 0)
(1.9927 -0.197529 0)
(1.99927 -0.197238 0)
(2.00525 -0.193075 0)
(2.00925 -0.196507 0)
(2.01526 -0.195354 0)
(2.01538 -0.191035 0)
(2.01307 -0.181114 0)
(2.00162 -0.159931 0)
(1.9809 -0.122501 0)
(1.96058 -0.0968248 0)
(1.92577 -0.0520648 0)
(1.90023 -0.00855706 0)
(1.8876 -0.00714386 0)
(1.88083 -0.00141048 0)
(1.87314 0.00642342 0)
(1.86922 0.0151248 0)
(1.86935 0.0202118 0)
(1.87008 0.0235775 0)
(1.87218 0.0267781 0)
(1.87288 0.0288764 0)
(1.87365 0.03184 0)
(1.87575 0.0363569 0)
(1.8755 0.0400871 0)
(1.87648 0.0453391 0)
(1.88039 0.0513062 0)
(1.883 0.0566926 0)
(1.88359 0.0600966 0)
(1.88772 0.0653759 0)
(1.89149 0.0706284 0)
(1.89282 0.0738856 0)
(1.8961 0.0788347 0)
(1.90051 0.084099 0)
(1.90283 0.0879725 0)
(1.9054 0.0914563 0)
(1.9103 0.0962413 0)
(1.91579 0.100764 0)
(1.91858 0.104869 0)
(1.92379 0.108878 0)
(1.92949 0.11333 0)
(1.93384 0.117608 0)
(1.93885 0.120099 0)
(1.94565 0.122918 0)
(1.95189 0.124808 0)
(1.95849 0.127244 0)
(1.96432 0.129064 0)
(1.97039 0.130702 0)
(1.97661 0.132539 0)
(1.9838 0.134459 0)
(1.99271 0.135551 0)
(2.00286 0.136286 0)
(2.01231 0.136993 0)
(2.02176 0.137624 0)
(2.03038 0.137858 0)
(2.03788 0.137329 0)
(2.0431 0.135473 0)
(2.04567 0.133175 0)
(2.04759 0.13028 0)
(2.046 0.123955 0)
(2.04112 0.12019 0)
(2.03169 0.111876 0)
(2.02442 0.099842 0)
(2.02503 0.0880417 0)
(2.03447 0.0775342 0)
(2.04065 0.0648011 0)
(2.04861 0.0591996 0)
(2.06199 0.0553124 0)
(2.07921 0.0457108 0)
(2.24869 -0.178088 0)
(2.251 -0.189171 0)
(2.25294 -0.195585 0)
(2.25684 -0.19931 0)
(2.25849 -0.201906 0)
(2.24547 -0.189073 0)
(2.11034 -0.0560193 0)
(1.84595 0.175878 0)
(1.5613 0.381629 0)
(1.52377 0.46097 0)
(1.49559 0.44482 0)
(1.50681 0.40848 0)
(1.5306 0.347223 0)
(1.56436 0.299693 0)
(1.58292 0.266517 0)
(1.59661 0.240703 0)
(1.61468 0.216721 0)
(1.62701 0.201997 0)
(1.6416 0.183107 0)
(1.65806 0.160783 0)
(1.67069 0.145682 0)
(1.6814 0.135962 0)
(1.69457 0.124261 0)
(1.71028 0.107626 0)
(1.72282 0.0946053 0)
(1.73353 0.0862429 0)
(1.7456 0.0738455 0)
(1.75825 0.0594616 0)
(1.77033 0.0471835 0)
(1.78134 0.0352754 0)
(1.79111 0.0241998 0)
(1.8014 0.0139692 0)
(1.81293 0.00138965 0)
(1.82448 -0.0139875 0)
(1.83478 -0.0253543 0)
(1.84519 -0.0345267 0)
(1.85624 -0.04898 0)
(1.86629 -0.0633826 0)
(1.87607 -0.0717748 0)
(1.88468 -0.0820121 0)
(1.89172 -0.0946716 0)
(1.89938 -0.0991304 0)
(1.90691 -0.103176 0)
(1.91519 -0.118216 0)
(1.92211 -0.127703 0)
(1.92911 -0.129674 0)
(1.93681 -0.13948 0)
(1.94429 -0.149109 0)
(1.95246 -0.15376 0)
(1.95992 -0.161261 0)
(1.96615 -0.167149 0)
(1.97314 -0.167667 0)
(1.98027 -0.172002 0)
(1.98645 -0.18071 0)
(1.99288 -0.182074 0)
(1.99816 -0.179912 0)
(2.00548 -0.186304 0)
(2.01188 -0.19236 0)
(2.01708 -0.193079 0)
(2.02571 -0.194923 0)
(2.02692 -0.195097 0)
(2.02435 -0.188776 0)
(2.01614 -0.175051 0)
(1.99313 -0.14479 0)
(1.95865 -0.0867677 0)
(1.94053 -0.0645871 0)
(1.91478 -0.0293928 0)
(1.89031 0.0138766 0)
(1.87758 0.0206204 0)
(1.87272 0.0135558 0)
(1.87752 0.0141775 0)
(1.88162 0.0199305 0)
(1.88333 0.0243959 0)
(1.88214 0.0277693 0)
(1.88342 0.0318391 0)
(1.88514 0.0361057 0)
(1.88518 0.039476 0)
(1.88818 0.0445971 0)
(1.89205 0.0502913 0)
(1.89312 0.0544679 0)
(1.89479 0.0591486 0)
(1.89922 0.0636908 0)
(1.90261 0.0682637 0)
(1.90426 0.0723062 0)
(1.90799 0.0771801 0)
(1.91261 0.0818243 0)
(1.91481 0.0850314 0)
(1.91897 0.0893893 0)
(1.92435 0.0928379 0)
(1.92866 0.0966815 0)
(1.9321 0.100397 0)
(1.93781 0.104035 0)
(1.9443 0.107843 0)
(1.94913 0.110219 0)
(1.9554 0.112993 0)
(1.96149 0.114931 0)
(1.96643 0.117363 0)
(1.97134 0.119267 0)
(1.97784 0.12124 0)
(1.98458 0.122755 0)
(1.99171 0.124317 0)
(1.99803 0.125117 0)
(2.00529 0.125946 0)
(2.01294 0.127162 0)
(2.02085 0.127054 0)
(2.02948 0.126869 0)
(2.03518 0.125827 0)
(2.03861 0.123421 0)
(2.04204 0.121326 0)
(2.04264 0.117696 0)
(2.03772 0.111062 0)
(2.02734 0.106955 0)
(2.01421 0.0974806 0)
(2.00938 0.0868805 0)
(2.0126 0.0777049 0)
(2.02188 0.0683286 0)
(2.02735 0.0569148 0)
(2.03611 0.0525295 0)
(2.04947 0.0495666 0)
(2.06537 0.041041 0)
(2.2405 -0.171898 0)
(2.24177 -0.18135 0)
(2.24311 -0.186152 0)
(2.24663 -0.189007 0)
(2.2512 -0.191928 0)
(2.25301 -0.1977 0)
(2.24773 -0.193932 0)
(2.18342 -0.124766 0)
(1.97534 0.0670381 0)
(1.6468 0.378904 0)
(1.56589 0.425386 0)
(1.54591 0.359197 0)
(1.56378 0.327622 0)
(1.57194 0.314633 0)
(1.57834 0.303029 0)
(1.58421 0.290429 0)
(1.59542 0.274048 0)
(1.60827 0.256547 0)
(1.6267 0.231521 0)
(1.64317 0.208399 0)
(1.65504 0.194018 0)
(1.67121 0.174479 0)
(1.68614 0.156578 0)
(1.69826 0.143598 0)
(1.70847 0.133259 0)
(1.7199 0.122027 0)
(1.73362 0.105632 0)
(1.745 0.091 0)
(1.75458 0.0811842 0)
(1.76538 0.0693861 0)
(1.77725 0.054737 0)
(1.78843 0.0415703 0)
(1.79862 0.03093 0)
(1.80867 0.0193806 0)
(1.81923 0.00684651 0)
(1.83046 -0.00475566 0)
(1.84184 -0.0183026 0)
(1.85108 -0.0320697 0)
(1.8592 -0.0399529 0)
(1.86813 -0.0477875 0)
(1.87718 -0.0606504 0)
(1.88537 -0.0699343 0)
(1.89389 -0.074074 0)
(1.90287 -0.0848578 0)
(1.91086 -0.0981837 0)
(1.91945 -0.104066 0)
(1.92974 -0.113967 0)
(1.93911 -0.129009 0)
(1.94712 -0.135936 0)
(1.95597 -0.142129 0)
(1.96394 -0.152556 0)
(1.97063 -0.158239 0)
(1.97835 -0.163108 0)
(1.98584 -0.174341 0)
(1.9911 -0.179007 0)
(1.99639 -0.177611 0)
(2.00454 -0.184634 0)
(2.01074 -0.195255 0)
(2.01796 -0.196478 0)
(2.02631 -0.197354 0)
(2.03094 -0.199912 0)
(2.03589 -0.203321 0)
(2.03834 -0.200332 0)
(2.03632 -0.192758 0)
(2.02704 -0.173955 0)
(2.01042 -0.150002 0)
(1.9782 -0.112855 0)
(1.93819 -0.0493314 0)
(1.91708 -0.0289193 0)
(1.90911 -0.0208357 0)
(1.8978 -0.00354834 0)
(1.89207 0.0111913 0)
(1.88959 0.0203957 0)
(1.89093 0.0232282 0)
(1.89384 0.0259608 0)
(1.89628 0.030714 0)
(1.89634 0.0341791 0)
(1.89652 0.0391372 0)
(1.89906 0.0438769 0)
(1.90111 0.0488516 0)
(1.90219 0.053175 0)
(1.90637 0.0568368 0)
(1.90988 0.0615164 0)
(1.91144 0.0655715 0)
(1.91579 0.070359 0)
(1.92017 0.074538 0)
(1.92271 0.0783529 0)
(1.92606 0.0819716 0)
(1.93153 0.0850827 0)
(1.93681 0.0885544 0)
(1.94024 0.0913721 0)
(1.94559 0.0947029 0)
(1.95156 0.0980701 0)
(1.95605 0.100627 0)
(1.96118 0.103288 0)
(1.96701 0.1058 0)
(1.9728 0.107376 0)
(1.97813 0.109066 0)
(1.9837 0.111027 0)
(1.99006 0.113285 0)
(1.99729 0.114899 0)
(2.00431 0.115808 0)
(2.01218 0.116538 0)
(2.02084 0.11695 0)
(2.02915 0.116896 0)
(2.03475 0.116367 0)
(2.03826 0.115174 0)
(2.03953 0.112598 0)
(2.04008 0.11043 0)
(2.03731 0.10595 0)
(2.02818 0.0986102 0)
(2.01348 0.09431 0)
(2.00207 0.0834329 0)
(2.00077 0.0753124 0)
(2.0045 0.068563 0)
(2.0127 0.06015 0)
(2.01765 0.0503637 0)
(2.02707 0.0462305 0)
(2.0403 0.0437925 0)
(2.05548 0.0358372 0)
(2.22903 -0.156007 0)
(2.2314 -0.168174 0)
(2.23258 -0.171981 0)
(2.23565 -0.172848 0)
(2.24028 -0.177419 0)
(2.24532 -0.18434 0)
(2.24433 -0.19254 0)
(2.2423 -0.194084 0)
(2.2162 -0.171186 0)
(2.03639 0.00663431 0)
(1.79717 0.212615 0)
(1.66898 0.22679 0)
(1.60454 0.280253 0)
(1.59763 0.282797 0)
(1.59255 0.293025 0)
(1.59109 0.294465 0)
(1.58983 0.291195 0)
(1.5941 0.282414 0)
(1.60695 0.266274 0)
(1.62009 0.251832 0)
(1.6349 0.23603 0)
(1.65398 0.212936 0)
(1.66852 0.194273 0)
(1.68106 0.179675 0)
(1.69524 0.161527 0)
(1.70778 0.145954 0)
(1.7184 0.132481 0)
(1.72779 0.120661 0)
(1.73877 0.107948 0)
(1.75116 0.0925919 0)
(1.76179 0.0801508 0)
(1.77093 0.0710601 0)
(1.78165 0.0597381 0)
(1.79393 0.0459206 0)
(1.80588 0.0311973 0)
(1.8159 0.0196985 0)
(1.82486 0.0111027 0)
(1.83389 9.7128e-05 0)
(1.8432 -0.011363 0)
(1.85335 -0.0209029 0)
(1.86266 -0.0305162 0)
(1.87041 -0.0385311 0)
(1.87853 -0.0425359 0)
(1.88885 -0.0520289 0)
(1.89925 -0.0679971 0)
(1.90781 -0.0753919 0)
(1.91718 -0.0813327 0)
(1.92647 -0.0929589 0)
(1.93486 -0.103502 0)
(1.94396 -0.109258 0)
(1.9526 -0.116329 0)
(1.95946 -0.124749 0)
(1.96626 -0.129405 0)
(1.97348 -0.134677 0)
(1.98003 -0.141281 0)
(1.9871 -0.144942 0)
(1.99397 -0.148938 0)
(2.00148 -0.160416 0)
(2.00847 -0.167809 0)
(2.01582 -0.167033 0)
(2.0242 -0.173527 0)
(2.03262 -0.186495 0)
(2.03938 -0.190538 0)
(2.04489 -0.190787 0)
(2.04579 -0.189667 0)
(2.04473 -0.188307 0)
(2.03632 -0.179686 0)
(2.01109 -0.143751 0)
(1.98258 -0.100124 0)
(1.9584 -0.0681969 0)
(1.9208 -0.0137813 0)
(1.90389 0.00707609 0)
(1.89955 0.00624855 0)
(1.90128 0.0108135 0)
(1.90388 0.0172842 0)
(1.90446 0.024212 0)
(1.9045 0.0302053 0)
(1.90569 0.035192 0)
(1.90836 0.0390049 0)
(1.90932 0.0427842 0)
(1.91176 0.0469528 0)
(1.91537 0.0500188 0)
(1.91826 0.0546202 0)
(1.91948 0.0586529 0)
(1.92332 0.0637936 0)
(1.92734 0.0677063 0)
(1.92999 0.0716601 0)
(1.93308 0.0749236 0)
(1.93819 0.0774555 0)
(1.94297 0.0808505 0)
(1.94631 0.0831478 0)
(1.95094 0.086372 0)
(1.95639 0.0889536 0)
(1.96157 0.0919005 0)
(1.9664 0.0940628 0)
(1.97246 0.0968768 0)
(1.97836 0.0984165 0)
(1.98406 0.10039 0)
(1.98896 0.102188 0)
(1.99538 0.103814 0)
(2.00133 0.105338 0)
(2.00757 0.106333 0)
(2.01469 0.10757 0)
(2.02331 0.107522 0)
(2.02996 0.107502 0)
(2.03326 0.107193 0)
(2.03585 0.105671 0)
(2.03817 0.1039 0)
(2.03889 0.102581 0)
(2.03332 0.096475 0)
(2.01919 0.0897251 0)
(2.00009 0.0843155 0)
(1.99189 0.0716962 0)
(1.99194 0.0652811 0)
(1.99471 0.0596164 0)
(2.00253 0.0527352 0)
(2.00861 0.0443217 0)
(2.01827 0.0405952 0)
(2.03057 0.038297 0)
(2.04552 0.030187 0)
(2.22125 -0.14844 0)
(2.22327 -0.158495 0)
(2.22434 -0.164147 0)
(2.22732 -0.1632 0)
(2.23139 -0.165743 0)
(2.23564 -0.172745 0)
(2.23739 -0.177732 0)
(2.23563 -0.187765 0)
(2.23196 -0.190627 0)
(2.20371 -0.177795 0)
(2.08295 -0.1183 0)
(1.87555 -0.0446445 0)
(1.73036 0.0638407 0)
(1.6749 0.14965 0)
(1.65421 0.200676 0)
(1.6179 0.263806 0)
(1.60755 0.26836 0)
(1.60544 0.266253 0)
(1.60891 0.264777 0)
(1.61185 0.263164 0)
(1.61845 0.255218 0)
(1.63155 0.238174 0)
(1.64354 0.224194 0)
(1.65869 0.207839 0)
(1.67563 0.18678 0)
(1.68792 0.172295 0)
(1.70092 0.156171 0)
(1.71399 0.138536 0)
(1.72468 0.126268 0)
(1.73442 0.114692 0)
(1.74403 0.104595 0)
(1.75549 0.0928589 0)
(1.76889 0.0767337 0)
(1.78025 0.064061 0)
(1.78949 0.0559338 0)
(1.79922 0.0458222 0)
(1.80996 0.034652 0)
(1.82073 0.023028 0)
(1.82988 0.011763 0)
(1.8377 0.0060748 0)
(1.84619 0.000847411 0)
(1.85637 -0.0091391 0)
(1.86675 -0.0185689 0)
(1.8774 -0.027294 0)
(1.88711 -0.0388873 0)
(1.89535 -0.0472708 0)
(1.90482 -0.0533172 0)
(1.91572 -0.065158 0)
(1.9243 -0.0769383 0)
(1.93264 -0.0836358 0)
(1.94042 -0.0859257 0)
(1.94769 -0.0928123 0)
(1.95579 -0.102802 0)
(1.96435 -0.109488 0)
(1.97278 -0.117945 0)
(1.97946 -0.121894 0)
(1.9865 -0.12652 0)
(1.99678 -0.13996 0)
(2.00431 -0.150138 0)
(2.01176 -0.153779 0)
(2.02033 -0.161119 0)
(2.03134 -0.179353 0)
(2.03863 -0.189651 0)
(2.04501 -0.192381 0)
(2.05313 -0.19659 0)
(2.05438 -0.196075 0)
(2.05555 -0.193114 0)
(2.05352 -0.183391 0)
(2.04569 -0.165734 0)
(2.026 -0.143204 0)
(1.9823 -0.087334 0)
(1.94818 -0.0428471 0)
(1.93265 -0.031578 0)
(1.91696 -0.00927832 0)
(1.90878 0.0111979 0)
(1.90764 0.0220432 0)
(1.91084 0.026065 0)
(1.91546 0.0302254 0)
(1.91719 0.0334629 0)
(1.91842 0.0366939 0)
(1.92026 0.0404594 0)
(1.92298 0.0433392 0)
(1.92546 0.0475677 0)
(1.92671 0.0519729 0)
(1.93017 0.0573909 0)
(1.93429 0.0608681 0)
(1.93701 0.0647953 0)
(1.94037 0.0681615 0)
(1.94512 0.0706198 0)
(1.94927 0.0743817 0)
(1.95194 0.0761451 0)
(1.95677 0.0790204 0)
(1.96174 0.0813564 0)
(1.96638 0.0846246 0)
(1.97063 0.0862438 0)
(1.9761 0.0889239 0)
(1.98178 0.0903942 0)
(1.98692 0.0921947 0)
(1.99175 0.0938187 0)
(1.9979 0.0950363 0)
(2.00418 0.0965816 0)
(2.01056 0.09787 0)
(2.01864 0.0988675 0)
(2.02733 0.0992589 0)
(2.03214 0.0994509 0)
(2.03523 0.0992586 0)
(2.03774 0.0977997 0)
(2.03913 0.0970347 0)
(2.03653 0.0947463 0)
(2.02631 0.0874519 0)
(2.00697 0.0832931 0)
(1.98697 0.0782673 0)
(1.98274 0.0664674 0)
(1.98449 0.0604258 0)
(1.98715 0.0560471 0)
(1.99515 0.0492101 0)
(2.0019 0.0420741 0)
(2.01162 0.0392565 0)
(2.02318 0.0361851 0)
(2.03753 0.0271838 0)
(2.21092 -0.133732 0)
(2.21371 -0.144586 0)
(2.21491 -0.149395 0)
(2.21841 -0.150528 0)
(2.22144 -0.151095 0)
(2.2261 -0.157958 0)
(2.22887 -0.164922 0)
(2.22684 -0.172492 0)
(2.22459 -0.182062 0)
(2.21002 -0.182809 0)
(2.14028 -0.170814 0)
(1.98398 -0.173658 0)
(1.86418 -0.144397 0)
(1.80594 -0.0804016 0)
(1.773 -0.0166629 0)
(1.7266 0.0707276 0)
(1.69127 0.138127 0)
(1.65745 0.190352 0)
(1.62402 0.24541 0)
(1.6152 0.247009 0)
(1.61969 0.240992 0)
(1.62592 0.233952 0)
(1.63332 0.228564 0)
(1.6429 0.220642 0)
(1.6544 0.205564 0)
(1.66577 0.192363 0)
(1.68039 0.175236 0)
(1.6938 0.158338 0)
(1.70418 0.147529 0)
(1.7183 0.131853 0)
(1.7322 0.115907 0)
(1.74359 0.105853 0)
(1.75336 0.095878 0)
(1.76258 0.0869334 0)
(1.7736 0.0773417 0)
(1.78623 0.0634989 0)
(1.79669 0.0522332 0)
(1.8053 0.046625 0)
(1.81375 0.0397488 0)
(1.82397 0.029941 0)
(1.8352 0.0209318 0)
(1.84604 0.0116974 0)
(1.85507 0.00463141 0)
(1.86397 -0.000427158 0)
(1.87429 -0.0102547 0)
(1.88433 -0.0227511 0)
(1.89369 -0.0298387 0)
(1.90295 -0.0366734 0)
(1.91112 -0.0464066 0)
(1.91883 -0.0526223 0)
(1.92754 -0.0566916 0)
(1.93705 -0.0661011 0)
(1.94437 -0.0755623 0)
(1.95169 -0.0784516 0)
(1.95928 -0.0811812 0)
(1.96779 -0.0893819 0)
(1.97703 -0.0989106 0)
(1.98635 -0.108766 0)
(1.99448 -0.118097 0)
(2.00222 -0.123378 0)
(2.01032 -0.129935 0)
(2.01961 -0.142901 0)
(2.02814 -0.1568 0)
(2.03694 -0.159707 0)
(2.04598 -0.165655 0)
(2.05268 -0.175643 0)
(2.06129 -0.174925 0)
(2.0624 -0.173206 0)
(2.06224 -0.169526 0)
(2.05756 -0.165822 0)
(2.04252 -0.148985 0)
(2.01421 -0.110164 0)
(1.98681 -0.0823981 0)
(1.95147 -0.0417313 0)
(1.92491 -0.000325641 0)
(1.9167 0.00674041 0)
(1.91863 0.0113539 0)
(1.92418 0.0208389 0)
(1.92399 0.0279279 0)
(1.92541 0.0329972 0)
(1.9279 0.0350114 0)
(1.93073 0.038043 0)
(1.93171 0.0411967 0)
(1.93381 0.0457812 0)
(1.93694 0.050318 0)
(1.94094 0.053307 0)
(1.94475 0.057491 0)
(1.94677 0.061203 0)
(1.95069 0.0644558 0)
(1.9552 0.0677448 0)
(1.95772 0.069831 0)
(1.96197 0.0722855 0)
(1.96661 0.0745948 0)
(1.97124 0.0780876 0)
(1.97496 0.079714 0)
(1.98056 0.0821038 0)
(1.9862 0.0833607 0)
(1.99165 0.0852747 0)
(1.99613 0.0867742 0)
(2.00179 0.087947 0)
(2.00713 0.0894663 0)
(2.0133 0.0904074 0)
(2.02128 0.0912558 0)
(2.02876 0.0916131 0)
(2.03216 0.0919085 0)
(2.03488 0.0914726 0)
(2.03723 0.0906956 0)
(2.03797 0.090932 0)
(2.03339 0.0884649 0)
(2.01922 0.081282 0)
(1.99553 0.0786791 0)
(1.97621 0.0731165 0)
(1.97446 0.0629563 0)
(1.9776 0.056875 0)
(1.98042 0.0537432 0)
(1.98827 0.0474655 0)
(1.9957 0.0416714 0)
(2.0055 0.0397504 0)
(2.01656 0.0363588 0)
(2.02971 0.0273581 0)
(2.20282 -0.124157 0)
(2.20572 -0.134111 0)
(2.20694 -0.139798 0)
(2.21021 -0.13966 0)
(2.21396 -0.14088 0)
(2.21806 -0.147012 0)
(2.22083 -0.153312 0)
(2.21922 -0.159159 0)
(2.21639 -0.167207 0)
(2.20589 -0.171026 0)
(2.14709 -0.164304 0)
(2.00077 -0.160586 0)
(1.88121 -0.156718 0)
(1.85375 -0.147505 0)
(1.84647 -0.133865 0)
(1.83556 -0.112064 0)
(1.81204 -0.0672559 0)
(1.77747 -0.00652358 0)
(1.71721 0.0882582 0)
(1.68293 0.142865 0)
(1.65071 0.186652 0)
(1.63025 0.225134 0)
(1.6265 0.223258 0)
(1.63375 0.214201 0)
(1.64393 0.2039 0)
(1.65214 0.198572 0)
(1.66248 0.189624 0)
(1.67438 0.176057 0)
(1.6868 0.162827 0)
(1.70149 0.146972 0)
(1.71322 0.134725 0)
(1.72317 0.126944 0)
(1.73728 0.113116 0)
(1.75174 0.0970058 0)
(1.76359 0.087606 0)
(1.7731 0.0810897 0)
(1.78167 0.0748496 0)
(1.79141 0.0684016 0)
(1.80291 0.0582828 0)
(1.81352 0.0474942 0)
(1.82247 0.0427255 0)
(1.83157 0.0384359 0)
(1.84281 0.0286666 0)
(1.8538 0.0186668 0)
(1.86439 0.00993532 0)
(1.87342 0.00107608 0)
(1.8812 -0.00426693 0)
(1.8899 -0.00930861 0)
(1.89952 -0.0196765 0)
(1.90765 -0.0293823 0)
(1.91584 -0.0320447 0)
(1.92325 -0.0344398 0)
(1.93256 -0.0453398 0)
(1.94124 -0.0533138 0)
(1.94992 -0.0567248 0)
(1.95972 -0.0656383 0)
(1.96809 -0.0737887 0)
(1.97684 -0.0822995 0)
(1.98556 -0.0921312 0)
(1.9926 -0.0967765 0)
(2.00102 -0.104809 0)
(2.0121 -0.120547 0)
(2.02038 -0.133788 0)
(2.02846 -0.137218 0)
(2.03839 -0.143935 0)
(2.04888 -0.155747 0)
(2.05929 -0.166686 0)
(2.06747 -0.173425 0)
(2.06792 -0.170355 0)
(2.06675 -0.166078 0)
(2.06403 -0.159875 0)
(2.05643 -0.146221 0)
(2.04214 -0.129678 0)
(2.01247 -0.101849 0)
(1.97229 -0.0489003 0)
(1.94964 -0.0260729 0)
(1.93832 -0.01261 0)
(1.93052 0.00889767 0)
(1.93094 0.0222293 0)
(1.93339 0.0250005 0)
(1.93699 0.0279456 0)
(1.93973 0.0316558 0)
(1.94096 0.0347959 0)
(1.94284 0.0389166 0)
(1.94515 0.0424837 0)
(1.94886 0.0453249 0)
(1.95139 0.0497465 0)
(1.95427 0.0542368 0)
(1.95802 0.0577526 0)
(1.96218 0.0606738 0)
(1.96576 0.063599 0)
(1.96853 0.0655698 0)
(1.97288 0.0679389 0)
(1.9772 0.0713109 0)
(1.97995 0.0733195 0)
(1.98487 0.0755469 0)
(1.99012 0.0765766 0)
(1.99502 0.078496 0)
(1.99917 0.0799921 0)
(2.00471 0.0812418 0)
(2.0099 0.0828167 0)
(2.0162 0.0835519 0)
(2.0248 0.0845599 0)
(2.031 0.0849437 0)
(2.03391 0.0853634 0)
(2.03659 0.0848317 0)
(2.03848 0.0846895 0)
(2.03779 0.0849763 0)
(2.03026 0.0812199 0)
(2.0117 0.0760734 0)
(1.98546 0.0758963 0)
(1.9679 0.0687458 0)
(1.96821 0.059675 0)
(1.97202 0.0541506 0)
(1.97504 0.0519279 0)
(1.98229 0.0464541 0)
(1.99004 0.0414099 0)
(1.99961 0.0400163 0)
(2.0098 0.0364406 0)
(2.02163 0.0273896 0)
(2.19367 -0.111272 0)
(2.19686 -0.12045 0)
(2.19833 -0.126494 0)
(2.20148 -0.127143 0)
(2.20508 -0.127887 0)
(2.20948 -0.134158 0)
(2.21294 -0.140976 0)
(2.21203 -0.146713 0)
(2.2093 -0.15463 0)
(2.20158 -0.158801 0)
(2.15288 -0.156243 0)
(2.01745 -0.141683 0)
(1.89398 -0.142709 0)
(1.86065 -0.140542 0)
(1.85671 -0.13757 0)
(1.85668 -0.136236 0)
(1.8558 -0.132924 0)
(1.85214 -0.121603 0)
(1.83615 -0.0933555 0)
(1.8011 -0.0381452 0)
(1.75988 0.0245328 0)
(1.69527 0.11779 0)
(1.67423 0.148509 0)
(1.65026 0.175471 0)
(1.64226 0.197441 0)
(1.64404 0.196775 0)
(1.65254 0.189596 0)
(1.66225 0.179742 0)
(1.67046 0.175055 0)
(1.68317 0.165255 0)
(1.69643 0.152868 0)
(1.71071 0.140034 0)
(1.72567 0.125142 0)
(1.73646 0.116072 0)
(1.74476 0.111539 0)
(1.75712 0.101587 0)
(1.77105 0.0885737 0)
(1.78256 0.0800357 0)
(1.79224 0.075116 0)
(1.80117 0.0701446 0)
(1.81128 0.0631626 0)
(1.82262 0.0548229 0)
(1.83332 0.0466476 0)
(1.84261 0.0395077 0)
(1.85135 0.0343625 0)
(1.86075 0.0269926 0)
(1.8704 0.0169399 0)
(1.87905 0.0114564 0)
(1.88757 0.00618235 0)
(1.89572 -0.00149885 0)
(1.9036 -0.00534275 0)
(1.9133 -0.0115965 0)
(1.92372 -0.0235839 0)
(1.93153 -0.0292593 0)
(1.93955 -0.0307091 0)
(1.94972 -0.0389653 0)
(1.95894 -0.0497473 0)
(1.96742 -0.0570784 0)
(1.97628 -0.0649714 0)
(1.98462 -0.0734335 0)
(1.99338 -0.0827725 0)
(2.00168 -0.0928981 0)
(2.00937 -0.102792 0)
(2.01739 -0.10805 0)
(2.02559 -0.111826 0)
(2.03713 -0.125879 0)
(2.04668 -0.137631 0)
(2.05565 -0.138616 0)
(2.06234 -0.143373 0)
(2.06698 -0.148029 0)
(2.06648 -0.142997 0)
(2.06516 -0.139539 0)
(2.06085 -0.13473 0)
(2.05125 -0.126631 0)
(2.02951 -0.102788 0)
(2.00074 -0.0653956 0)
(1.97724 -0.0455849 0)
(1.95309 -0.0148081 0)
(1.94195 0.0142651 0)
(1.93956 0.0187877 0)
(1.94127 0.0204411 0)
(1.94493 0.0258822 0)
(1.94611 0.0317916 0)
(1.94822 0.0345209 0)
(1.95175 0.0360096 0)
(1.9543 0.0396763 0)
(1.95601 0.0440223 0)
(1.9598 0.0473401 0)
(1.96283 0.0509938 0)
(1.96632 0.0541065 0)
(1.97143 0.0568585 0)
(1.97376 0.0588335 0)
(1.97831 0.0611226 0)
(1.98306 0.0640565 0)
(1.98652 0.0673388 0)
(1.99004 0.0693298 0)
(1.99498 0.0701498 0)
(1.99978 0.0715851 0)
(2.00406 0.0734064 0)
(2.00936 0.0749174 0)
(2.01392 0.0763683 0)
(2.01966 0.0769866 0)
(2.02748 0.0777672 0)
(2.0323 0.0781444 0)
(2.03477 0.0783379 0)
(2.03714 0.078014 0)
(2.03848 0.0784434 0)
(2.0364 0.0783031 0)
(2.02609 0.0737618 0)
(2.00307 0.0702213 0)
(1.97518 0.0702058 0)
(1.96039 0.0621506 0)
(1.96258 0.0540127 0)
(1.96598 0.0497615 0)
(1.96919 0.0477635 0)
(1.97602 0.0429249 0)
(1.98387 0.0386831 0)
(1.99303 0.0377552 0)
(2.00244 0.0339782 0)
(2.01321 0.025031 0)
(2.18547 -0.100777 0)
(2.18877 -0.10893 0)
(2.19064 -0.115395 0)
(2.19356 -0.116516 0)
(2.197 -0.117219 0)
(2.20172 -0.123308 0)
(2.20513 -0.129535 0)
(2.20526 -0.134743 0)
(2.20267 -0.142254 0)
(2.19698 -0.145772 0)
(2.15795 -0.145558 0)
(2.03441 -0.127493 0)
(1.90567 -0.121731 0)
(1.86145 -0.126763 0)
(1.85858 -0.126941 0)
(1.85808 -0.127048 0)
(1.85881 -0.127249 0)
(1.86175 -0.126351 0)
(1.86214 -0.123462 0)
(1.85939 -0.116384 0)
(1.84807 -0.0989733 0)
(1.81656 -0.056131 0)
(1.77753 0.000240582 0)
(1.72899 0.0657337 0)
(1.68005 0.139234 0)
(1.66739 0.151173 0)
(1.66334 0.168419 0)
(1.6635 0.176336 0)
(1.66507 0.177934 0)
(1.67266 0.17138 0)
(1.68196 0.165108 0)
(1.69365 0.158707 0)
(1.70721 0.148017 0)
(1.71997 0.137791 0)
(1.73432 0.12585 0)
(1.74877 0.112909 0)
(1.75948 0.107333 0)
(1.76811 0.103731 0)
(1.77976 0.0949504 0)
(1.7923 0.0845598 0)
(1.8033 0.0766328 0)
(1.81246 0.0723678 0)
(1.8217 0.0683411 0)
(1.83147 0.0611927 0)
(1.84079 0.05313 0)
(1.84986 0.0472473 0)
(1.85874 0.0412337 0)
(1.86752 0.0349409 0)
(1.87716 0.0281324 0)
(1.88696 0.0191948 0)
(1.89543 0.0133841 0)
(1.90381 0.0107318 0)
(1.91322 0.00328756 0)
(1.92221 -0.00565024 0)
(1.93061 -0.00917405 0)
(1.9403 -0.0161834 0)
(1.951 -0.0289739 0)
(1.95931 -0.036538 0)
(1.9678 -0.0426838 0)
(1.97584 -0.0498326 0)
(1.98285 -0.0561319 0)
(1.99229 -0.0675569 0)
(2.00072 -0.0789379 0)
(2.00802 -0.0831948 0)
(2.01547 -0.0870185 0)
(2.02526 -0.098506 0)
(2.03336 -0.108794 0)
(2.04234 -0.112941 0)
(2.05139 -0.117233 0)
(2.05995 -0.125674 0)
(2.06799 -0.136911 0)
(2.06952 -0.137879 0)
(2.06594 -0.131701 0)
(2.06388 -0.125927 0)
(2.05783 -0.118358 0)
(2.04488 -0.101706 0)
(2.02477 -0.0804877 0)
(2.00084 -0.0608428 0)
(1.97179 -0.0197655 0)
(1.9581 0.00228143 0)
(1.95493 0.00407524 0)
(1.95432 0.0132926 0)
(1.95485 0.0234398 0)
(1.95728 0.027303 0)
(1.95955 0.030057 0)
(1.96109 0.0344484 0)
(1.96379 0.0384627 0)
(1.96771 0.0413956 0)
(1.97034 0.0451804 0)
(1.97334 0.0485125 0)
(1.97707 0.0510788 0)
(1.98134 0.0537828 0)
(1.98345 0.055018 0)
(1.98708 0.0579754 0)
(1.99152 0.0605769 0)
(1.99518 0.0628131 0)
(1.99958 0.0637245 0)
(2.00349 0.0649811 0)
(2.00755 0.0664105 0)
(2.01226 0.0680839 0)
(2.01639 0.0697683 0)
(2.0217 0.0704626 0)
(2.02913 0.0709842 0)
(2.03306 0.071307 0)
(2.03533 0.0712559 0)
(2.03756 0.0710473 0)
(2.03851 0.0717084 0)
(2.03525 0.0710306 0)
(2.02251 0.066266 0)
(1.99588 0.0654863 0)
(1.96747 0.0647519 0)
(1.95432 0.0553899 0)
(1.95681 0.0478244 0)
(1.959 0.0445534 0)
(1.96253 0.042239 0)
(1.96917 0.0377908 0)
(1.97718 0.0346604 0)
(1.986 0.0341719 0)
(1.99522 0.0299483 0)
(2.00522 0.0213217 0)
(2.1774 -0.0899618 0)
(2.18021 -0.0961679 0)
(2.18273 -0.102598 0)
(2.18546 -0.104829 0)
(2.18874 -0.105855 0)
(2.1934 -0.111416 0)
(2.19732 -0.117761 0)
(2.19851 -0.122871 0)
(2.1961 -0.130385 0)
(2.19224 -0.134184 0)
(2.16279 -0.135243 0)
(2.05463 -0.119022 0)
(1.9192 -0.107643 0)
(1.86337 -0.113272 0)
(1.85882 -0.113925 0)
(1.85809 -0.114432 0)
(1.85986 -0.116596 0)
(1.86308 -0.118466 0)
(1.86535 -0.11901 0)
(1.86725 -0.116176 0)
(1.86547 -0.113985 0)
(1.86264 -0.110153 0)
(1.85365 -0.0976051 0)
(1.8317 -0.0695825 0)
(1.78693 -0.00912585 0)
(1.75031 0.042302 0)
(1.70714 0.101131 0)
(1.68077 0.152691 0)
(1.67601 0.152316 0)
(1.6827 0.158665 0)
(1.6858 0.160556 0)
(1.68989 0.163113 0)
(1.69692 0.160614 0)
(1.70677 0.155229 0)
(1.71918 0.147805 0)
(1.73196 0.138735 0)
(1.74431 0.130385 0)
(1.75822 0.119654 0)
(1.7719 0.107789 0)
(1.78221 0.102909 0)
(1.79063 0.100414 0)
(1.80214 0.091263 0)
(1.81249 0.0833096 0)
(1.82103 0.0799473 0)
(1.83015 0.0737008 0)
(1.83957 0.0673425 0)
(1.84943 0.0608612 0)
(1.85893 0.0528592 0)
(1.8672 0.0480373 0)
(1.8763 0.0430898 0)
(1.88604 0.0362214 0)
(1.89532 0.0302184 0)
(1.9056 0.021705 0)
(1.91455 0.0142387 0)
(1.9225 0.0109888 0)
(1.93229 0.00361888 0)
(1.94183 -0.00729399 0)
(1.94949 -0.0136638 0)
(1.95762 -0.0185285 0)
(1.96694 -0.0274535 0)
(1.97608 -0.038046 0)
(1.98462 -0.048014 0)
(1.99154 -0.0542689 0)
(1.9978 -0.0571812 0)
(2.00471 -0.0615551 0)
(2.01336 -0.0713156 0)
(2.02099 -0.0829915 0)
(2.02824 -0.0842042 0)
(2.03589 -0.086608 0)
(2.04642 -0.100158 0)
(2.05488 -0.107461 0)
(2.06169 -0.109542 0)
(2.06666 -0.114692 0)
(2.06476 -0.111031 0)
(2.06261 -0.108069 0)
(2.05845 -0.103749 0)
(2.05086 -0.0964782 0)
(2.03845 -0.0861396 0)
(2.01424 -0.0587348 0)
(1.99419 -0.0321536 0)
(1.98258 -0.0196026 0)
(1.96688 0.00441092 0)
(1.96174 0.0200308 0)
(1.96237 0.0242729 0)
(1.9639 0.0280226 0)
(1.96534 0.0310067 0)
(1.96828 0.0334702 0)
(1.97204 0.036667 0)
(1.97493 0.0406914 0)
(1.97738 0.0446125 0)
(1.98085 0.0467886 0)
(1.98579 0.048797 0)
(1.98852 0.0509198 0)
(1.99161 0.0533839 0)
(1.99551 0.055477 0)
(1.99978 0.0566662 0)
(2.00341 0.0580285 0)
(2.00713 0.0593481 0)
(2.01157 0.0601942 0)
(2.01611 0.061737 0)
(2.02 0.0634928 0)
(2.02517 0.0640782 0)
(2.03216 0.0645363 0)
(2.03568 0.064822 0)
(2.03756 0.0645439 0)
(2.03931 0.0643798 0)
(2.03955 0.0651276 0)
(2.0348 0.0638784 0)
(2.01925 0.0593029 0)
(1.98942 0.0610054 0)
(1.96066 0.0595655 0)
(1.94838 0.0499907 0)
(1.95089 0.0432471 0)
(1.9532 0.0400051 0)
(1.95681 0.0374083 0)
(1.9632 0.0331549 0)
(1.97113 0.0310814 0)
(1.97945 0.0306386 0)
(1.98884 0.0256778 0)
(1.99772 0.0177495 0)
(2.16973 -0.080378 0)
(2.17207 -0.0849547 0)
(2.17505 -0.0902234 0)
(2.17804 -0.0940849 0)
(2.18111 -0.0958978 0)
(2.18561 -0.101035 0)
(2.18952 -0.106542 0)
(2.19183 -0.111241 0)
(2.1898 -0.118392 0)
(2.18714 -0.122436 0)
(2.16522 -0.12394 0)
(2.07501 -0.112495 0)
(1.93525 -0.0972207 0)
(1.86685 -0.0987943 0)
(1.85753 -0.098934 0)
(1.85632 -0.0991398 0)
(1.8569 -0.100485 0)
(1.85961 -0.102055 0)
(1.86324 -0.104256 0)
(1.86635 -0.104995 0)
(1.86706 -0.104685 0)
(1.86748 -0.106472 0)
(1.86563 -0.10583 0)
(1.86314 -0.103035 0)
(1.85578 -0.0929383 0)
(1.83802 -0.0687719 0)
(1.8051 -0.026671 0)
(1.75787 0.0426422 0)
(1.73324 0.0808626 0)
(1.7049 0.128172 0)
(1.69223 0.159073 0)
(1.69403 0.157342 0)
(1.69967 0.154979 0)
(1.70623 0.15559 0)
(1.71345 0.156788 0)
(1.72234 0.155816 0)
(1.7334 0.149964 0)
(1.74562 0.141365 0)
(1.75704 0.133857 0)
(1.7688 0.126247 0)
(1.78147 0.116691 0)
(1.79205 0.110005 0)
(1.80053 0.105848 0)
(1.81004 0.100092 0)
(1.82153 0.0904951 0)
(1.83107 0.0826513 0)
(1.83925 0.0804879 0)
(1.8482 0.0762181 0)
(1.85917 0.0664906 0)
(1.86915 0.0583997 0)
(1.87809 0.0534891 0)
(1.88698 0.0484612 0)
(1.89672 0.0420057 0)
(1.90626 0.0346255 0)
(1.91473 0.0292716 0)
(1.92301 0.0240343 0)
(1.9329 0.0136058 0)
(1.94135 0.0049254 0)
(1.9494 6.2952e-05 0)
(1.95889 -0.00864893 0)
(1.96689 -0.0169576 0)
(1.97442 -0.0235812 0)
(1.98211 -0.0305792 0)
(1.98886 -0.0350608 0)
(1.99613 -0.040894 0)
(2.00407 -0.0505738 0)
(2.00994 -0.0577176 0)
(2.01541 -0.0577296 0)
(2.02243 -0.060108 0)
(2.03164 -0.0707226 0)
(2.0401 -0.0828448 0)
(2.04922 -0.0856356 0)
(2.05557 -0.0858705 0)
(2.06388 -0.0968833 0)
(2.06473 -0.101617 0)
(2.06304 -0.100267 0)
(2.06008 -0.0950859 0)
(2.05564 -0.0908245 0)
(2.04572 -0.0791167 0)
(2.03322 -0.0650405 0)
(2.01619 -0.0483557 0)
(1.99339 -0.0184326 0)
(1.98359 -0.00645354 0)
(1.97945 0.00377478 0)
(1.97497 0.0184578 0)
(1.97496 0.0228885 0)
(1.97703 0.0257541 0)
(1.97874 0.0313045 0)
(1.97994 0.0374778 0)
(1.98241 0.0404107 0)
(1.98561 0.0414521 0)
(1.99019 0.0437889 0)
(1.99213 0.0469256 0)
(1.99522 0.0498916 0)
(1.99948 0.0513788 0)
(2.00394 0.052843 0)
(2.00718 0.0547838 0)
(2.01059 0.0560787 0)
(2.01489 0.0564758 0)
(2.01927 0.0576413 0)
(2.02303 0.059351 0)
(2.02814 0.059869 0)
(2.03467 0.0602204 0)
(2.03811 0.0604363 0)
(2.03977 0.0600054 0)
(2.04124 0.0598453 0)
(2.04104 0.0605984 0)
(2.03508 0.0591199 0)
(2.0169 0.0548874 0)
(1.98409 0.0582291 0)
(1.95469 0.056614 0)
(1.94283 0.047392 0)
(1.94533 0.0409962 0)
(1.94736 0.0377248 0)
(1.95105 0.0348179 0)
(1.95722 0.0309466 0)
(1.96481 0.0297383 0)
(1.97305 0.0283089 0)
(1.98282 0.0221696 0)
(1.99025 0.0157731 0)
(2.16173 -0.0692737 0)
(2.16435 -0.0751229 0)
(2.16692 -0.0780233 0)
(2.17063 -0.0825429 0)
(2.17364 -0.0854011 0)
(2.17789 -0.0905421 0)
(2.18178 -0.0956345 0)
(2.18507 -0.099855 0)
(2.18371 -0.106386 0)
(2.18187 -0.111117 0)
(2.16613 -0.113416 0)
(2.09353 -0.10488 0)
(1.9556 -0.0866917 0)
(1.87337 -0.0864218 0)
(1.85757 -0.0866543 0)
(1.85634 -0.0868554 0)
(1.85593 -0.0875016 0)
(1.85764 -0.088869 0)
(1.86068 -0.0908048 0)
(1.86323 -0.0904566 0)
(1.86562 -0.0927485 0)
(1.86763 -0.0962964 0)
(1.86827 -0.0996704 0)
(1.86833 -0.100005 0)
(1.86724 -0.0994612 0)
(1.86538 -0.0961709 0)
(1.86077 -0.0885982 0)
(1.84534 -0.066802 0)
(1.81851 -0.0280702 0)
(1.78394 0.0222173 0)
(1.74378 0.0861894 0)
(1.73247 0.107346 0)
(1.71578 0.135836 0)
(1.71027 0.159404 0)
(1.71349 0.15993 0)
(1.72088 0.156701 0)
(1.72872 0.154649 0)
(1.73697 0.154494 0)
(1.74708 0.152646 0)
(1.75849 0.147364 0)
(1.76953 0.140893 0)
(1.7792 0.135133 0)
(1.78986 0.126618 0)
(1.80014 0.118836 0)
(1.8088 0.114745 0)
(1.8185 0.10766 0)
(1.83083 0.0968422 0)
(1.84214 0.087712 0)
(1.85161 0.0822816 0)
(1.85963 0.0795398 0)
(1.8684 0.0751819 0)
(1.87919 0.0660439 0)
(1.88869 0.0580073 0)
(1.89728 0.0531126 0)
(1.90618 0.0472408 0)
(1.91547 0.0397845 0)
(1.925 0.0306366 0)
(1.93308 0.0234723 0)
(1.94038 0.0200276 0)
(1.94892 0.0132718 0)
(1.9581 0.00269999 0)
(1.96619 -0.00570066 0)
(1.97384 -0.0110612 0)
(1.98056 -0.015668 0)
(1.98717 -0.0212707 0)
(1.99363 -0.0272684 0)
(1.99957 -0.0330812 0)
(2.00534 -0.0359476 0)
(2.01087 -0.0364761 0)
(2.01891 -0.0455935 0)
(2.02599 -0.0551066 0)
(2.03314 -0.0556569 0)
(2.04314 -0.062842 0)
(2.05164 -0.0714687 0)
(2.05734 -0.0790916 0)
(2.06217 -0.0844455 0)
(2.062 -0.0818656 0)
(2.05979 -0.0797023 0)
(2.05576 -0.0762978 0)
(2.05003 -0.0726086 0)
(2.04186 -0.0656829 0)
(2.02733 -0.0492552 0)
(2.01321 -0.0316454 0)
(2.00218 -0.0168539 0)
(1.98951 0.0073354 0)
(1.98541 0.0177616 0)
(1.98593 0.0188307 0)
(1.98525 0.0262471 0)
(1.98664 0.0327773 0)
(1.98899 0.0345309 0)
(1.99195 0.036459 0)
(1.9941 0.0398989 0)
(1.99542 0.0433587 0)
(1.99892 0.0459008 0)
(2.00281 0.0473238 0)
(2.00707 0.0487765 0)
(2.01051 0.0515508 0)
(2.01372 0.0534369 0)
(2.01785 0.0537505 0)
(2.02194 0.0545355 0)
(2.02548 0.0561812 0)
(2.03008 0.0568396 0)
(2.03612 0.057701 0)
(2.03934 0.0580186 0)
(2.04093 0.0576311 0)
(2.04231 0.057502 0)
(2.0418 0.0584081 0)
(2.03508 0.0570195 0)
(2.01503 0.0530639 0)
(1.97966 0.0572926 0)
(1.9493 0.0563531 0)
(1.93782 0.0474467 0)
(1.9403 0.0408319 0)
(1.94174 0.0380451 0)
(1.94552 0.0349857 0)
(1.95125 0.0315537 0)
(1.95821 0.0303012 0)
(1.96701 0.0270348 0)
(1.97641 0.0206287 0)
(1.9828 0.0165009 0)
(2.15353 -0.0578925 0)
(2.15706 -0.0655007 0)
(2.15931 -0.067397 0)
(2.16341 -0.0716789 0)
(2.16665 -0.0754012 0)
(2.1705 -0.0803335 0)
(2.17427 -0.0852622 0)
(2.17812 -0.0887437 0)
(2.17797 -0.0943558 0)
(2.17649 -0.0997163 0)
(2.16554 -0.102393 0)
(2.10901 -0.0969664 0)
(1.97864 -0.0771582 0)
(1.88201 -0.0734439 0)
(1.85702 -0.0739879 0)
(1.85539 -0.0740158 0)
(1.85433 -0.0744454 0)
(1.85525 -0.0760843 0)
(1.85743 -0.0769047 0)
(1.85945 -0.0765039 0)
(1.86097 -0.077162 0)
(1.86242 -0.0798928 0)
(1.86452 -0.0851702 0)
(1.86659 -0.0865346 0)
(1.86839 -0.0894718 0)
(1.86863 -0.0907602 0)
(1.86895 -0.0897976 0)
(1.86816 -0.0884634 0)
(1.86445 -0.0806083 0)
(1.85394 -0.0637621 0)
(1.82884 -0.0270972 0)
(1.80204 0.0155459 0)
(1.77018 0.0647018 0)
(1.74355 0.11506 0)
(1.74005 0.125873 0)
(1.73553 0.141259 0)
(1.73374 0.155983 0)
(1.73693 0.159161 0)
(1.7438 0.15781 0)
(1.75127 0.157138 0)
(1.75932 0.157534 0)
(1.76885 0.1557 0)
(1.77889 0.151178 0)
(1.78876 0.144927 0)
(1.79966 0.135743 0)
(1.8103 0.12677 0)
(1.82016 0.119775 0)
(1.82918 0.114248 0)
(1.8398 0.106065 0)
(1.85207 0.0944819 0)
(1.86204 0.0878118 0)
(1.87104 0.0838665 0)
(1.87961 0.0777513 0)
(1.88763 0.0728329 0)
(1.89714 0.0657329 0)
(1.90696 0.0565709 0)
(1.91535 0.0495164 0)
(1.92424 0.042344 0)
(1.93296 0.0358558 0)
(1.94185 0.0285575 0)
(1.95044 0.0191634 0)
(1.95752 0.0129734 0)
(1.96397 0.0103802 0)
(1.97032 0.00632562 0)
(1.97765 -0.00109451 0)
(1.98479 -0.00879076 0)
(1.99084 -0.0134396 0)
(1.9959 -0.0137325 0)
(2.00089 -0.0148269 0)
(2.00839 -0.0232854 0)
(2.01489 -0.0314597 0)
(2.02143 -0.0329733 0)
(2.02821 -0.0351145 0)
(2.03649 -0.0444476 0)
(2.04583 -0.0578148 0)
(2.05375 -0.0635622 0)
(2.05749 -0.0641115 0)
(2.06087 -0.070109 0)
(2.06009 -0.0709812 0)
(2.05726 -0.0688932 0)
(2.05375 -0.0664185 0)
(2.0481 -0.0612239 0)
(2.03994 -0.050258 0)
(2.02982 -0.038005 0)
(2.01681 -0.0209935 0)
(2.00812 -0.0068034 0)
(2.00254 0.00325841 0)
(1.99541 0.0190032 0)
(1.99475 0.0272017 0)
(1.99679 0.0274595 0)
(1.99845 0.030778 0)
(1.99932 0.0358732 0)
(2.0016 0.0390661 0)
(2.00486 0.0416042 0)
(2.00756 0.0439041 0)
(2.01042 0.0457361 0)
(2.01383 0.0485039 0)
(2.01686 0.050698 0)
(2.02073 0.0511805 0)
(2.02451 0.0520611 0)
(2.02792 0.0534866 0)
(2.03171 0.0541833 0)
(2.03711 0.0553075 0)
(2.04023 0.0561233 0)
(2.042 0.055982 0)
(2.04348 0.0560437 0)
(2.04295 0.0571357 0)
(2.03607 0.0560218 0)
(2.01475 0.0527702 0)
(1.97648 0.0586478 0)
(1.94468 0.0586936 0)
(1.93321 0.0495322 0)
(1.93522 0.042569 0)
(1.93638 0.0403948 0)
(1.93996 0.0379207 0)
(1.9451 0.0352999 0)
(1.95195 0.0327976 0)
(1.96123 0.0278568 0)
(1.96982 0.021951 0)
(1.97556 0.0189158 0)
(2.14548 -0.0467111 0)
(2.15015 -0.0551767 0)
(2.15242 -0.0575227 0)
(2.15618 -0.0606151 0)
(2.1599 -0.0650196 0)
(2.16332 -0.069678 0)
(2.16712 -0.0751114 0)
(2.17105 -0.078087 0)
(2.17251 -0.0825451 0)
(2.17098 -0.0883494 0)
(2.16385 -0.0913418 0)
(2.12177 -0.0890314 0)
(2.00415 -0.0685399 0)
(1.89435 -0.0607978 0)
(1.85722 -0.0618459 0)
(1.85459 -0.0619616 0)
(1.85326 -0.0624265 0)
(1.85382 -0.0645114 0)
(1.85567 -0.065839 0)
(1.85761 -0.0653075 0)
(1.85864 -0.0650654 0)
(1.85975 -0.0675875 0)
(1.86124 -0.0710734 0)
(1.8635 -0.0742202 0)
(1.86629 -0.0764604 0)
(1.86955 -0.0811069 0)
(1.87156 -0.0853169 0)
(1.87208 -0.0849153 0)
(1.87315 -0.0816819 0)
(1.87291 -0.0788687 0)
(1.87081 -0.0726042 0)
(1.86276 -0.0581081 0)
(1.84643 -0.0329888 0)
(1.81572 0.0146648 0)
(1.79387 0.0540252 0)
(1.76812 0.0957037 0)
(1.7555 0.127735 0)
(1.75523 0.134045 0)
(1.75782 0.145887 0)
(1.75778 0.155436 0)
(1.75891 0.161191 0)
(1.76602 0.161444 0)
(1.77311 0.161676 0)
(1.78101 0.160673 0)
(1.78947 0.157488 0)
(1.79902 0.152228 0)
(1.80963 0.144705 0)
(1.82067 0.135077 0)
(1.83071 0.127396 0)
(1.84035 0.120386 0)
(1.85013 0.112654 0)
(1.85934 0.106364 0)
(1.87061 0.096249 0)
(1.88053 0.0867792 0)
(1.88873 0.0826586 0)
(1.89758 0.0761993 0)
(1.90712 0.0670691 0)
(1.91593 0.0598766 0)
(1.92437 0.0536517 0)
(1.93285 0.0466095 0)
(1.94121 0.0380405 0)
(1.94838 0.0319342 0)
(1.95539 0.0282998 0)
(1.96288 0.0222732 0)
(1.96947 0.0156878 0)
(1.97536 0.0116891 0)
(1.98063 0.0100189 0)
(1.98557 0.00877536 0)
(1.99205 0.00454656 0)
(1.99942 -0.00361709 0)
(2.00486 -0.0100699 0)
(2.00987 -0.00916641 0)
(2.01501 -0.0102546 0)
(2.02535 -0.0235729 0)
(2.0331 -0.0349312 0)
(2.03955 -0.0361341 0)
(2.0455 -0.0404128 0)
(2.05449 -0.0516174 0)
(2.05939 -0.0598744 0)
(2.06053 -0.0591032 0)
(2.05858 -0.057056 0)
(2.0552 -0.0537084 0)
(2.05139 -0.0501128 0)
(2.04672 -0.047074 0)
(2.03999 -0.0397795 0)
(2.03102 -0.0273068 0)
(2.02267 -0.01569 0)
(2.01401 -0.00084852 0)
(2.00991 0.0103954 0)
(2.00966 0.0154285 0)
(2.00558 0.0259713 0)
(2.00532 0.0343598 0)
(2.007 0.0350703 0)
(2.00982 0.036444 0)
(2.0115 0.0404261 0)
(2.01354 0.0437093 0)
(2.0167 0.0455006 0)
(2.02021 0.0474417 0)
(2.02387 0.0485057 0)
(2.02751 0.0495927 0)
(2.03083 0.0510518 0)
(2.03361 0.0516818 0)
(2.0384 0.0525748 0)
(2.04155 0.053389 0)
(2.04355 0.0533877 0)
(2.04522 0.0537076 0)
(2.04483 0.0552272 0)
(2.03802 0.0543572 0)
(2.01626 0.0514351 0)
(1.97527 0.059063 0)
(1.94164 0.0606755 0)
(1.92798 0.0520526 0)
(1.92926 0.0449829 0)
(1.93036 0.042603 0)
(1.93358 0.0413584 0)
(1.93891 0.0387888 0)
(1.94662 0.0344818 0)
(1.9556 0.0294867 0)
(1.96338 0.0250152 0)
(1.96862 0.0221707 0)
(2.13798 -0.0363024 0)
(2.14344 -0.0443727 0)
(2.14597 -0.0479903 0)
(2.14916 -0.05001 0)
(2.15356 -0.0548436 0)
(2.1564 -0.0587263 0)
(2.16031 -0.0644672 0)
(2.16404 -0.0677259 0)
(2.16707 -0.0711365 0)
(2.16545 -0.0771186 0)
(2.16115 -0.0802304 0)
(2.13132 -0.0806121 0)
(2.0309 -0.0621064 0)
(1.9109 -0.0483348 0)
(1.85815 -0.0491698 0)
(1.85324 -0.0492446 0)
(1.85143 -0.0498898 0)
(1.85153 -0.0518333 0)
(1.85315 -0.0539647 0)
(1.85494 -0.0533211 0)
(1.85605 -0.0531351 0)
(1.85698 -0.0553532 0)
(1.85788 -0.0577389 0)
(1.85957 -0.0599598 0)
(1.86175 -0.0612407 0)
(1.86463 -0.0641673 0)
(1.86785 -0.0691703 0)
(1.87103 -0.071541 0)
(1.87406 -0.0722599 0)
(1.8747 -0.0720212 0)
(1.87719 -0.071331 0)
(1.87706 -0.0692756 0)
(1.87582 -0.0648564 0)
(1.87047 -0.0537931 0)
(1.85743 -0.0310319 0)
(1.83889 -0.00143516 0)
(1.80916 0.0483872 0)
(1.79604 0.0799056 0)
(1.77656 0.11806 0)
(1.77047 0.141124 0)
(1.77271 0.143332 0)
(1.77774 0.152281 0)
(1.77873 0.158821 0)
(1.78141 0.161998 0)
(1.78866 0.161848 0)
(1.79543 0.161348 0)
(1.80252 0.160001 0)
(1.81008 0.15726 0)
(1.81948 0.152124 0)
(1.82961 0.145436 0)
(1.83955 0.13762 0)
(1.84931 0.12934 0)
(1.85858 0.12198 0)
(1.86798 0.113456 0)
(1.87791 0.10437 0)
(1.88865 0.0943953 0)
(1.89851 0.0851024 0)
(1.90685 0.078909 0)
(1.9152 0.0722528 0)
(1.92367 0.0645839 0)
(1.93207 0.0564657 0)
(1.93978 0.0492436 0)
(1.94645 0.0461422 0)
(1.95291 0.0429171 0)
(1.9597 0.0361154 0)
(1.96584 0.0322442 0)
(1.97195 0.0303666 0)
(1.97797 0.0259169 0)
(1.9835 0.0223473 0)
(1.98975 0.0177576 0)
(1.99555 0.0121657 0)
(2.00054 0.0106566 0)
(2.007 0.00697458 0)
(2.01524 -0.00367934 0)
(2.021 -0.0105397 0)
(2.02593 -0.0108663 0)
(2.03511 -0.0194631 0)
(2.04463 -0.0335263 0)
(2.05049 -0.0383817 0)
(2.05358 -0.0388757 0)
(2.05756 -0.0444456 0)
(2.05816 -0.0490196 0)
(2.05814 -0.05003 0)
(2.05506 -0.0474393 0)
(2.05149 -0.0432537 0)
(2.04743 -0.0381803 0)
(2.04233 -0.0307898 0)
(2.0367 -0.0223435 0)
(2.02925 -0.00947559 0)
(2.02345 0.00154185 0)
(2.01937 0.0101498 0)
(2.0167 0.0212259 0)
(2.01753 0.0246512 0)
(2.01728 0.0289621 0)
(2.01655 0.0361116 0)
(2.01852 0.0397138 0)
(2.02173 0.0408768 0)
(2.02453 0.0434977 0)
(2.02712 0.0453989 0)
(2.02997 0.0463861 0)
(2.03371 0.0480465 0)
(2.03588 0.0491421 0)
(2.04015 0.0498565 0)
(2.0436 0.0505645 0)
(2.04569 0.0506268 0)
(2.04733 0.0508692 0)
(2.04679 0.0525728 0)
(2.04003 0.0525396 0)
(2.01827 0.0493147 0)
(1.97565 0.0572277 0)
(1.94017 0.0611995 0)
(1.92272 0.0539245 0)
(1.92267 0.0472764 0)
(1.92391 0.044123 0)
(1.92683 0.0435423 0)
(1.93279 0.0409918 0)
(1.94158 0.0352979 0)
(1.95011 0.0305946 0)
(1.9566 0.0284935 0)
(1.96192 0.0249705 0)
(2.13089 -0.0263711 0)
(2.13641 -0.0330696 0)
(2.13965 -0.0382619 0)
(2.14225 -0.0396466 0)
(2.14717 -0.0445469 0)
(2.14993 -0.0479511 0)
(2.15368 -0.0531169 0)
(2.15731 -0.0575323 0)
(2.16101 -0.0600507 0)
(2.16013 -0.0658049 0)
(2.15757 -0.0693504 0)
(2.13757 -0.0714 0)
(2.05715 -0.0570731 0)
(1.93236 -0.0365665 0)
(1.86166 -0.0365153 0)
(1.8522 -0.0366451 0)
(1.84968 -0.0374257 0)
(1.84941 -0.0396712 0)
(1.851 -0.0419248 0)
(1.85295 -0.0422893 0)
(1.8542 -0.0422598 0)
(1.85532 -0.0443946 0)
(1.85646 -0.0476179 0)
(1.85785 -0.0486372 0)
(1.85981 -0.0493406 0)
(1.86193 -0.0506883 0)
(1.86456 -0.0539234 0)
(1.86768 -0.0575297 0)
(1.87108 -0.0583463 0)
(1.87526 -0.0609893 0)
(1.87828 -0.0643274 0)
(1.87994 -0.0657793 0)
(1.88156 -0.0640316 0)
(1.88294 -0.061783 0)
(1.88215 -0.058106 0)
(1.87952 -0.0502709 0)
(1.87054 -0.0332939 0)
(1.85463 -0.00389284 0)
(1.83658 0.0294509 0)
(1.81274 0.0748746 0)
(1.80482 0.0997049 0)
(1.79118 0.132211 0)
(1.78968 0.14768 0)
(1.79311 0.147063 0)
(1.79912 0.152761 0)
(1.80135 0.15631 0)
(1.80436 0.159906 0)
(1.81012 0.160088 0)
(1.81614 0.160384 0)
(1.82265 0.159884 0)
(1.82978 0.158332 0)
(1.83833 0.153855 0)
(1.84772 0.146944 0)
(1.85709 0.138404 0)
(1.86645 0.129276 0)
(1.87617 0.12023 0)
(1.88632 0.110169 0)
(1.89552 0.101288 0)
(1.90489 0.0923016 0)
(1.91436 0.0827472 0)
(1.92263 0.0753239 0)
(1.92964 0.0706612 0)
(1.93628 0.0667573 0)
(1.94362 0.0616655 0)
(1.95113 0.054475 0)
(1.95709 0.049925 0)
(1.96216 0.0508653 0)
(1.96754 0.049008 0)
(1.97435 0.0416243 0)
(1.98077 0.0363229 0)
(1.98711 0.0324601 0)
(1.9924 0.0291547 0)
(1.99752 0.0263343 0)
(2.00558 0.0172765 0)
(2.01218 0.00855663 0)
(2.0175 0.00694202 0)
(2.02503 0.000620658 0)
(2.03306 -0.0109779 0)
(2.03855 -0.0149431 0)
(2.04562 -0.0210972 0)
(2.05328 -0.0328552 0)
(2.05631 -0.0355526 0)
(2.05758 -0.0361575 0)
(2.05733 -0.0357233 0)
(2.05625 -0.0349277 0)
(2.0541 -0.034079 0)
(2.05161 -0.032841 0)
(2.04893 -0.0300402 0)
(2.04525 -0.0232539 0)
(2.04103 -0.0150013 0)
(2.03722 -0.00859257 0)
(2.03178 0.00249935 0)
(2.02782 0.0145344 0)
(2.02629 0.0192335 0)
(2.0245 0.0264648 0)
(2.02659 0.0306346 0)
(2.02833 0.0345512 0)
(2.02876 0.0400033 0)
(2.03031 0.0422527 0)
(2.03193 0.0432085 0)
(2.03474 0.0447851 0)
(2.03866 0.0455675 0)
(2.04205 0.0466964 0)
(2.04568 0.0477743 0)
(2.04764 0.0480916 0)
(2.04909 0.0483206 0)
(2.04853 0.0501485 0)
(2.04236 0.0510792 0)
(2.02149 0.047972 0)
(1.97817 0.0550706 0)
(1.93996 0.061584 0)
(1.91881 0.0555823 0)
(1.91738 0.0492418 0)
(1.91852 0.0447499 0)
(1.9208 0.0437468 0)
(1.92726 0.0406712 0)
(1.93595 0.0351914 0)
(1.94396 0.0316287 0)
(1.94961 0.0303659 0)
(1.95511 0.0257373 0)
(2.12435 -0.0173633 0)
(2.12897 -0.0217236 0)
(2.13334 -0.0278527 0)
(2.13565 -0.029471 0)
(2.14052 -0.0341664 0)
(2.14378 -0.0379061 0)
(2.1469 -0.041549 0)
(2.15088 -0.0472382 0)
(2.15449 -0.0494463 0)
(2.15492 -0.0544346 0)
(2.15319 -0.059049 0)
(2.14071 -0.0616293 0)
(2.08074 -0.0531419 0)
(1.95858 -0.0271281 0)
(1.86986 -0.0231287 0)
(1.85101 -0.0237275 0)
(1.84791 -0.0246697 0)
(1.84693 -0.0270829 0)
(1.84837 -0.0295377 0)
(1.85044 -0.02993 0)
(1.85192 -0.0305859 0)
(1.85325 -0.0329878 0)
(1.85448 -0.0359245 0)
(1.85588 -0.0374466 0)
(1.85765 -0.0370369 0)
(1.85958 -0.0375628 0)
(1.86158 -0.0395263 0)
(1.86369 -0.0413565 0)
(1.86679 -0.0432929 0)
(1.87013 -0.0440818 0)
(1.87445 -0.048396 0)
(1.87805 -0.0524685 0)
(1.88157 -0.0527552 0)
(1.88495 -0.0553446 0)
(1.88603 -0.054524 0)
(1.88846 -0.0532062 0)
(1.88817 -0.0501408 0)
(1.88555 -0.0421731 0)
(1.88123 -0.0298945 0)
(1.87039 -0.00798476 0)
(1.85623 0.021381 0)
(1.8412 0.0530976 0)
(1.82507 0.0898123 0)
(1.8213 0.107528 0)
(1.81103 0.134909 0)
(1.81057 0.147084 0)
(1.81383 0.146524 0)
(1.81936 0.152155 0)
(1.82105 0.156855 0)
(1.82358 0.160548 0)
(1.82875 0.160916 0)
(1.83487 0.159912 0)
(1.84082 0.158829 0)
(1.84758 0.156383 0)
(1.85572 0.151045 0)
(1.86493 0.143283 0)
(1.87384 0.135263 0)
(1.88269 0.126614 0)
(1.89204 0.117271 0)
(1.90141 0.108315 0)
(1.91022 0.0999796 0)
(1.91846 0.0928858 0)
(1.92657 0.0864047 0)
(1.93419 0.0806713 0)
(1.94069 0.0770361 0)
(1.94621 0.0740438 0)
(1.952 0.0707331 0)
(1.95892 0.0663783 0)
(1.96622 0.058839 0)
(1.97181 0.0538254 0)
(1.97685 0.0541608 0)
(1.98282 0.0506048 0)
(1.99072 0.0413833 0)
(1.99757 0.0329707 0)
(2.00331 0.0279911 0)
(2.008 0.0268447 0)
(2.01508 0.0203916 0)
(2.02361 0.00768797 0)
(2.02957 0.00176634 0)
(2.03618 -0.00151347 0)
(2.04272 -0.00863196 0)
(2.04777 -0.0156078 0)
(2.05374 -0.0229883 0)
(2.05839 -0.0308063 0)
(2.05963 -0.0318679 0)
(2.05895 -0.0312947 0)
(2.05735 -0.0292569 0)
(2.0554 -0.0258769 0)
(2.05372 -0.0233984 0)
(2.05216 -0.0215759 0)
(2.05003 -0.0181821 0)
(2.04636 -0.0112775 0)
(2.04262 -0.00273592 0)
(2.03986 0.00404274 0)
(2.03671 0.0118246 0)
(2.03505 0.0205428 0)
(2.03549 0.0251417 0)
(2.03496 0.0313069 0)
(2.03619 0.0341326 0)
(2.03823 0.0347964 0)
(2.04023 0.0378353 0)
(2.04276 0.0405967 0)
(2.04572 0.0421785 0)
(2.04782 0.0444342 0)
(2.04966 0.0454613 0)
(2.0509 0.0455129 0)
(2.05045 0.0471318 0)
(2.04541 0.0490951 0)
(2.02685 0.0468147 0)
(1.98396 0.0524284 0)
(1.93996 0.0634381 0)
(1.91602 0.0576041 0)
(1.91392 0.0501539 0)
(1.9142 0.0462323 0)
(1.91596 0.0442947 0)
(1.92225 0.0395707 0)
(1.92979 0.0338417 0)
(1.9372 0.0318163 0)
(1.9427 0.0302587 0)
(1.94828 0.0249623 0)
(2.11794 -0.00881147 0)
(2.12176 -0.0108678 0)
(2.12707 -0.0166769 0)
(2.1294 -0.0190412 0)
(2.13362 -0.0234315 0)
(2.13746 -0.0283468 0)
(2.14007 -0.0305232 0)
(2.14437 -0.0363016 0)
(2.14773 -0.0393577 0)
(2.14974 -0.0428826 0)
(2.14779 -0.0489484 0)
(2.14072 -0.0514697 0)
(2.09987 -0.0487711 0)
(1.9892 -0.0215014 0)
(1.88495 -0.0100268 0)
(1.84885 -0.0110577 0)
(1.84632 -0.0119462 0)
(1.84464 -0.0144492 0)
(1.84568 -0.0172203 0)
(1.84804 -0.0178778 0)
(1.8498 -0.0187266 0)
(1.85139 -0.0216682 0)
(1.85276 -0.0247022 0)
(1.85424 -0.0261885 0)
(1.8561 -0.0261246 0)
(1.858 -0.025801 0)
(1.86005 -0.0271819 0)
(1.86199 -0.029019 0)
(1.86426 -0.0297703 0)
(1.86734 -0.0309122 0)
(1.87071 -0.0330497 0)
(1.87441 -0.0368344 0)
(1.87879 -0.0408635 0)
(1.88299 -0.0419225 0)
(1.88765 -0.0466686 0)
(1.89012 -0.0483868 0)
(1.89135 -0.0460752 0)
(1.89301 -0.0419126 0)
(1.89346 -0.0382785 0)
(1.89257 -0.0341653 0)
(1.89109 -0.0267528 0)
(1.88648 -0.0140408 0)
(1.87675 0.00717725 0)
(1.86539 0.0332446 0)
(1.8544 0.060311 0)
(1.84234 0.0911857 0)
(1.83891 0.108412 0)
(1.82986 0.134066 0)
(1.83027 0.144312 0)
(1.83377 0.144876 0)
(1.838 0.151367 0)
(1.839 0.156129 0)
(1.84155 0.157952 0)
(1.84656 0.157098 0)
(1.85287 0.154164 0)
(1.85852 0.151619 0)
(1.86465 0.149964 0)
(1.87217 0.145221 0)
(1.88073 0.13849 0)
(1.88906 0.132075 0)
(1.89687 0.125395 0)
(1.90505 0.118379 0)
(1.9131 0.112872 0)
(1.9217 0.105801 0)
(1.92957 0.0989683 0)
(1.93642 0.0947444 0)
(1.94348 0.0895997 0)
(1.94956 0.0860545 0)
(1.95479 0.0829683 0)
(1.96166 0.0755685 0)
(1.96806 0.0706212 0)
(1.97462 0.0664362 0)
(1.98205 0.0588786 0)
(1.98806 0.0526539 0)
(1.99397 0.0478028 0)
(2.00017 0.0426861 0)
(2.0074 0.0353559 0)
(2.0146 0.0253885 0)
(2.02002 0.0203775 0)
(2.02497 0.0185506 0)
(2.03345 0.00947207 0)
(2.04111 -0.00296274 0)
(2.0468 -0.00812109 0)
(2.0502 -0.00839931 0)
(2.05258 -0.0127152 0)
(2.05776 -0.0187809 0)
(2.06049 -0.0239261 0)
(2.06099 -0.024493 0)
(2.06064 -0.0236398 0)
(2.05784 -0.0205888 0)
(2.056 -0.0157426 0)
(2.05473 -0.0132857 0)
(2.05364 -0.0107328 0)
(2.05194 -0.00653228 0)
(2.04986 -0.000931585 0)
(2.04734 0.00545499 0)
(2.04519 0.0113031 0)
(2.04308 0.0179293 0)
(2.04262 0.0236749 0)
(2.04393 0.027117 0)
(2.04491 0.031796 0)
(2.04665 0.0357474 0)
(2.04882 0.0364735 0)
(2.05104 0.0379324 0)
(2.05332 0.0395819 0)
(2.05507 0.0395328 0)
(2.0549 0.0410799 0)
(2.05077 0.044007 0)
(2.03491 0.0428201 0)
(1.99349 0.0492272 0)
(1.94253 0.06538 0)
(1.91343 0.0600126 0)
(1.90973 0.0508662 0)
(1.90961 0.0476231 0)
(1.91135 0.04506 0)
(1.9171 0.0392258 0)
(1.92358 0.033852 0)
(1.93033 0.0325209 0)
(1.93561 0.0298937 0)
(1.94166 0.0239318 0)
(2.11199 -0.000446341 0)
(2.11549 -0.00135778 0)
(2.12079 -0.00566732 0)
(2.12359 -0.00864765 0)
(2.12693 -0.0126479 0)
(2.13102 -0.018651 0)
(2.13349 -0.0204655 0)
(2.1375 -0.0250455 0)
(2.14094 -0.0299229 0)
(2.14378 -0.0321079 0)
(2.14249 -0.0388817 0)
(2.13854 -0.0416265 0)
(2.11306 -0.0425369 0)
(2.02238 -0.0204742 0)
(1.90721 0.00241483 0)
(1.8486 0.00119686 0)
(1.84393 0.000569338 0)
(1.84223 -0.00173319 0)
(1.84286 -0.00467416 0)
(1.84526 -0.00552831 0)
(1.84742 -0.00647048 0)
(1.84925 -0.00964187 0)
(1.85065 -0.0128834 0)
(1.85214 -0.0141904 0)
(1.85395 -0.0140666 0)
(1.85602 -0.0140788 0)
(1.85814 -0.014643 0)
(1.86024 -0.0163249 0)
(1.8624 -0.0177751 0)
(1.865 -0.0181935 0)
(1.86817 -0.0197268 0)
(1.87124 -0.0223635 0)
(1.87457 -0.0253113 0)
(1.87877 -0.0278021 0)
(1.88324 -0.0302251 0)
(1.88719 -0.0343757 0)
(1.89059 -0.0355926 0)
(1.89341 -0.0325326 0)
(1.89532 -0.0331309 0)
(1.89624 -0.0326369 0)
(1.89906 -0.0307549 0)
(1.90082 -0.0285026 0)
(1.90059 -0.0257156 0)
(1.89934 -0.0202028 0)
(1.89526 -0.00860344 0)
(1.88749 0.0110068 0)
(1.87781 0.0360171 0)
(1.87008 0.0593162 0)
(1.85852 0.0897766 0)
(1.85536 0.107712 0)
(1.848 0.130789 0)
(1.84876 0.138865 0)
(1.8524 0.14045 0)
(1.85553 0.146252 0)
(1.8563 0.150539 0)
(1.85728 0.152544 0)
(1.86241 0.150305 0)
(1.86851 0.146442 0)
(1.87424 0.143771 0)
(1.88039 0.143264 0)
(1.88723 0.141066 0)
(1.89443 0.136541 0)
(1.90184 0.133037 0)
(1.9086 0.129416 0)
(1.91556 0.124394 0)
(1.92345 0.119063 0)
(1.93092 0.115252 0)
(1.9386 0.109019 0)
(1.94649 0.0998839 0)
(1.95252 0.095687 0)
(1.9578 0.0928305 0)
(1.96452 0.0864194 0)
(1.97221 0.0775218 0)
(1.97924 0.0696425 0)
(1.98553 0.0649896 0)
(1.99195 0.0596183 0)
(1.99868 0.0523802 0)
(2.00534 0.0442065 0)
(2.01124 0.0378507 0)
(2.0169 0.0338052 0)
(2.02478 0.025741 0)
(2.03139 0.0164955 0)
)
;

boundaryField
{
    inlet
    {
        type            fixedValue;
        value           nonuniform 0();
    }
    outlet
    {
        type            inletOutlet;
        inletValue      nonuniform 0();
        value           nonuniform 0();
    }
    bottom
    {
        type            symmetryPlane;
    }
    top
    {
        type            symmetryPlane;
    }
    obstacle
    {
        type            slip;
    }
    front
    {
        type            empty;
    }
    back
    {
        type            empty;
    }
    procBoundary13to5
    {
        type            processor;
        value           nonuniform List<vector> 
129
(
(2.23455 -0.147945 0)
(2.23855 -0.151707 0)
(2.2422 -0.14941 0)
(2.24866 -0.157794 0)
(2.25526 -0.175222 0)
(2.25675 -0.184616 0)
(2.25981 -0.185933 0)
(2.26213 -0.187635 0)
(1.98896 0.16306 0)
(1.9981 0.16344 0)
(2.00776 0.163936 0)
(2.01821 0.16333 0)
(2.02914 0.160683 0)
(2.03917 0.158765 0)
(2.04854 0.157467 0)
(2.0571 0.154498 0)
(2.0637 0.151116 0)
(2.06875 0.148027 0)
(2.07226 0.142074 0)
(2.07422 0.13468 0)
(2.07685 0.122 0)
(2.07388 0.111983 0)
(2.0787 0.0984645 0)
(2.09102 0.0814406 0)
(2.0983 0.069617 0)
(2.10973 0.0616463 0)
(2.12727 0.0455592 0)
(2.26958 -0.201193 0)
(2.2713 -0.212684 0)
(2.26791 -0.210114 0)
(2.19842 -0.143646 0)
(1.92039 0.104074 0)
(1.57973 0.330412 0)
(1.48564 0.377889 0)
(1.47774 0.410247 0)
(1.48652 0.415933 0)
(1.495 0.406328 0)
(1.50861 0.384197 0)
(1.52777 0.352631 0)
(1.54447 0.306581 0)
(1.56224 0.236662 0)
(1.59376 0.182428 0)
(1.61664 0.151589 0)
(1.62962 0.131115 0)
(1.64624 0.111608 0)
(1.65899 0.0992231 0)
(1.6701 0.0888672 0)
(1.68549 0.071605 0)
(1.70078 0.0548233 0)
(1.71558 0.0395032 0)
(1.72939 0.0236447 0)
(1.7408 0.0142189 0)
(1.75358 0.00383603 0)
(1.76888 -0.0113095 0)
(1.78241 -0.0227077 0)
(1.79469 -0.0323246 0)
(1.80669 -0.0439815 0)
(1.81827 -0.0534712 0)
(1.82929 -0.0634231 0)
(1.84038 -0.0780487 0)
(1.85046 -0.0872227 0)
(1.86025 -0.0934471 0)
(1.87176 -0.108224 0)
(1.88163 -0.119942 0)
(1.89109 -0.124765 0)
(1.89986 -0.134851 0)
(1.90725 -0.14647 0)
(1.91497 -0.150597 0)
(1.92158 -0.155154 0)
(1.9264 -0.162307 0)
(1.93154 -0.165804 0)
(1.9373 -0.170272 0)
(1.94213 -0.177061 0)
(1.94726 -0.178746 0)
(1.95317 -0.179011 0)
(1.95977 -0.184147 0)
(1.96566 -0.188797 0)
(1.97294 -0.187176 0)
(1.9798 -0.187558 0)
(1.98601 -0.190215 0)
(1.99048 -0.191905 0)
(1.99621 -0.189835 0)
(1.99901 -0.183357 0)
(1.99937 -0.177967 0)
(1.99548 -0.16358 0)
(1.98658 -0.140695 0)
(1.97264 -0.119068 0)
(1.9399 -0.0656156 0)
(1.91799 -0.0299496 0)
(1.906 -0.017243 0)
(1.88424 0.00383239 0)
(1.87415 0.0223403 0)
(1.86212 0.0230069 0)
(1.85469 0.0167351 0)
(1.85707 0.0152761 0)
(1.85846 0.0187257 0)
(1.85907 0.023419 0)
(1.86016 0.0274309 0)
(1.86071 0.0306442 0)
(1.86064 0.0332791 0)
(1.86299 0.03695 0)
(1.86518 0.0412735 0)
(1.86573 0.0451118 0)
(1.86948 0.0511721 0)
(1.87196 0.0575308 0)
(1.87189 0.0607655 0)
(1.87508 0.0661087 0)
(1.8789 0.0722428 0)
(1.88002 0.0755227 0)
(1.88279 0.0803319 0)
(1.88654 0.0854592 0)
(1.88946 0.0906265 0)
(1.89118 0.0932392 0)
(1.89581 0.0984515 0)
(1.90019 0.102894 0)
(1.90417 0.108383 0)
(1.90678 0.112807 0)
(1.91292 0.116525 0)
(1.91839 0.12102 0)
(1.92326 0.126574 0)
(1.92773 0.128938 0)
(1.93486 0.132241 0)
(1.94189 0.134769 0)
(1.94799 0.137846 0)
(1.95597 0.14031 0)
(1.96491 0.142275 0)
(1.97422 0.144394 0)
(1.98408 0.146968 0)
(1.98408 0.146968 0)
)
;
    }
    procBoundary13to6
    {
        type            processor;
        value           nonuniform List<vector> 5((2.11828 0.0334811 0) (2.09496 0.0364671 0) (2.07912 0.032657 0) (2.06819 0.0284904 0) (2.05808 0.0221109 0));
    }
    procBoundary13to14
    {
        type            processor;
        value           nonuniform List<vector> 
14
(
(2.04882 0.0192737 0)
(2.03919 0.0201823 0)
(2.0295 0.020688 0)
(2.01999 0.0185788 0)
(2.01123 0.0154693 0)
(2.003 0.0131714 0)
(1.99478 0.0127201 0)
(1.98676 0.01384 0)
(1.97921 0.015836 0)
(1.97197 0.0187735 0)
(1.96558 0.0211087 0)
(1.9595 0.0200357 0)
(1.95259 0.0185238 0)
(1.94621 0.017248 0)
)
;
    }
    procBoundary13to20
    {
        type            processor;
        value           nonuniform List<vector> 3((2.22189 -0.124343 0) (2.21073 -0.112365 0) (2.20049 -0.103327 0));
    }
    procBoundary13to21
    {
        type            processor;
        value           nonuniform List<vector> 
129
(
(2.06437 0.0474279 0)
(2.06885 0.0461342 0)
(2.07627 0.0383679 0)
(2.08083 0.0324559 0)
(2.0857 0.0295752 0)
(2.0916 0.0248025 0)
(2.09597 0.0215036 0)
(2.10158 0.0156067 0)
(2.03613 0.0136656 0)
(2.04197 0.00838043 0)
(2.04978 -0.0030051 0)
(2.0542 -0.00955105 0)
(2.05739 -0.0099736 0)
(2.05802 -0.00935952 0)
(2.05889 -0.011249 0)
(2.05961 -0.0135486 0)
(2.06059 -0.014845 0)
(2.06078 -0.0144256 0)
(2.06037 -0.0124225 0)
(2.05791 -0.00832518 0)
(2.05659 -0.00367951 0)
(2.0556 -0.000916183 0)
(2.05487 0.00132034 0)
(2.0541 0.00549624 0)
(2.05301 0.011439 0)
(2.05268 0.0164617 0)
(2.05216 0.0202595 0)
(2.0519 0.024376 0)
(2.05297 0.0269183 0)
(2.05441 0.0295655 0)
(2.05607 0.0331642 0)
(2.05785 0.0341712 0)
(2.05815 0.0355258 0)
(2.05514 0.0388392 0)
(2.04265 0.0386712 0)
(2.00555 0.0431221 0)
(1.94983 0.061846 0)
(1.91374 0.0589285 0)
(1.90536 0.0500856 0)
(1.90487 0.0477811 0)
(1.90615 0.0453822 0)
(1.91079 0.0398217 0)
(1.91642 0.0353552 0)
(1.92267 0.0337484 0)
(1.9286 0.0293955 0)
(1.93562 0.0230308 0)
(2.10623 0.00914271 0)
(2.10953 0.00794088 0)
(2.11431 0.00512369 0)
(2.11802 0.00137895 0)
(2.12067 -0.00211271 0)
(2.12479 -0.00858553 0)
(2.12716 -0.011233 0)
(2.1302 -0.0140492 0)
(2.13406 -0.0203362 0)
(2.13688 -0.0223793 0)
(2.13701 -0.0279767 0)
(2.1348 -0.0327409 0)
(2.12014 -0.0344192 0)
(2.05475 -0.0217395 0)
(1.9359 0.0102076 0)
(1.85581 0.0143921 0)
(1.84195 0.0129973 0)
(1.83954 0.0109302 0)
(1.83977 0.007934 0)
(1.84229 0.00668436 0)
(1.84488 0.00584241 0)
(1.84711 0.00254413 0)
(1.84853 -0.000845762 0)
(1.84996 -0.00211497 0)
(1.85178 -0.00205311 0)
(1.85388 -0.00222509 0)
(1.85624 -0.00284579 0)
(1.85854 -0.00396247 0)
(1.86093 -0.0060504 0)
(1.86365 -0.00756705 0)
(1.86662 -0.00817587 0)
(1.86969 -0.0103613 0)
(1.8725 -0.0131575 0)
(1.87564 -0.0147751 0)
(1.87941 -0.0163605 0)
(1.88278 -0.0182108 0)
(1.88609 -0.0201314 0)
(1.88984 -0.0203388 0)
(1.89277 -0.0203301 0)
(1.89708 -0.0251448 0)
(1.89995 -0.0269843 0)
(1.90297 -0.0257271 0)
(1.90532 -0.0266472 0)
(1.90759 -0.0277523 0)
(1.90949 -0.0269603 0)
(1.90978 -0.0231093 0)
(1.90916 -0.0163511 0)
(1.90583 -0.00496016 0)
(1.90001 0.0127537 0)
(1.89249 0.0348137 0)
(1.88446 0.057427 0)
(1.87599 0.0821608 0)
(1.87282 0.099673 0)
(1.86625 0.121019 0)
(1.86705 0.127167 0)
(1.86921 0.129652 0)
(1.87115 0.136416 0)
(1.87057 0.141973 0)
(1.8711 0.145391 0)
(1.8765 0.144017 0)
(1.88281 0.140394 0)
(1.88826 0.138264 0)
(1.89454 0.139661 0)
(1.90113 0.139687 0)
(1.90759 0.136655 0)
(1.91372 0.134751 0)
(1.91984 0.133376 0)
(1.92686 0.1291 0)
(1.93404 0.123686 0)
(1.94112 0.118617 0)
(1.94809 0.113134 0)
(1.95521 0.105875 0)
(1.96245 0.0974387 0)
(1.96927 0.0902563 0)
(1.97511 0.0861341 0)
(1.98191 0.0796126 0)
(1.99025 0.0690049 0)
(1.99619 0.0622703 0)
(2.00232 0.0568187 0)
(2.00895 0.0506678 0)
(2.0154 0.0441206 0)
(2.03613 0.0136656 0)
(2.02267 0.0350066 0)
)
;
    }
    procBoundary13to28
    {
        type            processor;
        value           nonuniform List<vector> 
16
(
(2.18944 -0.0934271 0)
(2.17865 -0.0836848 0)
(2.16833 -0.0750157 0)
(2.1577 -0.0644127 0)
(2.14815 -0.0553981 0)
(2.13832 -0.0444153 0)
(2.12932 -0.0345559 0)
(2.12055 -0.0244746 0)
(2.11296 -0.0168156 0)
(2.10572 -0.0105104 0)
(2.09873 -0.00303984 0)
(2.09203 0.00622202 0)
(2.08553 0.0158512 0)
(2.0791 0.0251822 0)
(2.07238 0.0336564 0)
(2.0659 0.0411654 0)
)
;
    }
}


// ************************************************************************* //
