/*--------------------------------*- C++ -*----------------------------------*\
  =========                 |
  \\      /  F ield         | OpenFOAM: The Open Source CFD Toolbox
   \\    /   O peration     | Website:  https://openfoam.org
    \\  /    A nd           | Version:  7
     \\/     M anipulation  |
\*---------------------------------------------------------------------------*/
FoamFile
{
    version     2.0;
    format      ascii;
    class       volVectorField;
    location    "15";
    object      U;
}
// * * * * * * * * * * * * * * * * * * * * * * * * * * * * * * * * * * * * * //

dimensions      [0 1 -1 0 0 0 0];

internalField   nonuniform List<vector> 
2413
(
(2 5.93152e-15 0)
(2 5.87373e-15 0)
(2 5.76905e-15 0)
(2 5.63981e-15 0)
(2 5.64405e-15 0)
(2 5.6917e-15 0)
(2 5.84602e-15 0)
(2 5.93453e-15 0)
(2 5.71065e-15 0)
(2 5.5696e-15 0)
(2 5.25528e-15 0)
(2 5.10411e-15 0)
(2 4.75058e-15 0)
(2 4.42434e-15 0)
(2 3.96336e-15 0)
(2 3.90202e-15 0)
(2 3.86178e-15 0)
(2 3.6764e-15 0)
(2 3.23022e-15 0)
(2 3.05352e-15 0)
(2 3.12026e-15 0)
(2 3.12194e-15 0)
(2 3.2536e-15 0)
(2 3.5215e-15 0)
(2 3.53547e-15 0)
(2 4.02371e-15 0)
(2 4.42713e-15 0)
(2 4.49439e-15 0)
(2 4.70091e-15 0)
(2 4.80274e-15 0)
(2 4.77965e-15 0)
(2 4.43907e-15 0)
(2 4.30869e-15 0)
(2 4.1388e-15 0)
(2 2.60107e-15 0)
(2 2.45521e-15 0)
(2 2.24917e-15 0)
(2 2.15808e-15 0)
(2 1.9589e-15 0)
(2 1.55682e-15 0)
(2 1.00168e-15 0)
(2 6.87295e-16 0)
(2 -4.78961e-17 0)
(2 -8.47746e-16 0)
(2 -1.06536e-15 0)
(2 -1.35745e-15 0)
(2 -1.41426e-15 0)
(2 -1.07237e-15 0)
(2 -6.66738e-16 0)
(2 -4.07155e-16 0)
(2 -1.27197e-16 0)
(2 -3.20885e-17 0)
(2 1.15282e-16 0)
(2 6.09958e-16 0)
(2 8.92001e-16 0)
(2 1.12894e-15 0)
(2 9.95535e-16 0)
(2 8.40872e-16 0)
(2 7.4754e-16 0)
(2 7.47424e-16 0)
(2 8.54006e-16 0)
(2 1.07729e-15 0)
(2 1.225e-15 0)
(2 1.22514e-15 0)
(2 1.23712e-15 0)
(2 1.21639e-15 0)
(2 1.1701e-15 0)
(2 9.91386e-16 0)
(2 6.92418e-16 0)
(2 2.80132e-16 0)
(2 7.73744e-17 0)
(2 1.7191e-16 0)
(2 3.38765e-16 0)
(2 6.80599e-16 0)
(2 7.9202e-16 0)
(2 7.06349e-16 0)
(2 7.76495e-16 0)
(2 8.81245e-16 0)
(2 5.75598e-16 0)
(2 -1.54431e-17 0)
(2 -1.12956e-16 0)
(2 -7.88634e-17 0)
(2 1.1342e-16 0)
(2 2.41635e-16 0)
(2 2.66913e-16 0)
(2 3.04273e-16 0)
(2 3.6593e-16 0)
(2 3.26615e-16 0)
(2 3.16276e-16 0)
(2 1.28732e-16 0)
(2 3.45347e-17 0)
(2 1.60568e-18 0)
(2 -9.45236e-17 0)
(2 3.59298e-16 0)
(2 5.6698e-16 0)
(2 6.29214e-16 0)
(2 5.76507e-16 0)
(2 4.86313e-16 0)
(2 4.0944e-16 0)
(2 1.66883e-16 0)
(2 1.7191e-16 0)
(2 3.19635e-16 0)
(2 7.86671e-16 0)
(2 9.15668e-16 0)
(2 1.05841e-15 0)
(2 9.91468e-16 0)
(2 9.19585e-16 0)
(2 1.17009e-15 0)
(2 1.35769e-15 0)
(2 1.46218e-15 0)
(2 1.71e-15 0)
(2 1.88666e-15 0)
(2 1.92777e-15 0)
(2 2.03429e-15 0)
(2 2.31609e-15 0)
(2 2.41231e-15 0)
(2 3.0158e-15 0)
(2 3.36333e-15 0)
(2 3.57239e-15 0)
(2 3.68398e-15 0)
(2 3.69534e-15 0)
(2 3.80927e-15 0)
(2 3.94496e-15 0)
(2 3.90752e-15 0)
(2 3.82273e-15 0)
(2 3.66623e-15 0)
(2 3.57986e-15 0)
(2 3.28835e-15 0)
(2 3.091e-15 0)
(2 3.02963e-15 0)
(2 3.06018e-15 0)
(2 3.00977e-15 0)
(2 3.02319e-15 0)
(2 3.09258e-15 0)
(2 3.12031e-15 0)
(2 3.149e-15 0)
(2 3.2574e-15 0)
(2 3.28528e-15 0)
(2 3.47882e-15 0)
(2 3.55656e-15 0)
(2 3.6976e-15 0)
(2 3.76316e-15 0)
(2 4.64614e-15 0)
(2 4.81616e-15 0)
(2 5.03739e-15 0)
(2 5.12387e-15 0)
(2 5.16154e-15 0)
(2 5.11271e-15 0)
(2 4.98241e-15 0)
(2 4.78365e-15 0)
(2 4.56601e-15 0)
(2 4.48978e-15 0)
(2 4.48973e-15 0)
(2 4.44698e-15 0)
(2 1.10428e-15 0)
(2 7.73187e-16 0)
(2 7.19316e-16 0)
(2 8.56283e-16 0)
(2 1.04473e-15 0)
(2 1.24191e-15 0)
(2 1.1699e-15 0)
(2 1.07902e-15 0)
(2 8.63524e-16 0)
(2 7.83408e-16 0)
(2 6.79157e-16 0)
(2 5.83452e-16 0)
(2 4.97081e-16 0)
(2 -3.56418e-18 0)
(2 -3.80456e-16 0)
(2 -7.85908e-16 0)
(2 -7.95601e-16 0)
(2 -7.56502e-16 0)
(2 -5.73284e-16 0)
(2 -5.56617e-16 0)
(2 -4.24211e-16 0)
(2 -3.12413e-16 0)
(2 -3.28143e-16 0)
(2 -3.28602e-16 0)
(2 -1.67072e-16 0)
(2 1.7681e-17 0)
(2 1.05896e-16 0)
(2 -1.14073e-17 0)
(2 -2.42304e-16 0)
(2 -2.44598e-16 0)
(2 -2.1927e-16 0)
(2 -7.03959e-17 0)
(2 -6.40054e-17 0)
(2 -3.58039e-17 0)
(2 -1.49548e-16 0)
(2 -2.8241e-16 0)
(2 -4.55578e-16 0)
(2 -5.63407e-16 0)
(2 -5.2987e-16 0)
(2 -4.62332e-16 0)
(2 -4.34072e-16 0)
(2 -3.83971e-16 0)
(2 2.56365e-17 0)
(2 7.71348e-17 0)
(2 5.84579e-17 0)
(2 6.89079e-17 0)
(2 -3.4439e-18 0)
(2 -5.78627e-18 0)
(2 -1.0025e-16 0)
(2 -2.19881e-16 0)
(2 -2.11554e-16 0)
(2 -2.09633e-16 0)
(2 -1.68521e-16 0)
(2 5.84283e-17 0)
(2 4.29525e-16 0)
(2 6.43968e-16 0)
(2 5.08399e-16 0)
(2 3.67742e-16 0)
(2 1.83891e-16 0)
(2 4.3673e-16 0)
(2 3.38905e-16 0)
(2 2.92113e-16 0)
(2 1.21482e-16 0)
(2 2.89302e-17 0)
(2 -1.15238e-16 0)
(2 5.45709e-16 0)
(2 1.26095e-15 0)
(2 1.45024e-15 0)
(2 1.85039e-15 0)
(2 2.17033e-15 0)
(2 2.26803e-15 0)
(2 2.20047e-15 0)
(2 2.09819e-15 0)
(2 1.952e-15 0)
(2 1.74239e-15 0)
(2 1.84042e-15 0)
(2 2.02574e-15 0)
(2 2.83271e-15 0)
(2 2.96372e-15 0)
(2 2.93127e-15 0)
(2 2.92106e-15 0)
(2 2.59815e-15 0)
(2 2.14416e-15 0)
(2 1.82274e-15 0)
(2 1.73165e-15 0)
(2 1.75255e-15 0)
(2 1.78849e-15 0)
(2 1.81786e-15 0)
(2 1.67343e-15 0)
(2 1.57861e-15 0)
(2 1.42229e-15 0)
(2 1.15104e-15 0)
(2 9.93076e-16 0)
(2 7.52622e-16 0)
(2 -2.45761e-16 0)
(2 -5.69015e-16 0)
(2 -1.01266e-15 0)
(2 -1.66559e-16 0)
(2 3.00615e-16 0)
(2 2.36875e-16 0)
(2 7.5255e-16 0)
(2 1.63741e-15 0)
(2 1.97236e-15 0)
(2 2.51884e-15 0)
(2 2.6354e-15 0)
(2 3.10971e-15 0)
(2 3.47937e-15 0)
(2 3.56e-15 0)
(2 3.45146e-15 0)
(2 3.12892e-15 0)
(2 3.06701e-15 0)
(2 3.05487e-15 0)
(2 2.95717e-15 0)
(2 2.95363e-15 0)
(2 2.82628e-15 0)
(2 2.63405e-15 0)
(2 2.2922e-15 0)
(2 1.95364e-15 0)
(2 1.97251e-15 0)
(2 1.9505e-15 0)
(2 1.49609e-15 0)
(2 1.3735e-15 0)
(2 1.09004e-15 0)
(2 7.93831e-16 0)
(2 -9.70244e-18 0)
(2 -3.98722e-16 0)
(2 -6.25065e-16 0)
(2 -6.84466e-16 0)
(2 -8.90123e-16 0)
(2 -7.3208e-16 0)
(2 -4.27286e-16 0)
(2 -9.29614e-17 0)
(2 1.61597e-16 0)
(2 1.0888e-17 0)
(2 -2.08031e-16 0)
(2 -3.5398e-16 0)
(2 -4.65029e-16 0)
(2 -4.04144e-16 0)
(2 -4.80873e-17 0)
(2 1.39827e-16 0)
(2 -3.51279e-16 0)
(2 -9.3292e-16 0)
(2 -9.51258e-16 0)
(2 -9.36413e-16 0)
(2 -1.00172e-15 0)
(2 -1.01828e-15 0)
(2 -8.86808e-16 0)
(2 -9.38162e-16 0)
(2 -1.03551e-15 0)
(2 -1.03277e-15 0)
(2 -8.96938e-16 0)
(2 -5.13177e-16 0)
(2 -3.50575e-16 0)
(2 2.75213e-16 0)
(2 5.71117e-16 0)
(2 5.27418e-16 0)
(2 7.60007e-16 0)
(2 4.56399e-16 0)
(2 1.09835e-16 0)
(2 -2.32379e-16 0)
(2 -5.02632e-16 0)
(2 -6.56956e-16 0)
(2 -4.9131e-16 0)
(2 -1.88397e-16 0)
(2 -8.47729e-18 0)
(2 6.43309e-17 0)
(2 3.32738e-16 0)
(2 8.60521e-16 0)
(2 1.2245e-15 0)
(2 1.41747e-15 0)
(2 1.51863e-15 0)
(2 1.6552e-15 0)
(2 1.8265e-15 0)
(2 1.45923e-15 0)
(2 1.25733e-15 0)
(2 1.25527e-15 0)
(2 1.16346e-15 0)
(2 8.70764e-16 0)
(2 3.29825e-16 0)
(2 2.98341e-16 0)
(2 -1.43427e-17 0)
(2 -6.08642e-16 0)
(2 -5.97031e-16 0)
(2 4.46387e-16 0)
(2 9.93047e-16 0)
(2 9.6717e-16 0)
(2 1.02054e-15 0)
(2 1.05897e-15 0)
(2 1.04431e-15 0)
(2 9.36674e-16 0)
(2 7.08437e-16 0)
(2 4.69146e-16 0)
(2 3.02871e-16 0)
(2 2.51541e-16 0)
(2 7.30282e-16 0)
(2 6.46828e-16 0)
(2 9.37678e-16 0)
(2 1.14705e-15 0)
(2 1.47597e-15 0)
(2 1.80143e-15 0)
(2 2.36642e-15 0)
(2 2.73026e-15 0)
(2 1.40928e-15 0)
(2 4.11817e-16 0)
(2 -2.30259e-16 0)
(2 -3.12807e-16 0)
(2 -3.1282e-16 0)
(2 -7.4971e-16 0)
(2 -1.02064e-15 0)
(2 -1.25549e-15 0)
(2 -1.37993e-15 0)
(2 -1.81883e-15 0)
(2 -1.93573e-15 0)
(2 -1.81987e-15 0)
(2 -1.39527e-15 0)
(2 -1.20555e-15 0)
(2 -1.29198e-15 0)
(2 -4.97391e-16 0)
(2 -2.40173e-16 0)
(2 -1.09973e-16 0)
(2 3.07648e-16 0)
(2 1.20054e-15 0)
(2 1.66111e-15 0)
(2 1.77639e-15 0)
(2 1.87957e-15 0)
(2 1.83147e-15 0)
(2 1.78781e-15 0)
(2 1.84686e-15 0)
(2 1.90556e-15 0)
(2 1.95687e-15 0)
(2 2.07723e-15 0)
(2 2.21479e-15 0)
(2 1.91632e-15 0)
(2 1.73491e-15 0)
(2 1.65978e-15 0)
(2 1.7088e-15 0)
(2 1.79613e-15 0)
(2 9.49919e-16 0)
(2 7.47413e-16 0)
(2 7.19154e-16 0)
(2 1.21147e-16 0)
(2 -2.25215e-16 0)
(2 -1.37573e-15 0)
(2 -2.22266e-15 0)
(2 -2.36143e-15 0)
(2 -2.46201e-15 0)
(2 -2.40551e-15 0)
(2 -2.20056e-15 0)
(2 -1.99923e-15 0)
(2 -1.94145e-15 0)
(2 -1.67766e-15 0)
(2 -1.40606e-15 0)
(2 -1.29431e-15 0)
(2 -1.07759e-15 0)
(2 -7.12747e-16 0)
(2 -4.40854e-16 0)
(2 -1.64894e-16 0)
(2 1.29782e-16 0)
(2 5.18905e-16 0)
(2 6.00881e-16 0)
(2 3.49097e-16 0)
(2 -3.21774e-17 0)
(2 -8.49321e-17 0)
(2 -3.22293e-16 0)
(2 -7.22856e-16 0)
(2 -7.87634e-16 0)
(2 -9.30049e-16 0)
(2 -9.73289e-16 0)
(2 -9.38642e-16 0)
(2 -9.05371e-16 0)
(2 -6.98556e-16 0)
(2 -5.55042e-16 0)
(2 -1.41711e-16 0)
(2 1.82214e-16 0)
(2 6.42032e-16 0)
(2 8.52472e-16 0)
(2 9.07796e-16 0)
(2 8.76421e-16 0)
(2 7.49915e-16 0)
(2 7.45135e-16 0)
(2 8.37559e-16 0)
(2 8.21613e-16 0)
(2 1.02773e-15 0)
(2 1.0942e-15 0)
(2 1.16872e-15 0)
(2 1.4458e-15 0)
(2 1.62874e-15 0)
(2 1.64034e-15 0)
(2 1.56232e-15 0)
(2 1.98631e-15 0)
(2 2.15483e-15 0)
(2 2.16368e-15 0)
(2 1.9978e-15 0)
(2 1.80419e-15 0)
(2 8.1217e-16 0)
(2 2.81136e-16 0)
(2 3.69882e-16 0)
(2 5.11267e-16 0)
(2 3.84149e-16 0)
(2 -1.84895e-16 0)
(2 -6.0751e-16 0)
(2 -1.25827e-15 0)
(2 -1.72149e-15 0)
(2 -1.72299e-15 0)
(2 -1.51717e-15 0)
(2 -1.4088e-15 0)
(2 -1.15739e-15 0)
(2 -9.1625e-16 0)
(2 -6.57321e-16 0)
(2 -5.91941e-16 0)
(2 -1.28418e-16 0)
(2 7.112e-16 0)
(2 1.42871e-15 0)
(2 1.57881e-15 0)
(2 1.73749e-15 0)
(2 2.20374e-15 0)
(2 2.06867e-15 0)
(2 1.05354e-15 0)
(2 2.34909e-16 0)
(2 -6.97302e-18 0)
(2 -1.10017e-16 0)
(2 1.04839e-16 0)
(2 -2.15314e-16 0)
(2 -9.4554e-16 0)
(2 -1.64237e-15 0)
(2 -1.67629e-15 0)
(2 -1.91547e-15 0)
(2 -2.66737e-15 0)
(2 -2.89996e-15 0)
(2 -2.89476e-15 0)
(2 -3.01166e-15 0)
(2 -2.73563e-15 0)
(2 -2.14727e-15 0)
(2 -1.61655e-15 0)
(2 -1.4682e-15 0)
(2 -1.25259e-15 0)
(2 -1.12003e-15 0)
(2 -1.13968e-15 0)
(2 -1.27423e-15 0)
(2 -1.26598e-15 0)
(2 -6.1479e-16 0)
(2 1.95987e-16 0)
(2 4.11528e-16 0)
(2 4.62982e-16 0)
(2 4.25853e-16 0)
(2 2.80339e-16 0)
(2 -5.78946e-17 0)
(2 1.65454e-16 0)
(2 4.5727e-16 0)
(2 7.31408e-16 0)
(2 9.31485e-16 0)
(2 8.80042e-16 0)
(2 6.31402e-16 0)
(2 4.8011e-16 0)
(2 2.54731e-16 0)
(2 3.30428e-16 0)
(2 5.24374e-16 0)
(2 8.18995e-16 0)
(2 7.27742e-16 0)
(2 6.93529e-16 0)
(2 -2.19091e-15 0)
(2 -2.36425e-15 0)
(2 -2.48424e-15 0)
(2 -2.4313e-15 0)
(2 -2.53459e-15 0)
(2 -2.59355e-15 0)
(2 -2.66329e-15 0)
(2 -2.73028e-15 0)
(2 -2.74023e-15 0)
(2 -2.6546e-15 0)
(2 -2.34021e-15 0)
(2 -2.26588e-15 0)
(2 -1.97955e-15 0)
(2 -1.72528e-15 0)
(2 -1.61921e-15 0)
(2 -1.01371e-15 0)
(2 -8.83171e-16 0)
(2 -8.87969e-16 0)
(2 -9.535e-16 0)
(2 -1.00701e-15 0)
(2 -9.99299e-16 0)
(2 -8.90143e-16 0)
(2 -7.49181e-16 0)
(2 -7.35116e-16 0)
(2 -7.04512e-16 0)
(2 -5.77325e-16 0)
(2 -6.66242e-16 0)
(2 -5.55227e-16 0)
(2 -5.20881e-16 0)
(2 -4.98982e-16 0)
(2 -5.2749e-16 0)
(2 -4.84577e-16 0)
(2 -4.05216e-16 0)
(2 -3.9693e-16 0)
(2 2.21397e-17 0)
(2 5.94096e-17 0)
(2 -2.44592e-16 0)
(2 3.95179e-16 0)
(2 1.02466e-15 0)
(2 1.40723e-15 0)
(2 2.67205e-15 0)
(2 2.96513e-15 0)
(2 2.76655e-15 0)
(2 2.73888e-15 0)
(2 2.43776e-15 0)
(2 2.26062e-15 0)
(2 2.29896e-15 0)
(2 2.23521e-15 0)
(2 2.35379e-15 0)
(2 1.87181e-15 0)
(2 1.61623e-15 0)
(2 1.35395e-15 0)
(2 1.23538e-15 0)
(2 1.21189e-15 0)
(2 1.26597e-15 0)
(2 6.44413e-16 0)
(2 1.71045e-16 0)
(2 6.71901e-18 0)
(2 -1.18612e-16 0)
(2 -1.56194e-16 0)
(2 -5.56048e-17 0)
(2 -4.12412e-17 0)
(2 8.0564e-17 0)
(2 8.91632e-17 0)
(2 1.60066e-17 0)
(2 7.81443e-17 0)
(2 1.61582e-16 0)
(2 1.70173e-16 0)
(2 2.35213e-16 0)
(2 3.69305e-16 0)
(2 5.15503e-16 0)
(2 5.54048e-16 0)
(2 6.93539e-16 0)
(2 8.55589e-16 0)
(2 7.95179e-16 0)
(2 5.83731e-16 0)
(2 3.28231e-16 0)
(2 3.75025e-17 0)
(2 -7.97704e-16 0)
(2 -1.37633e-15 0)
(2 -1.40975e-15 0)
(2 -1.74595e-15 0)
(2 -1.92445e-15 0)
(2 -2.56556e-15 0)
(2 -3.46073e-15 0)
(2 -3.63902e-15 0)
(2 -3.71003e-15 0)
(2 -3.43813e-15 0)
(2 -2.88812e-15 0)
(2 -2.75078e-15 0)
(2 -2.61828e-15 0)
(2 -2.30562e-15 0)
(2 -1.97354e-15 0)
(2 -1.44176e-15 0)
(2 -1.39823e-15 0)
(2 -1.36346e-15 0)
(2 -1.1221e-15 0)
(2 -9.96646e-16 0)
(2 -7.11718e-16 0)
(2 -6.44631e-16 0)
(2 -2.80021e-16 0)
(2 5.04629e-16 0)
(2 9.60339e-16 0)
(2 1.20434e-15 0)
(2 1.16972e-15 0)
(2 1.15264e-15 0)
(2 1.08262e-15 0)
(2 1.03837e-15 0)
(2 1.2798e-15 0)
(2 1.3733e-15 0)
(2 1.40268e-15 0)
(2 1.22847e-15 0)
(2 1.06357e-15 0)
(2 9.50066e-16 0)
(2 9.19193e-16 0)
(2 7.44161e-16 0)
(2 2.0234e-16 0)
(2 -2.92737e-17 0)
(2 8.50024e-18 0)
(2 -6.38117e-17 0)
(2 -1.32884e-15 0)
(2 -1.32907e-15 0)
(2 -1.26876e-15 0)
(2 -1.27835e-15 0)
(2 -1.42447e-15 0)
(2 -1.39712e-15 0)
(2 -1.72871e-15 0)
(2 -1.95965e-15 0)
(2 -2.0466e-15 0)
(2 -1.89692e-15 0)
(2 -1.53383e-15 0)
(2 -1.61935e-15 0)
(2 -1.27506e-15 0)
(2 -1.24559e-15 0)
(2 -1.459e-15 0)
(2 -1.82644e-15 0)
(2 -1.95965e-15 0)
(2 -1.95775e-15 0)
(2 -1.91237e-15 0)
(2 -1.51901e-15 0)
(2 -1.2864e-15 0)
(2 -1.00924e-15 0)
(2 -8.5676e-16 0)
(2 -7.09824e-16 0)
(2 -7.43215e-16 0)
(2 -2.6391e-16 0)
(2 6.82267e-17 0)
(2 4.68952e-16 0)
(2 5.4825e-16 0)
(2 4.99782e-16 0)
(2 5.49854e-16 0)
(2 7.43002e-16 0)
(2 8.96099e-16 0)
(2 1.31607e-15 0)
(2 1.98444e-15 0)
(2 2.94309e-15 0)
(2 3.00697e-15 0)
(2 3.02854e-15 0)
(2 3.0523e-15 0)
(2 2.83332e-15 0)
(2 2.75303e-15 0)
(2 2.6003e-15 0)
(2 2.59899e-15 0)
(2 2.56768e-15 0)
(2 2.61912e-15 0)
(2 2.42782e-15 0)
(2 2.23468e-15 0)
(2 1.69062e-15 0)
(2 1.45764e-15 0)
(2 1.2937e-15 0)
(2 1.01008e-15 0)
(2 9.08749e-16 0)
(2 8.68163e-16 0)
(2 8.46919e-16 0)
(2 7.83689e-16 0)
(2 5.93341e-16 0)
(2 4.36293e-16 0)
(2 4.28408e-16 0)
(2 3.82624e-16 0)
(2 4.97146e-16 0)
(2 7.60064e-16 0)
(2 1.26224e-15 0)
(2 1.53441e-15 0)
(2 1.55044e-15 0)
(2 1.49639e-15 0)
(2 1.41212e-15 0)
(2 1.32302e-15 0)
(2 1.21118e-15 0)
(2 8.84357e-16 0)
(2 8.20131e-16 0)
(2 6.88823e-16 0)
(2 5.42618e-16 0)
(2 3.566e-16 0)
(2 -1.33381e-16 0)
(2 -2.44886e-16 0)
(2 -6.06535e-16 0)
(2 -9.87181e-16 0)
(2 -1.09791e-15 0)
(2 -1.18273e-15 0)
(2 -1.67809e-15 0)
(2 -2.23053e-15 0)
(2 -2.39777e-15 0)
(2 -2.3183e-15 0)
(2 -2.24981e-15 0)
(2 -1.731e-15 0)
(2 -1.59952e-15 0)
(2 -1.51445e-15 0)
(2 -1.31082e-15 0)
(2 -1.26385e-15 0)
(2 -1.17787e-15 0)
(2 -1.07104e-15 0)
(2 -7.19237e-16 0)
(2 -6.61038e-16 0)
(2 -6.93506e-16 0)
(2 -4.90766e-16 0)
(2 -4.93311e-16 0)
(2 -2.99973e-16 0)
(2 2.53481e-17 0)
(2 6.09472e-16 0)
(2 9.19974e-16 0)
(2 1.55669e-15 0)
(2 1.80685e-15 0)
(2 1.9607e-15 0)
(2 2.0229e-15 0)
(2 1.96253e-15 0)
(2 1.98181e-15 0)
(2 2.0141e-15 0)
(2 1.98303e-15 0)
(2 2.2789e-15 0)
(2 2.58653e-15 0)
(2 2.66896e-15 0)
(2 2.77072e-15 0)
(2 3.04459e-15 0)
(2 3.1783e-15 0)
(2 3.15545e-15 0)
(2 2.98094e-15 0)
(2 3.06216e-15 0)
(2 3.01046e-15 0)
(2 2.09835e-15 0)
(2 1.94577e-15 0)
(2 -8.11073e-16 0)
(2 -1.00401e-15 0)
(2 -1.08955e-15 0)
(2 -1.14892e-15 0)
(2 -1.24322e-15 0)
(2 -1.42806e-15 0)
(2 -1.59334e-15 0)
(2 -1.5066e-15 0)
(2 -1.51385e-15 0)
(2 -1.24517e-15 0)
(2 -1.07378e-15 0)
(2 -8.915e-16 0)
(2 -9.87931e-16 0)
(2 -1.16594e-15 0)
(2 -1.59305e-15 0)
(2 -2.00319e-15 0)
(2 -1.79884e-15 0)
(2 -1.31995e-15 0)
(2 -1.16448e-15 0)
(2 -3.27495e-16 0)
(2 1.43167e-16 0)
(2 3.19239e-16 0)
(2 4.48769e-16 0)
(2 3.77785e-16 0)
(2 2.98158e-16 0)
(2 1.0477e-16 0)
(2 1.03318e-16 0)
(2 1.72133e-17 0)
(2 -7.82291e-17 0)
(2 -1.32274e-16 0)
(2 5.85828e-17 0)
(2 5.2768e-16 0)
(2 4.89366e-16 0)
(2 2.51343e-16 0)
(2 4.26807e-16 0)
(2 4.82778e-16 0)
(2 5.53565e-16 0)
(2 5.82634e-16 0)
(2 5.91279e-16 0)
(2 6.03644e-16 0)
(2 6.08295e-16 0)
(2 1.01346e-15 0)
(2 1.45841e-15 0)
(2 1.3316e-15 0)
(2 1.26981e-15 0)
(2 1.27202e-15 0)
(2 6.98009e-16 0)
(2 5.26484e-16 0)
(2 4.98967e-16 0)
(2 2.91086e-16 0)
(2 3.34783e-16 0)
(2 4.25529e-16 0)
(2 4.82639e-16 0)
(2 3.90229e-16 0)
(2 3.54974e-16 0)
(2 3.98644e-16 0)
(2 5.34444e-16 0)
(2 6.6395e-16 0)
(2 6.80443e-16 0)
(2 5.17693e-16 0)
(2 3.62136e-16 0)
(2 4.96171e-16 0)
(2 6.25531e-16 0)
(2 1.04187e-15 0)
(2 1.01097e-15 0)
(2 9.42179e-16 0)
(2 9.74572e-16 0)
(2 6.7499e-16 0)
(2 -2.24766e-17 0)
(2 -2.84793e-16 0)
(2 -3.64287e-16 0)
(2 -3.82163e-16 0)
(2 -4.19707e-16 0)
(2 -5.2228e-16 0)
(2 -6.88452e-16 0)
(2 -7.34802e-16 0)
(2 -8.05719e-16 0)
(2 -7.72859e-16 0)
(2 -1.09412e-15 0)
(2 -1.82122e-15 0)
(2 -1.97417e-15 0)
(2 -2.21306e-15 0)
(2 -2.44514e-15 0)
(2 -2.48963e-15 0)
(2 -2.47344e-15 0)
(2 -2.31987e-15 0)
(2 -1.88649e-15 0)
(2 -1.73355e-15 0)
(2 -1.36438e-15 0)
(2 -1.29018e-15 0)
(2 -7.60876e-16 0)
(2 -3.45222e-16 0)
(2 2.94057e-17 0)
(2 4.64915e-16 0)
(2 7.88817e-16 0)
(2 8.17972e-16 0)
(2 8.48328e-16 0)
(2 1.04291e-15 0)
(2 1.07573e-15 0)
(2 1.50449e-15 0)
(2 1.82098e-15 0)
(2 1.76984e-15 0)
(2 1.13249e-15 0)
(2 8.19612e-16 0)
(2 7.98991e-16 0)
(2 7.61205e-16 0)
(2 5.32558e-16 0)
(2 4.9488e-16 0)
(2 1.42524e-15 0)
(2 1.70618e-15 0)
(2 1.64327e-15 0)
(2 1.86602e-15 0)
(2 2.47221e-15 0)
(2 2.61657e-15 0)
(2 2.73763e-15 0)
(2 2.80904e-15 0)
(2 3.02403e-15 0)
(2 3.26985e-15 0)
(2 3.09281e-15 0)
(2 3.28576e-15 0)
(2 8.90518e-16 0)
(2 8.18785e-16 0)
(2 7.09902e-16 0)
(2 6.61233e-16 0)
(2 8.01358e-16 0)
(2 6.37117e-16 0)
(2 7.19069e-16 0)
(2 1.36423e-15 0)
(2 1.53038e-15 0)
(2 1.57371e-15 0)
(2 1.46272e-15 0)
(2 1.53861e-15 0)
(2 1.02543e-15 0)
(2 7.99604e-16 0)
(2 5.34057e-16 0)
(2 7.86511e-16 0)
(2 9.92884e-16 0)
(2 1.16354e-15 0)
(2 1.28502e-15 0)
(2 1.27061e-15 0)
(2 1.18909e-15 0)
(2 1.07842e-15 0)
(2 1.32828e-15 0)
(2 1.63028e-15 0)
(2 1.96789e-15 0)
(2 1.8458e-15 0)
(2 1.46817e-15 0)
(2 9.36037e-16 0)
(2 3.90667e-16 0)
(2 1.4582e-16 0)
(2 2.1419e-16 0)
(2 6.47545e-16 0)
(2 2.35782e-16 0)
(2 -8.38657e-16 0)
(2 -1.05238e-15 0)
(2 -1.05012e-15 0)
(2 -6.67156e-16 0)
(2 -3.29499e-17 0)
(2 3.2084e-16 0)
(2 4.53323e-16 0)
(2 8.75755e-16 0)
(2 1.07634e-15 0)
(2 1.18432e-15 0)
(2 1.40237e-15 0)
(2 1.45135e-15 0)
(2 1.56638e-15 0)
(2 1.5391e-15 0)
(2 1.84745e-15 0)
(2 2.18681e-15 0)
(2 2.24266e-15 0)
(2 2.52715e-15 0)
(2 2.83096e-15 0)
(2 3.03219e-15 0)
(2 3.17384e-15 0)
(2 3.30076e-15 0)
(2 3.45726e-15 0)
(2 3.37328e-15 0)
(2 2.85014e-15 0)
(2 2.45573e-15 0)
(2 1.61477e-15 0)
(2 6.9851e-16 0)
(2 4.14324e-17 0)
(2 -2.09027e-16 0)
(2 -6.93092e-16 0)
(2 -8.46796e-16 0)
(2 -9.52913e-16 0)
(2 -1.12911e-15 0)
(2 -1.26346e-15 0)
(2 -1.18684e-15 0)
(2 -8.56482e-16 0)
(2 -5.53106e-16 0)
(2 -3.48199e-16 0)
(2 4.44357e-17 0)
(2 5.55095e-16 0)
(2 5.83808e-16 0)
(2 3.91102e-16 0)
(2 2.04517e-16 0)
(2 1.60475e-16 0)
(2 -2.30036e-16 0)
(2 -9.08383e-16 0)
(2 -1.1702e-15 0)
(2 -1.21004e-15 0)
(2 -1.30365e-15 0)
(2 -1.27089e-15 0)
(2 -1.48854e-15 0)
(2 -8.00266e-16 0)
(2 -4.7164e-16 0)
(2 -1.05667e-16 0)
(2 3.99418e-16 0)
(2 5.47694e-16 0)
(2 6.36985e-16 0)
(2 1.23225e-15 0)
(2 1.55556e-15 0)
(2 1.76425e-15 0)
(2 2.11225e-15 0)
(2 2.32628e-15 0)
(2 2.47702e-15 0)
(2 2.57953e-15 0)
(2 2.53496e-15 0)
(2 2.2419e-15 0)
(2 1.79086e-15 0)
(2 1.3015e-15 0)
(2 1.18101e-15 0)
(2 1.22971e-15 0)
(2 1.41028e-15 0)
(2 1.45307e-15 0)
(2 1.35757e-15 0)
(2 1.06914e-15 0)
(2 6.50692e-16 0)
(2 4.12936e-16 0)
(2 3.07564e-16 0)
(2 3.20715e-16 0)
(2 2.67974e-16 0)
(2 2.7873e-16 0)
(2 3.47663e-16 0)
(2 3.22847e-16 0)
(2 2.57419e-16 0)
(2 3.4936e-16 0)
(2 8.12289e-16 0)
(2 9.6186e-16 0)
(2 3.24096e-15 0)
(2 3.60619e-15 0)
(2 3.64348e-15 0)
(2 3.72089e-15 0)
(2 4.5738e-15 0)
(2 6.0285e-15 0)
(2 6.25001e-15 0)
(2 6.34204e-15 0)
(2 6.15233e-15 0)
(2 6.03374e-15 0)
(2 5.36598e-15 0)
(2 4.62249e-15 0)
(2 4.35158e-15 0)
(2 3.60825e-15 0)
(2 3.49252e-15 0)
(2 3.42074e-15 0)
(2 3.24602e-15 0)
(2 3.25187e-15 0)
(2 3.21774e-15 0)
(2 3.11179e-15 0)
(2 3.02173e-15 0)
(2 3.03184e-15 0)
(2 3.24917e-15 0)
(2 3.50454e-15 0)
(2 3.68138e-15 0)
(2 3.6959e-15 0)
(2 3.63804e-15 0)
(2 3.51491e-15 0)
(2 3.433e-15 0)
(2 3.16777e-15 0)
(2 2.47394e-15 0)
(2 1.51226e-15 0)
(2 7.38097e-16 0)
(2 4.51276e-16 0)
(2 3.19663e-16 0)
(2 4.18618e-16 0)
(2 6.92715e-16 0)
(2 9.46648e-16 0)
(2 1.50612e-15 0)
(2 1.61258e-15 0)
(2 1.55825e-15 0)
(2 1.2171e-15 0)
(2 9.59612e-16 0)
(2 1.05324e-15 0)
(2 1.40753e-15 0)
(2 1.43554e-15 0)
(2 1.63548e-15 0)
(2 2.1431e-15 0)
(2 2.5071e-15 0)
(2 2.67519e-15 0)
(2 3.1849e-15 0)
(2 3.36529e-15 0)
(2 3.51568e-15 0)
(2 4.24861e-15 0)
(2 4.46334e-15 0)
(2 4.3506e-15 0)
(2 4.23435e-15 0)
(2 4.19796e-15 0)
(2 3.80756e-15 0)
(2 2.98563e-15 0)
(2 2.14207e-15 0)
(2 1.68908e-15 0)
(2 1.24504e-15 0)
(2 1.0585e-15 0)
(2 9.55514e-16 0)
(2 6.77866e-16 0)
(2 1.88233e-16 0)
(2 1.18842e-17 0)
(2 7.17702e-18 0)
(2 9.27134e-16 0)
(2 1.567e-15 0)
(2 1.57458e-15 0)
(2 1.97734e-15 0)
(2 2.15465e-15 0)
(2 2.27002e-15 0)
(2 2.44096e-15 0)
(2 2.45525e-15 0)
(2 2.17944e-15 0)
(2 2.04157e-15 0)
(2 1.99143e-15 0)
(2 2.02001e-15 0)
(2 2.01915e-15 0)
(2 1.76341e-15 0)
(2 1.64641e-15 0)
(2 1.38554e-15 0)
(2 1.35219e-15 0)
(2 1.40776e-15 0)
(2 1.39526e-15 0)
(2 1.29415e-15 0)
(2 1.11731e-15 0)
(2 1.47444e-15 0)
(2 2.20791e-15 0)
(2 2.28236e-15 0)
(2 2.49868e-15 0)
(2 2.88847e-15 0)
(2 3.50464e-15 0)
(2 3.69292e-15 0)
(2 3.51226e-15 0)
(2 3.28381e-15 0)
(2 3.14152e-15 0)
(2 2.61513e-15 0)
(2 2.31461e-15 0)
(2 2.23355e-15 0)
(2 1.98117e-15 0)
(2 1.7426e-15 0)
(2 1.71198e-15 0)
(2 1.97949e-15 0)
(2 1.97478e-15 0)
(2 1.16326e-15 0)
(2 6.47936e-16 0)
(2 4.30605e-16 0)
(2 -2.28398e-16 0)
(2 -1.32955e-15 0)
(2 -1.47042e-15 0)
(2 -1.0427e-15 0)
(2 -3.67607e-16 0)
(2 -4.25729e-16 0)
(2 -2.08027e-16 0)
(2 1.51207e-16 0)
(2 2.71158e-16 0)
(2 3.24767e-15 0)
(2 3.37201e-15 0)
(2 3.55943e-15 0)
(2 3.9539e-15 0)
(2 4.61505e-15 0)
(2 4.78336e-15 0)
(2 4.7479e-15 0)
(2 4.62107e-15 0)
(2 4.51966e-15 0)
(2 4.59163e-15 0)
(2 4.64175e-15 0)
(2 4.55891e-15 0)
(2 4.46465e-15 0)
(2 4.05496e-15 0)
(2 3.83837e-15 0)
(2 3.61901e-15 0)
(2 3.74652e-15 0)
(2 3.99605e-15 0)
(2 4.01082e-15 0)
(2 4.12377e-15 0)
(2 4.2491e-15 0)
(2 4.54694e-15 0)
(2 4.75335e-15 0)
(2 4.66912e-15 0)
(2 4.41387e-15 0)
(2 4.7157e-15 0)
(2 4.95758e-15 0)
(2 4.99231e-15 0)
(2 4.85231e-15 0)
(2 4.4621e-15 0)
(2 3.9388e-15 0)
(2 3.63313e-15 0)
(2 3.66447e-15 0)
(2 3.53481e-15 0)
(2 2.16493e-15 0)
(2 1.02882e-15 0)
(2 7.39989e-16 0)
(2 1.01931e-16 0)
(2 -2.58708e-16 0)
(2 -2.61027e-16 0)
(2 -1.5314e-16 0)
(2 8.24002e-17 0)
(2 1.81575e-16 0)
(2 2.80779e-16 0)
(2 4.63817e-16 0)
(2 7.24892e-16 0)
(2 1.42002e-15 0)
(2 2.11378e-15 0)
(2 2.26035e-15 0)
(2 2.5414e-15 0)
(2 2.84862e-15 0)
(2 2.70139e-15 0)
(2 2.51529e-15 0)
(2 2.17593e-15 0)
(2 1.86258e-15 0)
(2 1.62978e-15 0)
(2 1.45575e-15 0)
(2 1.43904e-15 0)
(2 1.39194e-15 0)
(2 1.50595e-15 0)
(2 1.54644e-15 0)
(2 1.53176e-15 0)
(2 1.41319e-15 0)
(2 1.08339e-15 0)
(2 1.08948e-15 0)
(2 1.16138e-15 0)
(2 1.36128e-15 0)
(2 1.62095e-15 0)
(2 1.72212e-15 0)
(2 1.70323e-15 0)
(2 1.66498e-15 0)
(2 1.55149e-15 0)
(2 1.4025e-15 0)
(2 1.27736e-15 0)
(2 1.48513e-15 0)
(2 1.69575e-15 0)
(2 2.09849e-15 0)
(2 2.54196e-15 0)
(2 3.16691e-15 0)
(2 3.57255e-15 0)
(2 3.62702e-15 0)
(2 2.60923e-15 0)
(2 2.24577e-15 0)
(2 1.88893e-15 0)
(2 1.24412e-15 0)
(2 7.57735e-16 0)
(2 6.7853e-16 0)
(2 6.76138e-16 0)
(2 5.96619e-16 0)
(2 5.73829e-16 0)
(2 6.0071e-16 0)
(2 7.79211e-16 0)
(2 9.23512e-16 0)
(2 1.24324e-15 0)
(2 1.39529e-15 0)
(2 1.59782e-15 0)
(2 2.10494e-15 0)
(2 2.4433e-15 0)
(2 2.42668e-15 0)
(2 1.90223e-15 0)
(2 1.41418e-15 0)
(2 1.34358e-15 0)
(2 9.87245e-16 0)
(2 8.96949e-16 0)
(2 7.77274e-16 0)
(2 6.33343e-16 0)
(2 3.68513e-16 0)
(2 3.35877e-16 0)
(2 2.98204e-16 0)
(2 5.32775e-17 0)
(2 -3.05897e-16 0)
(2 -4.35459e-16 0)
(2 -3.19372e-16 0)
(2 -5.43825e-17 0)
(2 -2.58504e-16 0)
(2 -3.12326e-16 0)
(2 -1.87404e-16 0)
(2 1.00593e-16 0)
(2 2.90345e-16 0)
(2 3.68642e-16 0)
(2 1.85905e-15 0)
(2 1.68602e-15 0)
(2 1.79199e-15 0)
(2 2.38307e-15 0)
(2 2.5449e-15 0)
(2 2.54123e-15 0)
(2 2.28643e-15 0)
(2 2.24625e-15 0)
(2 2.39733e-15 0)
(2 2.38838e-15 0)
(2 2.40954e-15 0)
(2 2.48632e-15 0)
(2 2.54846e-15 0)
(2 2.81529e-15 0)
(2 3.17705e-15 0)
(2 3.29227e-15 0)
(2 3.56064e-15 0)
(2 3.66143e-15 0)
(2 3.84516e-15 0)
(2 3.91411e-15 0)
(2 4.10827e-15 0)
(2 4.40153e-15 0)
(2 4.4473e-15 0)
(2 4.35081e-15 0)
(2 4.34925e-15 0)
(2 4.10726e-15 0)
(2 3.81796e-15 0)
(2 3.46422e-15 0)
(2 3.14176e-15 0)
(2 2.91762e-15 0)
(2 2.88332e-15 0)
(2 2.83735e-15 0)
(2 2.63558e-15 0)
(2 2.63374e-15 0)
(2 2.17663e-15 0)
(2 1.16287e-15 0)
(2 8.23026e-16 0)
(2 7.38126e-16 0)
(2 5.74193e-16 0)
(2 5.00161e-16 0)
(2 5.53065e-16 0)
(2 6.07608e-16 0)
(2 9.22403e-16 0)
(2 9.9316e-16 0)
(2 1.42026e-15 0)
(2 1.83452e-15 0)
(2 2.11349e-15 0)
(2 2.17668e-15 0)
(2 2.03514e-15 0)
(2 1.86395e-15 0)
(2 1.74384e-15 0)
(2 1.72099e-15 0)
(2 1.37256e-15 0)
(2 -2.6846e-16 0)
(2 -6.89011e-16 0)
(2 -8.04078e-16 0)
(2 -8.54073e-16 0)
(2 -1.2959e-16 0)
(2 1.56933e-16 0)
(2 3.23311e-16 0)
(2 1.48252e-16 0)
(2 2.79048e-16 0)
(2 3.92782e-16 0)
(2 4.37222e-16 0)
(2 6.21799e-16 0)
(2 8.77242e-16 0)
(2 9.51789e-16 0)
(2 8.46793e-16 0)
(2 5.9079e-16 0)
(2 4.52373e-16 0)
(2 6.01326e-16 0)
(2 7.43291e-16 0)
(2 6.61787e-16 0)
(2 5.92878e-16 0)
(2 6.34856e-16 0)
(2 6.09397e-16 0)
(2 5.86823e-16 0)
(2 5.76776e-16 0)
(2 6.17971e-16 0)
(2 8.08092e-16 0)
(2 9.22651e-16 0)
(2 7.56964e-16 0)
(2 6.67371e-16 0)
(2 5.65103e-16 0)
(2 4.35492e-16 0)
(2 1.90122e-17 0)
(2 -3.28582e-16 0)
(2 -6.01245e-16 0)
(2 -5.63926e-16 0)
(2 -5.45607e-16 0)
(2 -6.33104e-16 0)
(2 -6.25283e-16 0)
(2 -5.68514e-16 0)
(2 -5.23219e-16 0)
(2 -3.36321e-16 0)
(2 1.27031e-16 0)
(2 3.39396e-16 0)
(2 5.6084e-16 0)
(2 1.02868e-16 0)
(2 -1.81374e-16 0)
(2 -1.26958e-16 0)
(2 -4.74488e-16 0)
(2 -6.66381e-16 0)
(2 -6.98044e-16 0)
(2 -6.5203e-16 0)
(2 -6.70741e-16 0)
(2 -1.02205e-15 0)
(2 -1.05117e-15 0)
(2 -9.55974e-16 0)
(2 -8.27511e-16 0)
(2 -7.63002e-16 0)
(2 -7.24203e-16 0)
(2 -6.77571e-16 0)
(2 8.56674e-17 0)
(2 1.0351e-15 0)
(2 1.14576e-15 0)
(2 1.09865e-15 0)
(2 1.03112e-15 0)
(2 1.22279e-15 0)
(2 1.45355e-15 0)
(2 2.02885e-15 0)
(2 2.24315e-15 0)
(2 2.30417e-15 0)
(2 2.02849e-15 0)
(2 1.89239e-15 0)
(2 1.84317e-15 0)
(2 1.7787e-15 0)
(2 1.47122e-15 0)
(2 1.35586e-15 0)
(2 1.31188e-15 0)
(2 1.29324e-15 0)
(2 1.25752e-15 0)
(2 1.45725e-15 0)
(2 1.61619e-15 0)
(2 1.70046e-15 0)
(2 2.00864e-15 0)
(2 2.06057e-15 0)
(2 1.96736e-15 0)
(2 2.04723e-15 0)
(2 2.12073e-15 0)
(2 2.22704e-15 0)
(2 2.26838e-15 0)
(2 2.32361e-15 0)
(2 2.32497e-15 0)
(2 2.51103e-15 0)
(2 2.68477e-15 0)
(2 2.80735e-15 0)
(2 2.14622e-15 0)
(2 1.51631e-15 0)
(2 1.02507e-15 0)
(2 9.36283e-16 0)
(2 6.85829e-16 0)
(2 5.29076e-16 0)
(2 3.92544e-16 0)
(2 5.38398e-17 0)
(2 2.24437e-16 0)
(2 6.22363e-16 0)
(2 6.48249e-16 0)
(2 8.57604e-16 0)
(2 8.83731e-16 0)
(2 8.28571e-16 0)
(2 8.2946e-16 0)
(2 7.40421e-16 0)
(2 8.95228e-16 0)
(2 1.10569e-15 0)
(2 1.3544e-15 0)
(2 1.32107e-15 0)
(2 1.303e-15 0)
(2 1.14243e-15 0)
(2 6.07162e-16 0)
(2 4.30592e-16 0)
(2 1.95922e-16 0)
(2 1.73389e-16 0)
(2 8.47088e-16 0)
(2 8.85111e-16 0)
(2 9.84706e-16 0)
(2 1.02816e-15 0)
(2 1.04116e-15 0)
(2 7.5322e-16 0)
(2 4.48685e-16 0)
(2 1.33326e-16 0)
(2 -6.14507e-17 0)
(2 -3.80261e-17 0)
(2 1.57942e-16 0)
(2 4.56237e-16 0)
(2 6.2422e-16 0)
(2 5.55682e-16 0)
(2 5.66089e-16 0)
(2 7.10011e-16 0)
(2 8.30361e-16 0)
(2 7.00956e-16 0)
(2 6.48828e-16 0)
(2 7.94982e-16 0)
(2 1.25956e-15 0)
(2 1.09817e-15 0)
(2 4.69569e-16 0)
(2 2.87309e-16 0)
(2 2.04269e-16 0)
(2 2.2848e-16 0)
(2 1.78033e-17 0)
(2 -2.39035e-16 0)
(2 -3.19858e-16 0)
(2 -1.99526e-16 0)
(2 -1.23278e-16 0)
(2 -6.25823e-17 0)
(2 -5.49873e-17 0)
(2 -2.43029e-16 0)
(2 -2.52204e-16 0)
(2 -1.82253e-16 0)
(2 -1.33172e-16 0)
(2 -5.51865e-17 0)
(2 -1.51728e-16 0)
(2 -2.51721e-16 0)
(2 -5.02001e-16 0)
(2 -4.18835e-16 0)
(2 -2.64945e-16 0)
(2 -4.1338e-16 0)
(2 -1.27686e-15 0)
(2 -1.97212e-15 0)
(2 -2.06612e-15 0)
(2 -2.02101e-15 0)
(2 -1.95787e-15 0)
(2 -2.09567e-15 0)
(2 -2.06493e-15 0)
(2 -1.92572e-15 0)
(2 -1.69934e-15 0)
(2 -1.56389e-15 0)
(2 -1.55208e-15 0)
(2 -1.66651e-15 0)
(2 -1.73483e-15 0)
(2 -1.82567e-15 0)
(2 -1.97595e-15 0)
(2 -2.11359e-15 0)
(2 -1.56151e-15 0)
(2 9.852e-17 0)
(2 4.58402e-16 0)
(2 6.84804e-16 0)
(2 7.46129e-16 0)
(2 7.80381e-16 0)
(2 8.50232e-16 0)
(2 3.56978e-15 0)
(2 3.43366e-15 0)
(2 3.24786e-15 0)
(2 3.18372e-15 0)
(2 3.33166e-15 0)
(2 3.29811e-15 0)
(2 3.10882e-15 0)
(2 2.99046e-15 0)
(2 2.35883e-15 0)
(2 2.66786e-15 0)
(2 3.06886e-15 0)
(2 3.12659e-15 0)
(2 2.62378e-15 0)
(2 2.59706e-15 0)
(2 2.80158e-15 0)
(2 2.8402e-15 0)
(2 2.79274e-15 0)
(2 2.74955e-15 0)
(2 2.6339e-15 0)
(2 2.43992e-15 0)
(2 2.37085e-15 0)
(2 2.14189e-15 0)
(2 1.9594e-15 0)
(2 1.88832e-15 0)
(2 1.83123e-15 0)
(2 1.84557e-15 0)
(2 2.00464e-15 0)
(2 2.12549e-15 0)
(2 2.1814e-15 0)
(2 2.23632e-15 0)
(2 2.20966e-15 0)
(2 2.1363e-15 0)
(2 2.11886e-15 0)
(2 2.1149e-15 0)
(2 2.12726e-15 0)
(2 2.06622e-15 0)
(2 1.72069e-15 0)
(2 1.61566e-15 0)
(2 1.38664e-15 0)
(2 1.33006e-15 0)
(2 1.01005e-15 0)
(2 9.81002e-16 0)
(2 1.17936e-15 0)
(2 1.2769e-15 0)
(2 1.12318e-15 0)
(2 8.51271e-16 0)
(2 7.59266e-16 0)
(2 9.54638e-16 0)
(2 1.04099e-15 0)
(2 7.824e-16 0)
(2 6.43877e-16 0)
(2 6.8108e-16 0)
(2 1.13357e-15 0)
(2 1.52487e-15 0)
(2 1.73362e-15 0)
(2 1.71343e-15 0)
(2 1.59212e-15 0)
(2 1.41557e-15 0)
(2 1.1838e-15 0)
(2 1.03249e-15 0)
(2 1.14881e-15 0)
(2 1.24466e-15 0)
(2 1.36212e-15 0)
(2 1.4706e-15 0)
(2 1.30472e-15 0)
(2 1.18581e-15 0)
(2 1.29211e-15 0)
(2 1.36237e-15 0)
(2 1.95569e-15 0)
(2 1.96882e-15 0)
(2 1.74512e-15 0)
(2 1.36727e-15 0)
(2 1.18076e-15 0)
(2 1.30788e-15 0)
(2 1.233e-15 0)
(2 1.1707e-15 0)
(2 1.23058e-15 0)
(2 1.41689e-15 0)
(2 1.2935e-15 0)
(2 1.13081e-15 0)
(2 1.50618e-15 0)
(2 1.84169e-15 0)
(2 1.96629e-15 0)
(2 1.95228e-15 0)
(2 2.01345e-15 0)
(2 2.24365e-15 0)
(2 2.31862e-15 0)
(2 2.30289e-15 0)
(2 2.1835e-15 0)
(2 1.9668e-15 0)
(2 1.94637e-15 0)
(2 1.88211e-15 0)
(2 1.55698e-15 0)
(2 1.29177e-15 0)
(2 7.51081e-16 0)
(2 7.26073e-16 0)
(2 2.87157e-17 0)
(2 -8.24107e-16 0)
(2 -1.42225e-15 0)
(2 -1.55521e-15 0)
(2 -2.35264e-15 0)
(2 -2.70034e-15 0)
(2 -2.69728e-15 0)
(2 -2.96405e-15 0)
(2 -2.92995e-15 0)
(2 -2.89532e-15 0)
(2 -2.84108e-15 0)
(2 -2.65251e-15 0)
(2 -2.67039e-15 0)
(2 -2.38978e-15 0)
(2 -2.10153e-15 0)
(2 -2.00022e-15 0)
(2 -1.69023e-15 0)
(2 -1.46694e-15 0)
(2 -1.20001e-15 0)
(2 -8.10923e-16 0)
(2 -2.71746e-16 0)
(2 -1.02923e-16 0)
(2 -1.8875e-17 0)
(2 1.73885e-16 0)
(2 2.70596e-15 0)
(2 2.6075e-15 0)
(2 2.20968e-15 0)
(2 2.00753e-15 0)
(2 1.99564e-15 0)
(2 2.04324e-15 0)
(2 2.00303e-15 0)
(2 1.90205e-15 0)
(2 1.7028e-15 0)
(2 1.18792e-15 0)
(2 5.66553e-16 0)
(2 5.64233e-16 0)
(2 6.04806e-16 0)
(2 1.19283e-15 0)
(2 1.89376e-15 0)
(2 2.15063e-15 0)
(2 2.09777e-15 0)
(2 2.03434e-15 0)
(2 1.89927e-15 0)
(2 1.65547e-15 0)
(2 1.21028e-15 0)
(2 9.92065e-16 0)
(2 8.24349e-16 0)
(2 6.56387e-16 0)
(2 5.5354e-16 0)
(2 5.37918e-16 0)
(2 6.86268e-16 0)
(2 8.79782e-16 0)
(2 1.36479e-15 0)
(2 1.64488e-15 0)
(2 1.87429e-15 0)
(2 1.93131e-15 0)
(2 1.89358e-15 0)
(2 1.81162e-15 0)
(2 1.78429e-15 0)
(2 1.81474e-15 0)
(2 2.1024e-15 0)
(2 2.3589e-15 0)
(2 2.3695e-15 0)
(2 2.32658e-15 0)
(2 2.28366e-15 0)
(2 2.24934e-15 0)
(2 2.13547e-15 0)
(2 2.16092e-15 0)
(2 1.96571e-15 0)
(2 1.44221e-15 0)
(2 1.36742e-15 0)
(2 1.33881e-15 0)
(2 1.27766e-15 0)
(2 1.2395e-15 0)
(2 1.04654e-15 0)
(2 7.33335e-16 0)
(2 5.76105e-16 0)
(2 2.07841e-16 0)
(2 8.26377e-17 0)
(2 1.40303e-16 0)
(2 1.03345e-16 0)
(2 1.69406e-16 0)
(2 6.80739e-16 0)
(2 1.50339e-15 0)
(2 1.85721e-15 0)
(2 1.82943e-15 0)
(2 1.75171e-15 0)
(2 1.80539e-15 0)
(2 1.76352e-15 0)
(2 1.65314e-15 0)
(2 1.80309e-15 0)
(2 1.28994e-15 0)
(2 9.7012e-16 0)
(2 1.20146e-15 0)
(2 1.37794e-15 0)
(2 1.49491e-15 0)
(2 1.47674e-15 0)
(2 1.10407e-15 0)
(2 8.04904e-16 0)
(2 8.75023e-16 0)
(2 1.14044e-15 0)
(2 1.23241e-15 0)
(2 1.31755e-15 0)
(2 1.36415e-15 0)
(2 1.77128e-15 0)
(2 2.43449e-15 0)
(2 2.74821e-15 0)
(2 2.86699e-15 0)
(2 2.96403e-15 0)
(2 2.94564e-15 0)
(2 2.88329e-15 0)
(2 2.80833e-15 0)
(2 2.49059e-15 0)
(2 2.18393e-15 0)
(2 1.95107e-15 0)
(2 1.69697e-15 0)
(2 1.45728e-15 0)
(2 1.3669e-15 0)
(2 1.05095e-15 0)
(2 -1.8058e-16 0)
(2 -8.2755e-16 0)
(2 -1.32045e-15 0)
(2 -2.401e-15 0)
(2 -3.19923e-15 0)
(2 -3.45447e-15 0)
(2 -3.94325e-15 0)
(2 -3.84117e-15 0)
(2 -3.23817e-15 0)
(2 -2.76015e-15 0)
(2 -2.6399e-15 0)
(2 -2.56416e-15 0)
(2 -2.4448e-15 0)
(2 -2.20527e-15 0)
(2 -1.913e-15 0)
(2 -1.54303e-15 0)
(2 -1.55062e-15 0)
(2 -1.60736e-15 0)
(2 -1.7344e-15 0)
(2 -2.64671e-15 0)
(2 -2.77226e-15 0)
(2 -2.72506e-15 0)
(2 -2.54391e-15 0)
(2 -2.10418e-15 0)
(2 -1.85937e-15 0)
(2 3.25963e-15 0)
(2 3.34713e-15 0)
(2 2.16497e-15 0)
(2 1.48617e-15 0)
(2 1.2115e-15 0)
(2 1.02735e-15 0)
(2 1.01398e-15 0)
(2 1.13062e-15 0)
(2 1.74574e-15 0)
(2 1.83336e-15 0)
(2 2.06353e-15 0)
(2 2.20551e-15 0)
(2 2.35573e-15 0)
(2 2.43136e-15 0)
(2 2.52908e-15 0)
(2 2.47559e-15 0)
(2 2.2543e-15 0)
(2 1.6495e-15 0)
(2 1.10653e-15 0)
(2 9.15948e-16 0)
(2 8.57123e-16 0)
(2 1.01597e-15 0)
(2 3.4035e-16 0)
(2 1.47729e-16 0)
(2 7.00344e-17 0)
(2 -1.60019e-16 0)
(2 -3.92295e-16 0)
(2 -7.50809e-16 0)
(2 -1.51127e-16 0)
(2 4.8117e-16 0)
(2 5.66793e-16 0)
(2 6.22042e-16 0)
(2 7.64615e-16 0)
(2 8.16183e-16 0)
(2 1.10509e-15 0)
(2 1.60147e-15 0)
(2 1.8626e-15 0)
(2 1.93649e-15 0)
(2 2.06873e-15 0)
(2 2.6065e-15 0)
(2 2.89173e-15 0)
(2 2.95873e-15 0)
(2 3.08422e-15 0)
(2 3.13743e-15 0)
(2 3.44323e-15 0)
(2 3.57899e-15 0)
(2 3.46889e-15 0)
(2 3.02242e-15 0)
(2 2.37815e-15 0)
(2 1.58063e-15 0)
(2 1.27331e-15 0)
(2 7.40789e-16 0)
(2 1.68421e-16 0)
(2 1.3747e-17 0)
(2 5.33075e-17 0)
(2 1.37659e-17 0)
(2 -7.3884e-17 0)
(2 -2.38856e-16 0)
(2 -1.19808e-16 0)
(2 2.59378e-16 0)
(2 1.66629e-16 0)
(2 6.83793e-16 0)
(2 1.01143e-15 0)
(2 1.16825e-15 0)
(2 1.23514e-15 0)
(2 1.30234e-15 0)
(2 1.35044e-15 0)
(2 1.25942e-15 0)
(2 1.21138e-15 0)
(2 8.89399e-16 0)
(2 6.07832e-16 0)
(2 7.86829e-16 0)
(2 9.07011e-16 0)
(2 7.06049e-16 0)
(2 5.95911e-16 0)
(2 7.55854e-16 0)
(2 8.74456e-16 0)
(2 5.28543e-16 0)
(2 5.65213e-16 0)
(2 6.82313e-16 0)
(2 1.06179e-15 0)
(2 1.524e-15 0)
(2 1.9914e-15 0)
(2 2.37627e-15 0)
(2 2.49498e-15 0)
(2 2.52071e-15 0)
(2 2.38316e-15 0)
(2 1.78357e-15 0)
(2 1.48453e-15 0)
(2 1.50346e-15 0)
(2 1.39687e-15 0)
(2 8.67611e-16 0)
(2 1.87232e-16 0)
(2 -1.87348e-16 0)
(2 -2.38863e-16 0)
(2 -6.81938e-16 0)
(2 -1.41923e-15 0)
(2 -1.52583e-15 0)
(2 -1.85742e-15 0)
(2 -2.3334e-15 0)
(2 -2.43131e-15 0)
(2 -2.07567e-15 0)
(2 -1.97604e-15 0)
(2 -1.81156e-15 0)
(2 -1.67705e-15 0)
(2 -1.66849e-15 0)
(2 -1.79389e-15 0)
(2 -1.80079e-15 0)
(2 -1.56534e-15 0)
(2 -9.6916e-16 0)
(2 -6.68427e-16 0)
(2 -1.54721e-16 0)
(2 -3.47126e-16 0)
(2 -4.17535e-16 0)
(2 -9.32896e-16 0)
(2 -1.59623e-15 0)
(2 -2.3643e-15 0)
(2 -2.56191e-15 0)
(2 -2.43701e-15 0)
(2 -2.17578e-15 0)
(2 2.75861e-15 0)
(2 2.29717e-15 0)
(2 1.89465e-15 0)
(2 1.72719e-15 0)
(2 1.50604e-15 0)
(2 1.28441e-15 0)
(2 1.49241e-15 0)
(2 2.67644e-15 0)
(2 3.03924e-15 0)
(2 3.36114e-15 0)
(2 3.84792e-15 0)
(2 4.14806e-15 0)
(2 3.22164e-15 0)
(2 2.67097e-15 0)
(2 2.70206e-15 0)
(2 2.57266e-15 0)
(2 2.15948e-15 0)
(2 1.55807e-15 0)
(2 1.09837e-15 0)
(2 8.27354e-16 0)
(2 7.62009e-16 0)
(2 7.13976e-16 0)
(2 6.43641e-16 0)
(2 5.37497e-16 0)
(2 3.82747e-16 0)
(2 7.6581e-17 0)
(2 -2.60795e-16 0)
(2 -7.04543e-16 0)
(2 -8.99509e-16 0)
(2 -9.09875e-16 0)
(2 -8.44928e-16 0)
(2 -7.51227e-16 0)
(2 -7.65192e-16 0)
(2 -6.33638e-16 0)
(2 -2.18838e-16 0)
(2 7.79285e-16 0)
(2 8.31504e-16 0)
(2 8.02276e-16 0)
(2 1.00494e-15 0)
(2 1.16076e-15 0)
(2 1.27646e-15 0)
(2 1.50299e-15 0)
(2 1.84345e-15 0)
(2 2.06372e-15 0)
(2 2.02505e-15 0)
(2 1.52726e-15 0)
(2 1.17557e-15 0)
(2 7.63695e-16 0)
(2 8.69545e-17 0)
(2 -1.16813e-16 0)
(2 -3.66538e-16 0)
(2 -5.52198e-16 0)
(2 -4.76329e-16 0)
(2 -1.76007e-16 0)
(2 2.15139e-17 0)
(2 4.65835e-17 0)
(2 1.24567e-16 0)
(2 1.5386e-16 0)
(2 1.28692e-16 0)
(2 1.33521e-16 0)
(2 3.86384e-16 0)
(2 5.03014e-16 0)
(2 6.72132e-16 0)
(2 5.95313e-16 0)
(2 3.50188e-16 0)
(2 3.00372e-16 0)
(2 4.4188e-16 0)
(2 6.34988e-16 0)
(2 5.96059e-16 0)
(2 2.68761e-16 0)
(2 -1.39933e-16 0)
(2 -2.42767e-16 0)
(2 -2.02124e-16 0)
(2 -7.72767e-17 0)
(2 9.69894e-17 0)
(2 1.88256e-16 0)
(2 2.31521e-16 0)
(2 4.36822e-16 0)
(2 3.27066e-16 0)
(2 1.86463e-16 0)
(2 3.15159e-16 0)
(2 4.28248e-16 0)
(2 3.70043e-16 0)
(2 3.91618e-16 0)
(2 6.29734e-16 0)
(2 9.13167e-16 0)
(2 1.56566e-15 0)
(2 2.28934e-15 0)
(2 2.40375e-15 0)
(2 1.97871e-15 0)
(2 1.02e-15 0)
(2 8.4792e-17 0)
(2 -5.96196e-16 0)
(2 -7.32601e-16 0)
(2 -7.66232e-16 0)
(2 -5.48784e-16 0)
(2 -4.73699e-16 0)
(2 -8.18439e-17 0)
(2 4.2076e-16 0)
(2 7.60196e-16 0)
(2 7.91141e-16 0)
(2 6.95697e-16 0)
(2 5.0762e-16 0)
(2 -3.75878e-16 0)
(2 -9.81655e-16 0)
(2 -1.29274e-15 0)
(2 -1.3381e-15 0)
(2 -1.35227e-15 0)
(2 -1.20694e-15 0)
(2 -5.63769e-16 0)
(2 -5.84912e-16 0)
(2 -1.55343e-16 0)
(2 -1.09168e-16 0)
(2 -2.04548e-16 0)
(2 -8.72002e-16 0)
(2 -1.0593e-15 0)
(2 -1.06443e-15 0)
(2 -9.89139e-16 0)
(2 -1.2282e-15 0)
(2 -1.53823e-15 0)
(2 -2.03019e-16 0)
(2 -1.67978e-16 0)
(2 -2.71889e-16 0)
(2 -4.06672e-16 0)
(2 -3.45146e-16 0)
(2 -2.42452e-16 0)
(2 -3.93486e-16 0)
(2 -4.19403e-16 0)
(2 -5.92612e-16 0)
(2 -7.69259e-16 0)
(2 -1.04637e-15 0)
(2 -1.54119e-15 0)
(2 -2.17004e-15 0)
(2 -2.25906e-15 0)
(2 -2.09816e-15 0)
(2 -1.81412e-15 0)
(2 -1.63766e-15 0)
(2 -1.49694e-15 0)
(2 -1.35005e-15 0)
(2 -1.54467e-15 0)
(2 -1.57982e-15 0)
(2 -1.7079e-15 0)
(2 -1.88491e-15 0)
(2 -2.30248e-15 0)
(2 -2.80344e-15 0)
(2 -3.58419e-15 0)
(2 -3.7543e-15 0)
(2 -3.799e-15 0)
(2 -3.93442e-15 0)
(2 -4.11002e-15 0)
(2 -4.05484e-15 0)
(2 -3.92455e-15 0)
(2 -3.80952e-15 0)
(2 -4.13006e-15 0)
(2 -3.3108e-15 0)
(2 -2.67186e-15 0)
(2 -1.99091e-15 0)
(2 -1.8573e-15 0)
(2 -1.97757e-15 0)
(2 -2.13888e-15 0)
(2 -2.34372e-15 0)
(2 -2.70075e-15 0)
(2 -2.97657e-15 0)
(2 -3.12331e-15 0)
(2 -3.62436e-15 0)
(2 -3.95138e-15 0)
(2 -3.85566e-15 0)
(2 -3.67584e-15 0)
(2 -3.47929e-15 0)
(2 -3.23766e-15 0)
(2 -3.02655e-15 0)
(2 -2.26635e-15 0)
(2 -1.98482e-15 0)
(2 -1.89176e-15 0)
(2 -1.70873e-15 0)
(2 -1.48083e-15 0)
(2 -1.31673e-15 0)
(2 -1.13049e-15 0)
(2 -9.31414e-16 0)
(2 -1.1029e-15 0)
(2 -1.16228e-15 0)
(2 -9.94951e-16 0)
(2 -8.23109e-16 0)
(2 -8.81433e-16 0)
(2 -9.73243e-16 0)
(2 -1.07823e-15 0)
(2 -1.14398e-15 0)
(2 -1.36514e-15 0)
(2 -1.45318e-15 0)
(2 -1.85475e-15 0)
(2 -2.49673e-15 0)
(2 -2.90411e-15 0)
(2 -2.94038e-15 0)
(2 -2.87252e-15 0)
(2 -2.73018e-15 0)
(2 -3.08183e-15 0)
(2 -3.13731e-15 0)
(2 -2.94356e-15 0)
(2 -2.95557e-15 0)
(2 -3.05639e-15 0)
(2 -3.20712e-15 0)
(2 -3.40381e-15 0)
(2 -3.32952e-15 0)
(2 -3.32257e-15 0)
(2 -3.27982e-15 0)
(2 -3.38973e-15 0)
(2 -3.49159e-15 0)
(2 -3.55168e-15 0)
(2 -3.42964e-15 0)
(2 -2.79893e-15 0)
(2 -2.16671e-15 0)
(2 -1.95664e-15 0)
(2 -1.81742e-15 0)
(2 -1.83324e-15 0)
(2 -1.7091e-15 0)
(2 -1.71387e-15 0)
(2 -5.63636e-16 0)
(2 -3.0611e-17 0)
(2 -5.291e-17 0)
(2 -7.37189e-17 0)
(2 -9.08431e-17 0)
(2 -1.17696e-17 0)
(2 1.35446e-16 0)
(2 -2.25122e-16 0)
(2 -8.26357e-16 0)
(2 -1.46743e-15 0)
(2 -1.92054e-15 0)
(2 -2.26775e-15 0)
(2 -2.55494e-15 0)
(2 -2.80523e-15 0)
(2 -3.07683e-15 0)
(2 -3.15116e-15 0)
(2 -3.05322e-15 0)
(2 -2.96877e-15 0)
(2 -2.88649e-15 0)
(2 -2.3144e-15 0)
(2 -2.02211e-15 0)
(2 -1.73222e-15 0)
(2 -1.99494e-15 0)
(2 -2.28003e-15 0)
(2 1.64848e-15 0)
(2 1.4571e-15 0)
(2 1.11377e-15 0)
(2 1.0513e-15 0)
(2 1.60089e-15 0)
(2 1.32588e-15 0)
(2 4.25413e-16 0)
(2 -9.27955e-17 0)
(2 -5.88238e-16 0)
(2 -1.3903e-15 0)
(2 -2.23467e-15 0)
(2 -2.92526e-15 0)
(2 -3.16359e-15 0)
(2 -3.01742e-15 0)
(2 -3.14126e-15 0)
(2 -3.17902e-15 0)
(2 -2.96228e-15 0)
(2 -2.7831e-15 0)
(2 -2.52951e-15 0)
(2 -2.37861e-15 0)
(2 -2.42442e-15 0)
(2 -2.60355e-15 0)
(2 -2.51363e-15 0)
(2 -2.4316e-15 0)
(2 -2.62099e-15 0)
(2 -2.96143e-15 0)
(2 -3.11266e-15 0)
(2 -3.15332e-15 0)
(2 -2.94361e-15 0)
(2 -2.69811e-15 0)
(2 -2.78219e-15 0)
(2 -2.50847e-15 0)
(2 -2.03031e-15 0)
(2 -2.00868e-15 0)
(2 -1.87837e-15 0)
(2 -1.74453e-15 0)
(2 -1.51877e-15 0)
(2 -1.35739e-15 0)
(2 -1.46602e-15 0)
(2 -1.70119e-15 0)
(2 -1.79706e-15 0)
(2 -2.05791e-15 0)
(2 -2.21935e-15 0)
(2 -2.30078e-15 0)
(2 -2.37472e-15 0)
(2 -2.39143e-15 0)
(2 -2.34023e-15 0)
(2 -2.17486e-15 0)
(2 -2.03794e-15 0)
(2 -2.06086e-15 0)
(2 -1.79767e-15 0)
(2 -1.57632e-15 0)
(2 -1.50494e-15 0)
(2 -1.46374e-15 0)
(2 -1.14928e-15 0)
(2 -9.91587e-16 0)
(2 -9.42959e-16 0)
(2 -5.84116e-16 0)
(2 -4.00514e-16 0)
(2 -2.72158e-16 0)
(2 -1.26004e-16 0)
(2 -9.96019e-17 0)
(2 -3.73191e-17 0)
(2 2.3691e-16 0)
(2 2.91473e-16 0)
(2 3.03195e-16 0)
(2 2.45259e-16 0)
(2 -2.42187e-16 0)
(2 -8.60874e-16 0)
(2 -1.26557e-15 0)
(2 -2.10387e-15 0)
(2 -2.17278e-15 0)
(2 -2.324e-15 0)
(2 -2.34724e-15 0)
(2 -2.00642e-15 0)
(2 -2.19858e-15 0)
(2 -2.34813e-15 0)
(2 -2.38418e-15 0)
(2 -2.41234e-15 0)
(2 -2.60483e-15 0)
(2 -2.72056e-15 0)
(2 -2.82848e-15 0)
(2 -2.73234e-15 0)
(2 -2.63377e-15 0)
(2 -2.27009e-15 0)
(2 -2.00942e-15 0)
(2 -1.35028e-15 0)
(2 -1.20547e-15 0)
(2 -1.20443e-15 0)
(2 -1.16644e-15 0)
(2 -1.28894e-15 0)
(2 -1.84779e-15 0)
(2 -1.97804e-15 0)
(2 -2.26303e-15 0)
(2 -2.18041e-15 0)
(2 -1.91989e-15 0)
(2 -1.98696e-15 0)
(2 -2.15169e-15 0)
(2 -2.03421e-15 0)
(2 -1.79764e-15 0)
(2 -1.87046e-15 0)
(2 -1.53074e-15 0)
(2 -1.12666e-15 0)
(2 -8.54067e-16 0)
(2 -7.41712e-16 0)
(2 -6.39568e-16 0)
(2 -6.15923e-16 0)
(2 -8.18275e-16 0)
(2 -9.11661e-16 0)
(2 -1.13992e-15 0)
(2 -1.32879e-15 0)
(2 -1.44512e-15 0)
(2 -1.45205e-15 0)
(2 -1.4347e-15 0)
(2 -1.40336e-15 0)
(2 -1.4658e-15 0)
(2 -1.58154e-15 0)
(2 -1.76399e-15 0)
(2 -1.74227e-15 0)
(2 -1.56961e-15 0)
(2 1.69244e-15 0)
(2 1.88344e-15 0)
(2 1.9632e-15 0)
(2 2.22622e-15 0)
(2 2.08387e-15 0)
(2 1.85085e-15 0)
(2 1.27433e-15 0)
(2 1.10404e-15 0)
(2 1.00118e-15 0)
(2 6.69551e-16 0)
(2 2.01742e-16 0)
(2 1.29995e-16 0)
(2 -1.03483e-16 0)
(2 -5.65431e-16 0)
(2 -1.14866e-15 0)
(2 -1.10826e-15 0)
(2 -1.02128e-15 0)
(2 -1.00066e-15 0)
(2 -1.06066e-15 0)
(2 -9.3141e-16 0)
(2 -8.15727e-16 0)
(2 -8.44088e-16 0)
(2 -7.51677e-16 0)
(2 -7.5815e-16 0)
(2 -8.28124e-16 0)
(2 -5.68224e-16 0)
(2 -5.00586e-16 0)
(2 -3.51074e-16 0)
(2 1.3377e-16 0)
(2 2.01811e-16 0)
(2 7.87045e-17 0)
(2 5.41647e-17 0)
(2 1.21339e-16 0)
(2 1.19832e-16 0)
(2 1.02734e-17 0)
(2 -1.94871e-16 0)
(2 -1.95878e-16 0)
(2 -8.85146e-17 0)
(2 2.82391e-17 0)
(2 5.47859e-16 0)
(2 9.13024e-16 0)
(2 1.03217e-15 0)
(2 1.10755e-15 0)
(2 1.11697e-15 0)
(2 1.05721e-15 0)
(2 1.08623e-15 0)
(2 1.03706e-15 0)
(2 1.00141e-15 0)
(2 1.04946e-15 0)
(2 7.93551e-16 0)
(2 6.01621e-16 0)
(2 5.44069e-16 0)
(2 6.67443e-16 0)
(2 8.14057e-16 0)
(2 5.40829e-16 0)
(2 9.48988e-16 0)
(2 1.47348e-15 0)
(2 2.01702e-15 0)
(2 2.14954e-15 0)
(2 2.35818e-15 0)
(2 2.03765e-15 0)
(2 1.57117e-15 0)
(2 1.5323e-15 0)
(2 1.35162e-15 0)
(2 1.06502e-15 0)
(2 6.42869e-16 0)
(2 -2.63458e-16 0)
(2 4.30169e-15 0)
(2 3.03367e-15 0)
(2 1.78849e-15 0)
(2 1.57785e-15 0)
(2 1.08762e-15 0)
(2 5.52667e-16 0)
(2 9.79908e-16 0)
(2 2.67038e-15 0)
(2 4.16491e-15 0)
(2 3.70214e-15 0)
(2 2.22905e-15 0)
(2 1.47307e-15 0)
(2 5.94525e-16 0)
(2 6.19751e-16 0)
(2 8.77479e-16 0)
(2 8.86951e-16 0)
(2 2.76864e-15 0)
(2 3.21647e-15 0)
(2 2.93012e-15 0)
(2 2.17407e-15 0)
(2 4.28328e-16 0)
(2 5.18835e-16 0)
(2 9.87369e-16 0)
(2 1.21538e-15 0)
(2 1.41467e-15 0)
(2 2.39979e-15 0)
(2 2.30118e-15 0)
(2 2.13292e-15 0)
(2 1.39626e-15 0)
(2 9.63252e-16 0)
(2 1.09059e-15 0)
(2 1.25325e-15 0)
(2 2.5847e-17 0)
(2 9.9722e-16 0)
(2 1.5986e-15 0)
(2 2.37507e-15 0)
(2 2.38092e-15 0)
(2 1.09225e-15 0)
(2 -4.24453e-16 0)
(2 -1.04683e-15 0)
(2 2.86297e-16 0)
(2 5.79571e-16 0)
(2 1.15807e-15 0)
(2 2.07559e-15 0)
(2 1.81323e-15 0)
(2 1.07441e-15 0)
(2 -1.73016e-16 0)
(2 -9.62068e-16 0)
(2 1.53252e-15 0)
(2 2.30691e-15 0)
(2 2.51316e-15 0)
(2 2.14624e-15 0)
(2 1.87622e-15 0)
(2 1.75252e-15 0)
(2 2.02743e-15 0)
(2 1.04269e-15 0)
(2 2.72392e-15 0)
(2 2.39633e-15 0)
(2 1.59914e-15 0)
(2 -2.85888e-17 0)
(2 -1.74068e-16 0)
(2 2.28181e-15 0)
(2 2.92784e-15 0)
(2 2.08809e-15 0)
(2 1.25321e-15 0)
(2 -3.2297e-16 0)
(2 -4.48972e-16 0)
(2 -1.97317e-15 0)
(2 -2.50048e-15 0)
(2 -1.74912e-15 0)
(2 -7.80058e-16 0)
(2 7.4779e-16 0)
(2 -9.20267e-17 0)
(2 -9.47911e-16 0)
(2 -1.11973e-15 0)
(2 -6.50084e-16 0)
(2 2.91393e-17 0)
(2 -2.65329e-16 0)
(2 4.96504e-16 0)
(2 1.77805e-15 0)
(2 7.80532e-16 0)
(2 1.41881e-15 0)
(2 9.1023e-16 0)
(2 1.60666e-15 0)
(2 3.07296e-15 0)
(2 3.85404e-15 0)
(2 3.99724e-15 0)
(2 4.52851e-15 0)
(2 2.13372e-15 0)
(2 2.0469e-15 0)
(2 1.50283e-15 0)
(2 9.83126e-16 0)
(2 6.74116e-16 0)
(2 7.21639e-16 0)
(2 1.6415e-15 0)
(2 2.25039e-15 0)
(2 7.66764e-16 0)
(2 7.10445e-16 0)
(2 -2.25438e-16 0)
(2 -1.64864e-15 0)
(2 -1.78427e-15 0)
(2 -2.34106e-15 0)
(2 -2.15665e-15 0)
(2 -1.54126e-15 0)
(2 -3.01927e-16 0)
(2 -8.27712e-16 0)
(2 5.93809e-16 0)
(2 9.75427e-16 0)
(2 8.82853e-16 0)
(2 3.0862e-16 0)
(2 1.78029e-16 0)
(2 2.8086e-16 0)
(2 -2.08985e-15 0)
(2 -9.43211e-16 0)
(2 2.22853e-16 0)
(2 7.1421e-16 0)
(2 1.62819e-15 0)
(2 1.93763e-15 0)
(2 1.68907e-15 0)
(2 1.08596e-15 0)
(2 -5.83091e-16 0)
(2 2.21027e-16 0)
(2 -4.65104e-16 0)
(2 -1.04128e-15 0)
(2 -2.93238e-16 0)
(2 2.11228e-15 0)
(2 3.13633e-15 0)
(2 3.38527e-15 0)
(2 -2.60774e-18 0)
(2 4.99142e-16 0)
(2 1.25518e-15 0)
(2 3.40462e-16 0)
(2 5.86969e-16 0)
(2 1.39613e-15 0)
(2 2.69967e-15 0)
(2 3.23819e-15 0)
(2 -2.24742e-15 0)
(2 -2.3328e-15 0)
(2 -6.90257e-16 0)
(2 2.28518e-16 0)
(2 1.2191e-15 0)
(2 3.42923e-16 0)
(2 1.59692e-16 0)
(2 2.86947e-16 0)
(2 -1.7352e-15 0)
(2 -1.80844e-15 0)
(2 -2.18875e-15 0)
(2 -1.88797e-15 0)
(2 -2.01739e-15 0)
(2 -4.55754e-16 0)
(2 1.55935e-16 0)
(2 1.95979e-16 0)
)
;

boundaryField
{
    inlet
    {
        type            fixedValue;
        value           nonuniform 0();
    }
    outlet
    {
        type            inletOutlet;
        inletValue      nonuniform 0();
        value           nonuniform 0();
    }
    bottom
    {
        type            symmetryPlane;
    }
    top
    {
        type            symmetryPlane;
    }
    obstacle
    {
        type            slip;
    }
    front
    {
        type            empty;
    }
    back
    {
        type            empty;
    }
    procBoundary18to9
    {
        type            processor;
        value           nonuniform List<vector> 2((2 2.75806e-15 0) (2 1.25542e-15 0));
    }
    procBoundary18to10
    {
        type            processor;
        value           nonuniform List<vector> 
129
(
(2 6.96183e-15 0)
(2 7.35809e-15 0)
(2 6.94758e-15 0)
(2 6.6969e-15 0)
(2 6.32297e-15 0)
(2 5.86987e-15 0)
(2 5.57361e-15 0)
(2 4.82979e-15 0)
(2 4.15892e-15 0)
(2 4.08193e-15 0)
(2 3.70922e-15 0)
(2 3.252e-15 0)
(2 2.93307e-15 0)
(2 2.61184e-15 0)
(2 2.07126e-15 0)
(2 1.73652e-15 0)
(2 1.50319e-15 0)
(2 1.27592e-15 0)
(2 1.31766e-15 0)
(2 1.37627e-15 0)
(2 1.46504e-15 0)
(2 1.64061e-15 0)
(2 1.71441e-15 0)
(2 1.78644e-15 0)
(2 1.84476e-15 0)
(2 1.57747e-15 0)
(2 1.37525e-15 0)
(2 1.08324e-15 0)
(2 1.0189e-15 0)
(2 9.2663e-16 0)
(2 8.93165e-16 0)
(2 1.00079e-15 0)
(2 1.17949e-15 0)
(2 1.3156e-15 0)
(2 2.0884e-15 0)
(2 1.84944e-15 0)
(2 1.80481e-15 0)
(2 1.94007e-15 0)
(2 1.90469e-15 0)
(2 1.81538e-15 0)
(2 1.74045e-15 0)
(2 1.74336e-15 0)
(2 1.75804e-15 0)
(2 1.73074e-15 0)
(2 1.61688e-15 0)
(2 1.57967e-15 0)
(2 1.59643e-15 0)
(2 1.52156e-15 0)
(2 1.44968e-15 0)
(2 1.48577e-15 0)
(2 1.41289e-15 0)
(2 1.29543e-15 0)
(2 9.45579e-16 0)
(2 7.13946e-16 0)
(2 1.39595e-15 0)
(2 1.55141e-15 0)
(2 1.91777e-15 0)
(2 1.9431e-15 0)
(2 1.6492e-15 0)
(2 1.24924e-15 0)
(2 1.24405e-15 0)
(2 1.78023e-15 0)
(2 2.40293e-15 0)
(2 2.7725e-15 0)
(2 2.83858e-15 0)
(2 2.25802e-15 0)
(2 1.75232e-15 0)
(2 1.64575e-15 0)
(2 1.46853e-15 0)
(2 1.57166e-15 0)
(2 1.74719e-15 0)
(2 1.44102e-15 0)
(2 1.18081e-15 0)
(2 9.96123e-16 0)
(2 1.1163e-15 0)
(2 1.33139e-15 0)
(2 1.39395e-15 0)
(2 1.16304e-15 0)
(2 1.25456e-15 0)
(2 1.52207e-15 0)
(2 1.48144e-15 0)
(2 1.45204e-15 0)
(2 1.47874e-15 0)
(2 1.55667e-15 0)
(2 1.49014e-15 0)
(2 1.48109e-15 0)
(2 1.50474e-15 0)
(2 1.4997e-15 0)
(2 1.45457e-15 0)
(2 1.34373e-15 0)
(2 1.15834e-15 0)
(2 1.07727e-15 0)
(2 1.18348e-15 0)
(2 1.16942e-15 0)
(2 1.26512e-15 0)
(2 1.3545e-15 0)
(2 1.35759e-15 0)
(2 1.40022e-15 0)
(2 1.37856e-15 0)
(2 1.35199e-15 0)
(2 1.28856e-15 0)
(2 1.1958e-15 0)
(2 1.0165e-15 0)
(2 1.03612e-15 0)
(2 9.1076e-16 0)
(2 8.87887e-16 0)
(2 1.01747e-15 0)
(2 1.05476e-15 0)
(2 1.02087e-15 0)
(2 7.71219e-16 0)
(2 8.07832e-16 0)
(2 1.43635e-15 0)
(2 2.22009e-15 0)
(2 2.32857e-15 0)
(2 2.51727e-15 0)
(2 3.15846e-15 0)
(2 4.89976e-15 0)
(2 5.25475e-15 0)
(2 5.59161e-15 0)
(2 5.94392e-15 0)
(2 5.94392e-15 0)
(2 1.46795e-15 0)
(2 1.09224e-15 0)
(2 8.20817e-16 0)
(2 7.07268e-16 0)
(2 9.94934e-16 0)
(2 6.19208e-16 0)
(2 -3.15621e-17 0)
(2 -6.03172e-17 0)
)
;
    }
    procBoundary18to17
    {
        type            processor;
        value           nonuniform List<vector> 
17
(
(2 1.40189e-15 0)
(2 1.94269e-16 0)
(2 -1.8737e-15 0)
(2 -1.27242e-15 0)
(2 -6.31784e-16 0)
(2 8.98208e-16 0)
(2 2.5536e-15 0)
(2 3.16665e-15 0)
(2 2.1007e-15 0)
(2 2.15184e-15 0)
(2 3.55994e-15 0)
(2 2.77799e-15 0)
(2 2.84991e-15 0)
(2 2.65097e-15 0)
(2 9.26203e-17 0)
(2 1.75825e-15 0)
(2 1.59817e-15 0)
)
;
    }
    procBoundary18to26
    {
        type            processor;
        value           nonuniform List<vector> 
129
(
(2 -6.14849e-16 0)
(2 -7.63406e-16 0)
(2 -7.07687e-16 0)
(2 -7.08793e-16 0)
(2 -7.93201e-16 0)
(2 -1.07645e-15 0)
(2 -1.28499e-15 0)
(2 -1.17576e-15 0)
(2 -9.23684e-16 0)
(2 -6.71066e-16 0)
(2 -4.58758e-16 0)
(2 -3.14574e-16 0)
(2 -6.52531e-17 0)
(2 2.16127e-16 0)
(2 1.13913e-16 0)
(2 -1.08477e-16 0)
(2 -4.87359e-17 0)
(2 -9.21276e-17 0)
(2 -8.16456e-17 0)
(2 -1.96679e-17 0)
(2 2.34356e-16 0)
(2 3.15349e-16 0)
(2 2.24601e-16 0)
(2 1.28732e-17 0)
(2 -7.92502e-17 0)
(2 -5.43127e-16 0)
(2 -1.00974e-15 0)
(2 -1.24746e-15 0)
(2 -1.28528e-15 0)
(2 -1.56923e-15 0)
(2 -1.86099e-15 0)
(2 -1.96787e-15 0)
(2 -2.12981e-15 0)
(2 -2.3444e-15 0)
(2 -2.71898e-15 0)
(2 -2.43935e-15 0)
(2 -2.06393e-15 0)
(2 -1.43537e-15 0)
(2 -7.93349e-16 0)
(2 -3.28632e-16 0)
(2 7.77695e-17 0)
(2 1.31342e-16 0)
(2 3.21426e-16 0)
(2 4.32801e-16 0)
(2 5.41923e-16 0)
(2 4.50185e-16 0)
(2 1.4204e-16 0)
(2 -5.13679e-17 0)
(2 -6.83738e-18 0)
(2 -7.27366e-17 0)
(2 -9.72121e-16 0)
(2 -8.97334e-16 0)
(2 -7.72086e-16 0)
(2 6.77837e-16 0)
(2 8.04222e-16 0)
(2 9.55014e-16 0)
(2 1.26412e-15 0)
(2 1.86918e-15 0)
(2 1.64919e-15 0)
(2 1.46446e-15 0)
(2 1.79252e-15 0)
(2 1.93433e-15 0)
(2 2.08021e-15 0)
(2 2.41784e-15 0)
(2 2.19972e-15 0)
(2 2.07314e-15 0)
(2 1.81911e-15 0)
(2 1.46771e-15 0)
(2 1.05631e-15 0)
(2 7.97791e-16 0)
(2 7.83163e-16 0)
(2 6.09447e-16 0)
(2 -1.2741e-16 0)
(2 -3.4744e-16 0)
(2 -3.28868e-16 0)
(2 -4.44445e-16 0)
(2 -4.16163e-16 0)
(2 -2.37976e-16 0)
(2 -3.64304e-16 0)
(2 -6.66338e-16 0)
(2 -8.68162e-16 0)
(2 -1.03782e-15 0)
(2 -1.10587e-15 0)
(2 -7.54707e-16 0)
(2 -4.18687e-16 0)
(2 -3.14792e-16 0)
(2 -4.71441e-17 0)
(2 2.88199e-16 0)
(2 7.38162e-16 0)
(2 1.0538e-15 0)
(2 1.25609e-15 0)
(2 1.45971e-15 0)
(2 1.5442e-15 0)
(2 1.84534e-15 0)
(2 1.92415e-15 0)
(2 1.97032e-15 0)
(2 2.0068e-15 0)
(2 2.10322e-15 0)
(2 2.25997e-15 0)
(2 2.19579e-15 0)
(2 2.05974e-15 0)
(2 2.66495e-15 0)
(2 3.1828e-15 0)
(2 3.19721e-15 0)
(2 3.05904e-15 0)
(2 2.98267e-15 0)
(2 3.02432e-15 0)
(2 2.94277e-15 0)
(2 2.70741e-15 0)
(2 2.34053e-15 0)
(2 2.23443e-15 0)
(2 2.35371e-15 0)
(2 2.2243e-15 0)
(2 2.03545e-15 0)
(2 1.56232e-15 0)
(2 1.00204e-15 0)
(2 8.50344e-16 0)
(2 7.0498e-16 0)
(2 3.77603e-16 0)
(2 -6.14849e-16 0)
(2 -4.02165e-18 0)
(2 -5.53817e-16 0)
(2 -1.05527e-15 0)
(2 -2.14689e-15 0)
(2 -2.47565e-15 0)
(2 -2.53199e-15 0)
(2 -3.3199e-15 0)
(2 -3.97054e-15 0)
(2 -3.72621e-15 0)
)
;
    }
    procBoundary18to27
    {
        type            processor;
        value           nonuniform List<vector> 
13
(
(2 4.30721e-15 0)
(2 2.18897e-16 0)
(2 1.8681e-15 0)
(2 1.39664e-15 0)
(2 -2.24029e-15 0)
(2 -1.45828e-15 0)
(2 1.70055e-15 0)
(2 1.7381e-15 0)
(2 2.04825e-15 0)
(2 2.87969e-15 0)
(2 5.45555e-15 0)
(2 3.03636e-15 0)
(2 -1.85597e-16 0)
)
;
    }
    procBoundary18to35
    {
        type            processor;
        value           nonuniform List<vector> 6((2 3.4545e-16 0) (2 1.50476e-16 0) (2 3.19331e-15 0) (2 4.49138e-15 0) (2 8.92139e-16 0) (2 -1.62221e-15 0));
    }
}


// ************************************************************************* //
