/*--------------------------------*- C++ -*----------------------------------*\
  =========                 |
  \\      /  F ield         | OpenFOAM: The Open Source CFD Toolbox
   \\    /   O peration     | Website:  https://openfoam.org
    \\  /    A nd           | Version:  7
     \\/     M anipulation  |
\*---------------------------------------------------------------------------*/
FoamFile
{
    version     2.0;
    format      ascii;
    class       labelList;
    location    "constant/polyMesh";
    object      cellProcAddressing;
}
// * * * * * * * * * * * * * * * * * * * * * * * * * * * * * * * * * * * * * //


385
(
973
974
986
987
988
989
999
1000
1001
1002
1003
1004
1013
1014
1015
1016
1017
1018
1019
1027
1028
1029
1030
1031
1032
1033
1034
1041
1042
1043
1044
1045
1046
1047
1048
1049
1056
1057
1058
1059
1060
1061
1062
1063
1064
1070
1071
1072
1073
1074
1075
1076
1077
1078
1079
1085
1086
1087
1088
1089
1090
1091
1092
1093
1094
1099
1100
1101
1102
1103
1104
1105
1106
1107
1108
1109
1114
1115
1116
1117
1118
1119
1120
1121
1122
1123
1124
1129
1130
1131
1132
1133
1134
1135
1136
1137
1138
1139
1144
1145
1146
1147
1148
1149
1150
1151
1152
1153
1154
1158
1159
1160
1161
1162
1163
1164
1165
1166
1167
1168
1169
1173
1174
1175
1176
1177
1178
1179
1180
1181
1182
1183
1184
1188
1189
1190
1191
1192
1193
1194
1195
1196
1197
1198
1203
1204
1205
1206
1207
1208
1209
1210
1211
1212
1213
1218
1219
1220
1221
1222
1223
1224
1225
1226
1227
1233
1234
1235
1236
1237
1238
1239
1240
1241
1242
1248
1249
1250
1251
1252
1253
1254
1255
1256
1257
1263
1264
1265
1266
1267
1268
1269
1270
1271
1279
1280
1281
1282
1283
1284
1285
1286
1294
1295
1296
1297
1298
1299
1300
1309
1310
1311
1312
1313
1314
1315
1324
1325
1326
1327
1328
1329
1330
1339
1340
1341
1342
1343
1344
1345
1354
1355
1356
1357
1358
1359
1369
1370
1371
1372
1373
1374
1384
1385
1386
1387
1388
1389
1400
1401
1402
1403
1404
1415
1416
1417
1418
1419
1430
1431
1432
1433
1445
1446
1447
1448
1460
1461
1462
1463
1476
1477
1478
1491
1492
1493
1506
1507
1508
1521
1522
1523
1537
1538
1552
1567
9012
9013
9014
9015
9016
9017
9018
9019
9020
9021
9022
9023
9024
9025
9042
9043
9044
9045
9046
9047
9048
9049
9050
9051
9052
9053
9054
9055
9072
9073
9074
9075
9076
9077
9078
9079
9080
9081
9082
9083
9084
9085
9102
9103
9104
9105
9106
9107
9108
9109
9110
9111
9112
9113
9114
9115
9132
9133
9134
9135
9136
9137
9138
9139
9140
9141
9142
9143
9144
9145
9162
9163
9164
9165
9166
9167
9168
9169
9170
9171
9172
9173
9174
9175
9192
9193
9194
9195
9196
9197
9198
9199
9200
9201
9202
9203
9222
9223
9224
)


// ************************************************************************* //
