/*--------------------------------*- C++ -*----------------------------------*\
  =========                 |
  \\      /  F ield         | OpenFOAM: The Open Source CFD Toolbox
   \\    /   O peration     | Website:  https://openfoam.org
    \\  /    A nd           | Version:  7
     \\/     M anipulation  |
\*---------------------------------------------------------------------------*/
FoamFile
{
    version     2.0;
    format      ascii;
    class       volVectorField;
    location    "0.5";
    object      U;
}
// * * * * * * * * * * * * * * * * * * * * * * * * * * * * * * * * * * * * * //

dimensions      [0 1 -1 0 0 0 0];

internalField   nonuniform List<vector> 
2413
(
(1.4 2.95302e-15 0)
(1.4 3.01691e-15 0)
(1.4 3.44542e-15 0)
(1.4 3.5981e-15 0)
(1.4 3.48926e-15 0)
(1.4 3.52838e-15 0)
(1.4 3.57876e-15 0)
(1.4 3.48676e-15 0)
(1.4 3.45661e-15 0)
(1.4 3.48314e-15 0)
(1.4 3.56442e-15 0)
(1.4 3.36555e-15 0)
(1.4 3.00533e-15 0)
(1.4 2.72902e-15 0)
(1.4 2.66192e-15 0)
(1.4 2.66452e-15 0)
(1.4 2.7441e-15 0)
(1.4 2.9248e-15 0)
(1.4 3.01702e-15 0)
(1.4 3.07991e-15 0)
(1.4 3.1562e-15 0)
(1.4 3.18299e-15 0)
(1.4 3.58995e-15 0)
(1.4 3.88591e-15 0)
(1.4 4.35145e-15 0)
(1.4 4.55983e-15 0)
(1.4 4.40788e-15 0)
(1.4 4.16981e-15 0)
(1.4 4.12393e-15 0)
(1.4 3.70899e-15 0)
(1.4 3.56857e-15 0)
(1.4 2.87487e-15 0)
(1.4 2.41247e-15 0)
(1.4 2.21225e-15 0)
(1.4 1.96305e-15 0)
(1.4 1.53141e-15 0)
(1.4 1.36185e-15 0)
(1.4 1.30618e-15 0)
(1.4 9.99723e-16 0)
(1.4 8.36925e-16 0)
(1.4 5.04792e-16 0)
(1.4 4.76454e-16 0)
(1.4 2.48819e-16 0)
(1.4 3.96615e-17 0)
(1.4 -3.93767e-17 0)
(1.4 -8.55771e-16 0)
(1.4 -1.22927e-15 0)
(1.4 -1.53504e-15 0)
(1.4 -1.46929e-15 0)
(1.4 -1.37451e-15 0)
(1.4 -1.29183e-15 0)
(1.4 -1.28353e-15 0)
(1.4 -1.41917e-15 0)
(1.4 -1.54199e-15 0)
(1.4 -1.74026e-15 0)
(1.4 -1.88409e-15 0)
(1.4 -2.13422e-15 0)
(1.4 -2.54069e-15 0)
(1.4 -2.6941e-15 0)
(1.4 -2.80177e-15 0)
(1.4 -2.8266e-15 0)
(1.4 -2.77485e-15 0)
(1.4 -2.61647e-15 0)
(1.4 -2.27111e-15 0)
(1.4 -2.08563e-15 0)
(1.4 -1.62285e-15 0)
(1.4 -1.12229e-15 0)
(1.4 -6.76172e-16 0)
(1.4 -3.22727e-16 0)
(1.4 -1.9418e-17 0)
(1.4 3.89199e-16 0)
(1.4 8.73464e-16 0)
(1.4 9.96216e-16 0)
(1.4 8.83743e-16 0)
(1.4 6.02204e-16 0)
(1.4 2.83434e-16 0)
(1.4 -1.63911e-16 0)
(1.4 -5.7731e-16 0)
(1.4 -1.40324e-15 0)
(1.4 -2.04418e-15 0)
(1.4 -2.51197e-15 0)
(1.4 -3.02834e-15 0)
(1.4 -3.47086e-15 0)
(1.4 -3.68695e-15 0)
(1.4 -3.82462e-15 0)
(1.4 -3.71164e-15 0)
(1.4 -3.47683e-15 0)
(1.4 -3.35303e-15 0)
(1.4 -3.06621e-15 0)
(1.4 -2.88109e-15 0)
(1.4 -2.81588e-15 0)
(1.4 -2.6523e-15 0)
(1.4 -2.62759e-15 0)
(1.4 -2.13275e-15 0)
(1.4 -1.91252e-15 0)
(1.4 -3.11664e-16 0)
(1.4 -2.80452e-16 0)
(1.4 -2.72583e-16 0)
(1.4 -1.25809e-16 0)
(1.4 -3.82741e-17 0)
(1.4 7.49494e-17 0)
(1.4 2.19947e-16 0)
(1.4 3.06239e-16 0)
(1.4 1.80518e-16 0)
(1.4 1.02427e-17 0)
(1.4 -1.10366e-16 0)
(1.4 -4.52032e-17 0)
(1.4 -6.76001e-17 0)
(1.4 2.95554e-16 0)
(1.4 7.03464e-16 0)
(1.4 1.09482e-15 0)
(1.4 1.33328e-15 0)
(1.4 1.43866e-15 0)
(1.4 1.53658e-15 0)
(1.4 1.63822e-15 0)
(1.4 1.74727e-15 0)
(1.4 1.83437e-15 0)
(1.4 1.91411e-15 0)
(1.4 1.93123e-15 0)
(1.4 2.02236e-15 0)
(1.4 2.20938e-15 0)
(1.4 2.27302e-15 0)
(1.4 2.3292e-15 0)
(1.4 2.36175e-15 0)
(1.4 2.45118e-15 0)
(1.4 2.73243e-15 0)
(1.4 3.11841e-15 0)
(1.4 3.31126e-15 0)
(1.4 3.62189e-15 0)
(1.4 3.76126e-15 0)
(1.4 3.70245e-15 0)
(1.4 3.47189e-15 0)
(1.4 3.30387e-15 0)
(1.4 3.20713e-15 0)
(1.4 3.18778e-15 0)
(1.4 3.21518e-15 0)
(1.4 3.20116e-15 0)
(1.4 3.10338e-15 0)
(1.4 3.03537e-15 0)
(1.4 2.98504e-15 0)
(1.4 2.99376e-15 0)
(1.4 3.1596e-15 0)
(1.4 3.29737e-15 0)
(1.4 3.34907e-15 0)
(1.4 3.39745e-15 0)
(1.4 3.473e-15 0)
(1.4 3.48319e-15 0)
(1.4 3.49933e-15 0)
(1.4 3.47037e-15 0)
(1.4 3.52752e-15 0)
(1.4 3.70861e-15 0)
(1.4 3.71488e-15 0)
(1.4 3.77985e-15 0)
(1.4 3.78091e-15 0)
(1.4 3.43454e-15 0)
(1.4 2.94733e-15 0)
(1.4 2.92664e-15 0)
(1.4 2.88387e-15 0)
(1.4 2.70933e-15 0)
(1.4 2.22054e-15 0)
(1.4 1.95713e-15 0)
(1.4 1.78552e-15 0)
(1.4 1.10391e-15 0)
(1.4 8.15424e-16 0)
(1.4 6.24663e-16 0)
(1.4 5.63889e-16 0)
(1.4 3.81581e-16 0)
(1.4 3.74699e-17 0)
(1.4 -7.53419e-16 0)
(1.4 -9.44648e-16 0)
(1.4 -1.15305e-15 0)
(1.4 -1.22137e-15 0)
(1.4 -1.24511e-15 0)
(1.4 -1.17794e-15 0)
(1.4 -1.19281e-15 0)
(1.4 -1.39653e-15 0)
(1.4 -1.53821e-15 0)
(1.4 -1.54738e-15 0)
(1.4 -1.62964e-15 0)
(1.4 -1.73873e-15 0)
(1.4 -1.79564e-15 0)
(1.4 -1.80704e-15 0)
(1.4 -1.9918e-15 0)
(1.4 -2.13579e-15 0)
(1.4 -2.28904e-15 0)
(1.4 -2.61363e-15 0)
(1.4 -2.79165e-15 0)
(1.4 -2.80619e-15 0)
(1.4 -2.64679e-15 0)
(1.4 -2.53967e-15 0)
(1.4 -2.43814e-15 0)
(1.4 -2.36967e-15 0)
(1.4 -2.3086e-15 0)
(1.4 -2.27767e-15 0)
(1.4 -2.1927e-15 0)
(1.4 -1.99759e-15 0)
(1.4 -1.9824e-15 0)
(1.4 -1.80046e-15 0)
(1.4 -1.63247e-15 0)
(1.4 -1.52049e-15 0)
(1.4 -1.40124e-15 0)
(1.4 -1.33447e-15 0)
(1.4 -1.20317e-15 0)
(1.4 -1.03924e-15 0)
(1.4 -7.72873e-16 0)
(1.4 -6.66464e-16 0)
(1.4 -7.70752e-16 0)
(1.4 -9.32888e-16 0)
(1.4 -1.24345e-15 0)
(1.4 -1.50791e-15 0)
(1.4 -1.85766e-15 0)
(1.4 -2.07667e-15 0)
(1.4 -2.10055e-15 0)
(1.4 -2.2984e-15 0)
(1.4 -2.58904e-15 0)
(1.4 -3.00648e-15 0)
(1.4 -3.36494e-15 0)
(1.4 -3.66109e-15 0)
(1.4 -3.90259e-15 0)
(1.4 -4.01179e-15 0)
(1.4 -4.39655e-15 0)
(1.4 -4.42281e-15 0)
(1.4 -4.31591e-15 0)
(1.4 -4.21356e-15 0)
(1.4 -3.3307e-15 0)
(1.4 -3.10142e-15 0)
(1.4 -2.86861e-15 0)
(1.4 -2.89348e-15 0)
(1.4 -2.49554e-15 0)
(1.4 -2.06071e-15 0)
(1.4 -1.66712e-15 0)
(1.4 -1.2895e-15 0)
(1.4 -9.37806e-16 0)
(1.4 -8.7573e-16 0)
(1.4 -8.24247e-16 0)
(1.4 -9.0757e-16 0)
(1.4 -1.02752e-15 0)
(1.4 -1.06752e-15 0)
(1.4 -1.02447e-15 0)
(1.4 -8.66851e-16 0)
(1.4 -4.03845e-16 0)
(1.4 2.23841e-16 0)
(1.4 4.81876e-16 0)
(1.4 6.95799e-16 0)
(1.4 9.26809e-16 0)
(1.4 1.05693e-15 0)
(1.4 1.04918e-15 0)
(1.4 1.19452e-15 0)
(1.4 1.50746e-15 0)
(1.4 1.67698e-15 0)
(1.4 1.83678e-15 0)
(1.4 1.79085e-15 0)
(1.4 1.77165e-15 0)
(1.4 1.81099e-15 0)
(1.4 2.08911e-15 0)
(1.4 2.35727e-15 0)
(1.4 2.66995e-15 0)
(1.4 2.90425e-15 0)
(1.4 3.00148e-15 0)
(1.4 3.07887e-15 0)
(1.4 3.32609e-15 0)
(1.4 3.35454e-15 0)
(1.4 3.39888e-15 0)
(1.4 3.46658e-15 0)
(1.4 3.85083e-15 0)
(1.4 4.07962e-15 0)
(1.4 3.55118e-15 0)
(1.4 3.43098e-15 0)
(1.4 3.3318e-15 0)
(1.4 2.90059e-15 0)
(1.4 2.73915e-15 0)
(1.4 2.64696e-15 0)
(1.4 2.617e-15 0)
(1.4 2.4303e-15 0)
(1.4 2.40866e-15 0)
(1.4 2.56184e-15 0)
(1.4 2.67476e-15 0)
(1.4 2.91867e-15 0)
(1.4 3.06365e-15 0)
(1.4 3.02586e-15 0)
(1.4 2.71817e-15 0)
(1.4 2.47838e-15 0)
(1.4 2.48491e-15 0)
(1.4 2.49477e-15 0)
(1.4 2.66176e-15 0)
(1.4 2.71065e-15 0)
(1.4 2.60478e-15 0)
(1.4 2.3675e-15 0)
(1.4 2.24554e-15 0)
(1.4 2.00218e-15 0)
(1.4 1.88509e-15 0)
(1.4 1.74361e-15 0)
(1.4 1.64147e-15 0)
(1.4 1.64946e-15 0)
(1.4 8.08225e-16 0)
(1.4 6.20115e-16 0)
(1.4 3.63117e-16 0)
(1.4 6.48293e-17 0)
(1.4 -6.86122e-17 0)
(1.4 -8.05343e-16 0)
(1.4 -1.48714e-15 0)
(1.4 -1.97272e-15 0)
(1.4 -1.90117e-15 0)
(1.4 -1.57778e-15 0)
(1.4 -1.3731e-15 0)
(1.4 -1.12625e-15 0)
(1.4 -1.11125e-15 0)
(1.4 -9.81406e-16 0)
(1.4 -6.92368e-16 0)
(1.4 -3.55e-16 0)
(1.4 -2.73522e-17 0)
(1.4 2.1523e-16 0)
(1.4 1.44644e-16 0)
(1.4 -3.22122e-16 0)
(1.4 -1.07703e-15 0)
(1.4 -1.38904e-15 0)
(1.4 -1.9996e-15 0)
(1.4 -2.53502e-15 0)
(1.4 -2.80636e-15 0)
(1.4 -3.14867e-15 0)
(1.4 -3.18803e-15 0)
(1.4 -3.20572e-15 0)
(1.4 -3.1466e-15 0)
(1.4 -3.0733e-15 0)
(1.4 -2.9441e-15 0)
(1.4 -2.8982e-15 0)
(1.4 -2.82366e-15 0)
(1.4 -2.90219e-15 0)
(1.4 -3.09856e-15 0)
(1.4 -3.31215e-15 0)
(1.4 -2.79243e-15 0)
(1.4 -2.53916e-15 0)
(1.4 -2.34525e-15 0)
(1.4 -2.07407e-15 0)
(1.4 -1.98964e-15 0)
(1.4 -1.95953e-15 0)
(1.4 -1.62867e-15 0)
(1.4 -1.47363e-15 0)
(1.4 -1.31334e-15 0)
(1.4 -1.32111e-15 0)
(1.4 -1.31748e-15 0)
(1.4 -1.27646e-15 0)
(1.4 -1.21323e-15 0)
(1.4 -1.21541e-15 0)
(1.4 -1.25078e-15 0)
(1.4 -1.23191e-15 0)
(1.4 -1.30473e-15 0)
(1.4 -1.47217e-15 0)
(1.4 -1.84695e-15 0)
(1.4 -2.28588e-15 0)
(1.4 -2.58809e-15 0)
(1.4 -2.37546e-15 0)
(1.4 -2.20716e-15 0)
(1.4 -2.25997e-15 0)
(1.4 -2.43912e-15 0)
(1.4 -2.54545e-15 0)
(1.4 -2.51673e-15 0)
(1.4 -2.44135e-15 0)
(1.4 -2.08476e-15 0)
(1.4 -3.7553e-15 0)
(1.4 -3.48927e-15 0)
(1.4 -3.22265e-15 0)
(1.4 -3.19668e-15 0)
(1.4 -2.88472e-15 0)
(1.4 -2.36537e-15 0)
(1.4 -2.07428e-15 0)
(1.4 -1.70406e-15 0)
(1.4 -1.56523e-15 0)
(1.4 -1.524e-15 0)
(1.4 -1.2539e-15 0)
(1.4 -1.03127e-15 0)
(1.4 -7.79383e-16 0)
(1.4 -7.91015e-16 0)
(1.4 -8.12761e-16 0)
(1.4 -7.76584e-16 0)
(1.4 -8.56703e-16 0)
(1.4 -7.41909e-16 0)
(1.4 -6.19076e-16 0)
(1.4 -4.01269e-16 0)
(1.4 -1.30247e-16 0)
(1.4 2.90953e-16 0)
(1.4 2.31423e-16 0)
(1.4 1.54629e-16 0)
(1.4 1.24551e-16 0)
(1.4 9.91612e-17 0)
(1.4 9.33762e-17 0)
(1.4 6.91857e-16 0)
(1.4 1.59968e-15 0)
(1.4 2.14257e-15 0)
(1.4 2.34115e-15 0)
(1.4 2.45358e-15 0)
(1.4 2.53349e-15 0)
(1.4 2.69415e-15 0)
(1.4 2.71906e-15 0)
(1.4 2.7496e-15 0)
(1.4 2.74173e-15 0)
(1.4 2.76302e-15 0)
(1.4 2.7249e-15 0)
(1.4 2.29176e-15 0)
(1.4 2.28173e-15 0)
(1.4 2.33186e-15 0)
(1.4 2.47943e-15 0)
(1.4 2.65244e-15 0)
(1.4 2.69124e-15 0)
(1.4 2.49581e-15 0)
(1.4 2.24201e-15 0)
(1.4 2.00251e-15 0)
(1.4 1.9275e-15 0)
(1.4 1.84829e-15 0)
(1.4 1.77715e-15 0)
(1.4 1.83291e-15 0)
(1.4 1.97008e-15 0)
(1.4 1.97315e-15 0)
(1.4 1.97454e-15 0)
(1.4 1.88588e-15 0)
(1.4 1.98848e-15 0)
(1.4 1.7644e-15 0)
(1.4 1.07203e-15 0)
(1.4 7.27792e-16 0)
(1.4 5.79683e-16 0)
(1.4 3.60589e-16 0)
(1.4 2.67268e-16 0)
(1.4 1.62872e-16 0)
(1.4 1.04732e-16 0)
(1.4 2.24053e-16 0)
(1.4 2.62774e-16 0)
(1.4 2.6709e-16 0)
(1.4 3.03322e-16 0)
(1.4 2.18088e-16 0)
(1.4 7.84311e-17 0)
(1.4 -7.26544e-17 0)
(1.4 -2.95528e-17 0)
(1.4 -1.79708e-16 0)
(1.4 -4.8312e-16 0)
(1.4 -4.29536e-16 0)
(1.4 -8.20011e-16 0)
(1.4 -1.0112e-15 0)
(1.4 -1.20922e-15 0)
(1.4 -1.27356e-15 0)
(1.4 -1.1131e-15 0)
(1.4 -1.00696e-15 0)
(1.4 -9.33338e-16 0)
(1.4 -9.12882e-16 0)
(1.4 -9.7526e-16 0)
(1.4 -1.06804e-15 0)
(1.4 -1.32654e-15 0)
(1.4 -1.48128e-15 0)
(1.4 -1.69014e-15 0)
(1.4 -2.01256e-15 0)
(1.4 -2.17772e-15 0)
(1.4 -2.30982e-15 0)
(1.4 -2.46582e-15 0)
(1.4 -2.68024e-15 0)
(1.4 -3.04281e-15 0)
(1.4 -3.31017e-15 0)
(1.4 -3.48802e-15 0)
(1.4 -3.78546e-15 0)
(1.4 -3.90581e-15 0)
(1.4 -3.95506e-15 0)
(1.4 -3.96383e-15 0)
(1.4 -3.8798e-15 0)
(1.4 -3.87299e-15 0)
(1.4 -3.83988e-15 0)
(1.4 -3.6797e-15 0)
(1.4 -3.61164e-15 0)
(1.4 -3.38855e-15 0)
(1.4 -3.00747e-15 0)
(1.4 -2.79041e-15 0)
(1.4 -2.32337e-15 0)
(1.4 -1.88274e-15 0)
(1.4 -1.34979e-15 0)
(1.4 -1.03003e-15 0)
(1.4 -7.31982e-16 0)
(1.4 -3.55395e-16 0)
(1.4 -1.50719e-16 0)
(1.4 8.96575e-17 0)
(1.4 -1.0443e-16 0)
(1.4 -7.08018e-17 0)
(1.4 -1.01766e-16 0)
(1.4 -3.80824e-17 0)
(1.4 -1.80393e-16 0)
(1.4 -6.41187e-16 0)
(1.4 -6.83573e-16 0)
(1.4 -1.1658e-15 0)
(1.4 -1.52031e-15 0)
(1.4 -1.72689e-15 0)
(1.4 -1.9656e-15 0)
(1.4 -2.10336e-15 0)
(1.4 -2.12986e-15 0)
(1.4 -2.0959e-15 0)
(1.4 -1.64618e-15 0)
(1.4 -1.90069e-15 0)
(1.4 -1.89461e-15 0)
(1.4 -1.864e-15 0)
(1.4 -1.83667e-15 0)
(1.4 -1.89368e-15 0)
(1.4 -1.80819e-15 0)
(1.4 -1.75203e-15 0)
(1.4 -1.63029e-15 0)
(1.4 -1.65407e-15 0)
(1.4 -8.81965e-16 0)
(1.4 -4.56682e-16 0)
(1.4 -1.60263e-16 0)
(1.4 5.82668e-17 0)
(1.4 -2.40319e-17 0)
(1.4 -5.83756e-17 0)
(1.4 -4.29217e-17 0)
(1.4 1.32558e-16 0)
(1.4 3.86395e-16 0)
(1.4 5.26018e-16 0)
(1.4 6.46188e-16 0)
(1.4 1.17145e-15 0)
(1.4 1.50264e-15 0)
(1.4 1.41627e-15 0)
(1.4 1.278e-15 0)
(1.4 1.29962e-15 0)
(1.4 1.40428e-15 0)
(1.4 1.65216e-15 0)
(1.4 1.88328e-15 0)
(1.4 2.06121e-15 0)
(1.4 2.72538e-15 0)
(1.4 3.00183e-15 0)
(1.4 3.34841e-15 0)
(1.4 3.47874e-15 0)
(1.4 3.53466e-15 0)
(1.4 3.36499e-15 0)
(1.4 3.26391e-15 0)
(1.4 2.99559e-15 0)
(1.4 2.37284e-15 0)
(1.4 2.01506e-15 0)
(1.4 1.71977e-15 0)
(1.4 1.41182e-15 0)
(1.4 1.23607e-15 0)
(1.4 1.28561e-15 0)
(1.4 1.23346e-15 0)
(1.4 1.08754e-15 0)
(1.4 9.79607e-16 0)
(1.4 1.01227e-15 0)
(1.4 1.02957e-15 0)
(1.4 1.00983e-15 0)
(1.4 9.02877e-16 0)
(1.4 7.92846e-16 0)
(1.4 5.68728e-16 0)
(1.4 3.78167e-16 0)
(1.4 2.01155e-16 0)
(1.4 1.89034e-16 0)
(1.4 1.17994e-16 0)
(1.4 -1.12401e-16 0)
(1.4 -4.28649e-16 0)
(1.4 -4.9144e-16 0)
(1.4 -6.22605e-16 0)
(1.4 -6.45399e-16 0)
(1.4 -7.97926e-16 0)
(1.4 -1.07614e-15 0)
(1.4 -1.48025e-15 0)
(1.4 -1.716e-15 0)
(1.4 -1.61417e-15 0)
(1.4 -1.56541e-15 0)
(1.4 -1.53927e-15 0)
(1.4 -1.56919e-15 0)
(1.4 -1.42414e-15 0)
(1.4 -1.38979e-15 0)
(1.4 -1.36396e-15 0)
(1.4 -9.53459e-16 0)
(1.4 -5.47789e-16 0)
(1.4 -4.24744e-16 0)
(1.4 -8.46382e-16 0)
(1.4 -1.10735e-15 0)
(1.4 -1.38138e-15 0)
(1.4 -2.00365e-15 0)
(1.4 -2.49213e-15 0)
(1.4 -2.56105e-15 0)
(1.4 -2.96939e-15 0)
(1.4 -3.40352e-15 0)
(1.4 -3.69718e-15 0)
(1.4 -3.87531e-15 0)
(1.4 -3.79215e-15 0)
(1.4 -3.59848e-15 0)
(1.4 -3.43026e-15 0)
(1.4 -3.31155e-15 0)
(1.4 -2.90047e-15 0)
(1.4 -2.69373e-15 0)
(1.4 -2.59662e-15 0)
(1.4 -2.56617e-15 0)
(1.4 -2.57511e-15 0)
(1.4 -2.76618e-15 0)
(1.4 -2.97597e-15 0)
(1.4 -3.4555e-15 0)
(1.4 -3.60671e-15 0)
(1.4 -3.63489e-15 0)
(1.4 -3.63673e-15 0)
(1.4 -3.56827e-15 0)
(1.4 -3.51942e-15 0)
(1.4 -3.46124e-15 0)
(1.4 -3.25765e-15 0)
(1.4 -3.15501e-15 0)
(1.4 -2.99764e-15 0)
(1.4 -2.66132e-15 0)
(1.4 -2.4358e-15 0)
(1.4 -2.36845e-15 0)
(1.4 -2.3523e-15 0)
(1.4 -2.22779e-15 0)
(1.4 -1.87195e-15 0)
(1.4 -1.3571e-15 0)
(1.4 -8.75661e-16 0)
(1.4 -5.48941e-16 0)
(1.4 -2.47372e-16 0)
(1.4 1.66905e-16 0)
(1.4 3.35117e-16 0)
(1.4 4.26438e-16 0)
(1.4 5.58034e-16 0)
(1.4 8.37423e-16 0)
(1.4 7.95658e-16 0)
(1.4 9.7965e-16 0)
(1.4 9.40341e-16 0)
(1.4 7.09522e-16 0)
(1.4 1.5802e-16 0)
(1.4 -3.34417e-16 0)
(1.4 -1.07871e-15 0)
(1.4 -1.49794e-15 0)
(1.4 -1.96486e-15 0)
(1.4 -2.42322e-15 0)
(1.4 -2.48148e-15 0)
(1.4 5.49459e-16 0)
(1.4 3.13444e-16 0)
(1.4 -6.36596e-17 0)
(1.4 -1.92882e-16 0)
(1.4 -4.10406e-16 0)
(1.4 -8.70109e-16 0)
(1.4 -9.72479e-16 0)
(1.4 -8.95585e-16 0)
(1.4 -8.12415e-16 0)
(1.4 -5.78648e-16 0)
(1.4 -5.83319e-16 0)
(1.4 -5.37024e-16 0)
(1.4 -5.75958e-16 0)
(1.4 -3.76615e-16 0)
(1.4 1.16713e-16 0)
(1.4 3.6305e-16 0)
(1.4 5.74303e-16 0)
(1.4 8.19693e-16 0)
(1.4 1.03908e-15 0)
(1.4 1.10269e-15 0)
(1.4 1.14819e-15 0)
(1.4 1.18254e-15 0)
(1.4 1.36127e-15 0)
(1.4 1.91234e-15 0)
(1.4 2.18453e-15 0)
(1.4 2.48626e-15 0)
(1.4 2.76145e-15 0)
(1.4 2.76951e-15 0)
(1.4 2.12359e-15 0)
(1.4 1.57082e-15 0)
(1.4 1.56123e-15 0)
(1.4 1.61793e-15 0)
(1.4 1.81537e-15 0)
(1.4 1.96542e-15 0)
(1.4 1.99906e-15 0)
(1.4 2.04024e-15 0)
(1.4 2.06186e-15 0)
(1.4 1.9742e-15 0)
(1.4 1.85525e-15 0)
(1.4 1.74649e-15 0)
(1.4 1.57909e-15 0)
(1.4 1.36619e-15 0)
(1.4 1.1663e-15 0)
(1.4 8.23082e-16 0)
(1.4 4.14655e-16 0)
(1.4 2.8026e-16 0)
(1.4 2.60674e-16 0)
(1.4 3.41508e-16 0)
(1.4 4.4396e-16 0)
(1.4 3.88161e-16 0)
(1.4 8.08638e-18 0)
(1.4 -6.22956e-16 0)
(1.4 -8.94572e-16 0)
(1.4 -1.11712e-15 0)
(1.4 -1.24258e-15 0)
(1.4 -1.37378e-15 0)
(1.4 -1.57523e-15 0)
(1.4 -1.5988e-15 0)
(1.4 -1.51915e-15 0)
(1.4 -1.6856e-15 0)
(1.4 -1.64409e-15 0)
(1.4 -1.63351e-15 0)
(1.4 -1.69572e-15 0)
(1.4 -1.87979e-15 0)
(1.4 -2.02511e-15 0)
(1.4 -2.14923e-15 0)
(1.4 -2.1216e-15 0)
(1.4 -2.2802e-15 0)
(1.4 -2.34104e-15 0)
(1.4 -2.4701e-15 0)
(1.4 -2.32839e-15 0)
(1.4 -2.18917e-15 0)
(1.4 -2.11969e-15 0)
(1.4 -1.96068e-15 0)
(1.4 -1.94763e-15 0)
(1.4 -1.99087e-15 0)
(1.4 -1.96902e-15 0)
(1.4 -1.95747e-15 0)
(1.4 -2.05552e-15 0)
(1.4 -2.1778e-15 0)
(1.4 -2.5442e-15 0)
(1.4 -2.50054e-15 0)
(1.4 -2.59752e-15 0)
(1.4 -2.51555e-15 0)
(1.4 -2.42016e-15 0)
(1.4 -2.48147e-15 0)
(1.4 -2.47957e-15 0)
(1.4 -2.39548e-15 0)
(1.4 -2.35086e-15 0)
(1.4 -2.3946e-15 0)
(1.4 -2.38099e-15 0)
(1.4 -2.40241e-15 0)
(1.4 -2.3663e-15 0)
(1.4 -2.36444e-15 0)
(1.4 -2.17443e-15 0)
(1.4 -1.98272e-15 0)
(1.4 -1.50202e-15 0)
(1.4 -1.35653e-15 0)
(1.4 -1.31724e-15 0)
(1.4 -1.28749e-15 0)
(1.4 -1.49458e-15 0)
(1.4 -1.65807e-15 0)
(1.4 -1.66288e-15 0)
(1.4 -1.56809e-15 0)
(1.4 -1.64562e-15 0)
(1.4 -1.71006e-15 0)
(1.4 -1.83977e-15 0)
(1.4 -1.93828e-15 0)
(1.4 -2.03164e-15 0)
(1.4 -2.02857e-15 0)
(1.4 -2.04545e-15 0)
(1.4 -2.0208e-15 0)
(1.4 -1.95765e-15 0)
(1.4 -2.04662e-15 0)
(1.4 -1.8465e-15 0)
(1.4 -1.53281e-15 0)
(1.4 -1.13983e-15 0)
(1.4 -6.10021e-16 0)
(1.4 -2.93578e-16 0)
(1.4 3.28899e-16 0)
(1.4 8.18403e-16 0)
(1.4 1.16929e-15 0)
(1.4 1.21785e-15 0)
(1.4 1.2439e-15 0)
(1.4 1.18885e-15 0)
(1.4 1.05948e-15 0)
(1.4 8.94497e-16 0)
(1.4 9.88276e-16 0)
(1.4 7.1035e-16 0)
(1.4 3.64467e-16 0)
(1.4 6.71462e-17 0)
(1.4 -5.44005e-16 0)
(1.4 -5.93942e-18 0)
(1.4 9.18001e-17 0)
(1.4 6.97698e-17 0)
(1.4 -1.44661e-16 0)
(1.4 -2.01624e-16 0)
(1.4 -2.49917e-16 0)
(1.4 -2.3021e-16 0)
(1.4 -7.36463e-17 0)
(1.4 1.73291e-17 0)
(1.4 -2.89027e-17 0)
(1.4 7.52984e-17 0)
(1.4 -2.56153e-17 0)
(1.4 -8.66371e-17 0)
(1.4 -1.83728e-16 0)
(1.4 -1.4668e-16 0)
(1.4 -1.05451e-16 0)
(1.4 -1.03097e-16 0)
(1.4 -1.79873e-16 0)
(1.4 -1.25274e-16 0)
(1.4 -2.19615e-17 0)
(1.4 -8.39862e-17 0)
(1.4 -3.41211e-16 0)
(1.4 -3.26372e-16 0)
(1.4 -1.68179e-16 0)
(1.4 -1.47094e-16 0)
(1.4 -3.50709e-16 0)
(1.4 -4.80424e-16 0)
(1.4 -8.39518e-16 0)
(1.4 -1.14805e-15 0)
(1.4 -1.38004e-15 0)
(1.4 -1.52433e-15 0)
(1.4 -1.43229e-15 0)
(1.4 -1.19916e-15 0)
(1.4 -1.20845e-15 0)
(1.4 -1.05779e-15 0)
(1.4 -1.03607e-15 0)
(1.4 -9.72822e-16 0)
(1.4 -1.03578e-15 0)
(1.4 -7.77749e-16 0)
(1.4 -5.83707e-16 0)
(1.4 -3.86262e-16 0)
(1.4 -4.33057e-18 0)
(1.4 2.10593e-16 0)
(1.4 2.71283e-16 0)
(1.4 3.28318e-16 0)
(1.4 1.52102e-16 0)
(1.4 4.59894e-17 0)
(1.4 -1.63873e-16 0)
(1.4 -2.56166e-16 0)
(1.4 -6.00292e-16 0)
(1.4 -5.12795e-16 0)
(1.4 -4.98225e-16 0)
(1.4 -5.56687e-16 0)
(1.4 -6.56971e-16 0)
(1.4 -9.47096e-16 0)
(1.4 -1.23487e-15 0)
(1.4 -1.36787e-15 0)
(1.4 -1.51545e-15 0)
(1.4 -1.62443e-15 0)
(1.4 -1.82247e-15 0)
(1.4 -1.98405e-15 0)
(1.4 -1.95651e-15 0)
(1.4 -1.75214e-15 0)
(1.4 -1.56641e-15 0)
(1.4 -1.62888e-15 0)
(1.4 -1.79523e-15 0)
(1.4 -1.76415e-15 0)
(1.4 -1.64686e-15 0)
(1.4 -1.52535e-15 0)
(1.4 -1.5151e-15 0)
(1.4 -1.39883e-15 0)
(1.4 -1.4668e-15 0)
(1.4 -1.49445e-15 0)
(1.4 -1.44182e-15 0)
(1.4 -1.42047e-15 0)
(1.4 -1.13115e-15 0)
(1.4 -9.428e-16 0)
(1.4 -8.49445e-16 0)
(1.4 -7.83431e-16 0)
(1.4 -6.39923e-16 0)
(1.4 -6.83124e-16 0)
(1.4 -6.10012e-16 0)
(1.4 -6.28571e-16 0)
(1.4 -6.99622e-16 0)
(1.4 -6.83551e-16 0)
(1.4 -8.57648e-16 0)
(1.4 -9.31241e-16 0)
(1.4 -9.95915e-16 0)
(1.4 -1.01228e-15 0)
(1.4 -1.08123e-15 0)
(1.4 -1.15374e-15 0)
(1.4 -1.32065e-15 0)
(1.4 -1.35303e-15 0)
(1.4 -1.33357e-15 0)
(1.4 -1.1622e-15 0)
(1.4 -1.01691e-15 0)
(1.4 -7.94173e-16 0)
(1.4 -4.87546e-16 0)
(1.4 -2.48274e-16 0)
(1.4 -1.58547e-16 0)
(1.4 -1.01475e-18 0)
(1.4 5.38275e-17 0)
(1.4 -1.19382e-16 0)
(1.4 -5.3402e-16 0)
(1.4 -8.15515e-16 0)
(1.4 -1.2882e-15 0)
(1.4 -1.78953e-15 0)
(1.4 -2.31917e-15 0)
(1.4 -2.49787e-15 0)
(1.4 -2.59916e-15 0)
(1.4 -2.71605e-15 0)
(1.4 -2.91063e-15 0)
(1.4 -3.12632e-15 0)
(1.4 -3.1927e-15 0)
(1.4 -3.20382e-15 0)
(1.4 -3.13087e-15 0)
(1.4 -2.93981e-15 0)
(1.4 -2.50618e-15 0)
(1.4 -1.8189e-15 0)
(1.4 -1.58334e-15 0)
(1.4 -1.24484e-15 0)
(1.4 -2.93936e-16 0)
(1.4 2.98753e-16 0)
(1.4 5.09243e-16 0)
(1.4 5.91142e-16 0)
(1.4 9.53755e-16 0)
(1.4 1.28794e-15 0)
(1.4 1.45467e-15 0)
(1.4 1.41827e-15 0)
(1.4 1.42458e-15 0)
(1.4 1.16422e-15 0)
(1.4 8.50793e-16 0)
(1.4 -4.05377e-16 0)
(1.4 -2.67106e-16 0)
(1.4 -2.06015e-16 0)
(1.4 -2.42188e-16 0)
(1.4 -2.84276e-16 0)
(1.4 -1.47812e-16 0)
(1.4 8.72248e-17 0)
(1.4 1.1607e-18 0)
(1.4 -9.49915e-17 0)
(1.4 -3.42567e-16 0)
(1.4 -4.28554e-16 0)
(1.4 -4.7082e-16 0)
(1.4 -5.38765e-16 0)
(1.4 -5.49126e-16 0)
(1.4 -5.28623e-16 0)
(1.4 -3.39109e-16 0)
(1.4 -6.43131e-16 0)
(1.4 -8.19479e-16 0)
(1.4 -9.64889e-16 0)
(1.4 -1.10198e-15 0)
(1.4 -1.14171e-15 0)
(1.4 -1.15525e-15 0)
(1.4 -1.09361e-15 0)
(1.4 -1.12305e-15 0)
(1.4 -1.14979e-15 0)
(1.4 -1.34889e-15 0)
(1.4 -1.52248e-15 0)
(1.4 -1.54903e-15 0)
(1.4 -1.62798e-15 0)
(1.4 -1.85708e-15 0)
(1.4 -2.16132e-15 0)
(1.4 -2.2597e-15 0)
(1.4 -2.48945e-15 0)
(1.4 -2.59728e-15 0)
(1.4 -2.30062e-15 0)
(1.4 -2.12359e-15 0)
(1.4 -1.94518e-15 0)
(1.4 -1.60434e-15 0)
(1.4 -1.09481e-15 0)
(1.4 -8.0318e-16 0)
(1.4 -6.39829e-16 0)
(1.4 -6.36617e-16 0)
(1.4 -6.17751e-16 0)
(1.4 -6.22202e-16 0)
(1.4 -5.02407e-16 0)
(1.4 -3.45518e-16 0)
(1.4 -4.19727e-16 0)
(1.4 -4.68881e-16 0)
(1.4 -4.64511e-16 0)
(1.4 -3.04476e-16 0)
(1.4 -3.09882e-16 0)
(1.4 -3.17543e-16 0)
(1.4 -2.7101e-16 0)
(1.4 -4.4031e-16 0)
(1.4 -6.21351e-16 0)
(1.4 -7.59639e-16 0)
(1.4 -7.87593e-16 0)
(1.4 -1.02711e-15 0)
(1.4 -1.15296e-15 0)
(1.4 -7.80686e-16 0)
(1.4 -9.18073e-16 0)
(1.4 -1.00683e-15 0)
(1.4 -8.00273e-16 0)
(1.4 -6.03042e-16 0)
(1.4 -4.79246e-16 0)
(1.4 -4.89513e-16 0)
(1.4 -1.93065e-16 0)
(1.4 1.04804e-16 0)
(1.4 2.76696e-17 0)
(1.4 -1.01845e-16 0)
(1.4 -2.69018e-16 0)
(1.4 -5.96243e-16 0)
(1.4 -7.91676e-16 0)
(1.4 -8.02854e-16 0)
(1.4 -8.11459e-16 0)
(1.4 -7.904e-16 0)
(1.4 -8.36145e-16 0)
(1.4 -6.42016e-16 0)
(1.4 -3.76113e-16 0)
(1.4 -3.5067e-16 0)
(1.4 -9.29582e-17 0)
(1.4 -9.78207e-17 0)
(1.4 -1.15854e-16 0)
(1.4 -2.4374e-16 0)
(1.4 -5.86158e-16 0)
(1.4 -7.35459e-16 0)
(1.4 -7.34486e-16 0)
(1.4 -9.72448e-16 0)
(1.4 -1.03229e-15 0)
(1.4 -1.10878e-15 0)
(1.4 -1.25034e-15 0)
(1.4 -1.22302e-15 0)
(1.4 -1.39433e-15 0)
(1.4 -1.08042e-15 0)
(1.4 -9.76342e-16 0)
(1.4 -1.01818e-15 0)
(1.4 -9.77652e-16 0)
(1.4 -4.46184e-16 0)
(1.4 2.887e-16 0)
(1.4 3.44624e-16 0)
(1.4 3.71587e-16 0)
(1.4 4.14314e-16 0)
(1.4 4.19833e-16 0)
(1.4 -2.36254e-16 0)
(1.4 -6.28421e-16 0)
(1.4 -8.68156e-16 0)
(1.4 -1.31397e-15 0)
(1.4 -2.32447e-15 0)
(1.4 -2.6553e-15 0)
(1.4 -3.23581e-15 0)
(1.4 -3.62945e-15 0)
(1.4 -3.83406e-15 0)
(1.4 -3.95294e-15 0)
(1.4 -3.84046e-15 0)
(1.4 -3.71964e-15 0)
(1.4 -3.58981e-15 0)
(1.4 -3.53919e-15 0)
(1.4 -3.22491e-15 0)
(1.4 -2.87404e-15 0)
(1.4 -2.70109e-15 0)
(1.4 -2.55326e-15 0)
(1.4 -2.09863e-15 0)
(1.4 -8.02756e-16 0)
(1.4 -2.5611e-16 0)
(1.4 3.7676e-16 0)
(1.4 7.64807e-16 0)
(1.4 1.00195e-15 0)
(1.4 9.68361e-16 0)
(1.4 6.83961e-16 0)
(1.4 6.16541e-16 0)
(1.4 3.09324e-16 0)
(1.4 3.4731e-18 0)
(1.4 1.11301e-15 0)
(1.4 7.72046e-16 0)
(1.4 5.84394e-16 0)
(1.4 5.22525e-16 0)
(1.4 4.91556e-16 0)
(1.4 3.46326e-16 0)
(1.4 1.3387e-16 0)
(1.4 -4.56959e-17 0)
(1.4 -3.49886e-16 0)
(1.4 -4.26478e-16 0)
(1.4 -8.87806e-16 0)
(1.4 -1.17427e-15 0)
(1.4 -1.49937e-15 0)
(1.4 -1.81121e-15 0)
(1.4 -1.84221e-15 0)
(1.4 -1.79261e-15 0)
(1.4 -1.64465e-15 0)
(1.4 -1.40692e-15 0)
(1.4 -1.25849e-15 0)
(1.4 -1.11151e-15 0)
(1.4 -1.10092e-15 0)
(1.4 -9.40838e-16 0)
(1.4 -7.809e-16 0)
(1.4 -4.5293e-16 0)
(1.4 -1.24392e-16 0)
(1.4 -1.45154e-16 0)
(1.4 -4.90999e-16 0)
(1.4 -5.62968e-16 0)
(1.4 -6.1159e-16 0)
(1.4 -7.52983e-16 0)
(1.4 -1.37132e-15 0)
(1.4 -1.94709e-15 0)
(1.4 -2.25167e-15 0)
(1.4 -2.68062e-15 0)
(1.4 -2.93449e-15 0)
(1.4 -2.93207e-15 0)
(1.4 -2.93776e-15 0)
(1.4 -2.81809e-15 0)
(1.4 -2.90926e-15 0)
(1.4 -3.32043e-15 0)
(1.4 -3.59938e-15 0)
(1.4 -3.55107e-15 0)
(1.4 -3.34836e-15 0)
(1.4 -3.06514e-15 0)
(1.4 -2.45676e-15 0)
(1.4 -2.36093e-15 0)
(1.4 -1.99508e-15 0)
(1.4 -1.77326e-15 0)
(1.4 -1.39726e-15 0)
(1.4 -1.14253e-15 0)
(1.4 -9.39691e-16 0)
(1.4 -6.25635e-16 0)
(1.4 -4.36912e-16 0)
(1.4 7.01545e-19 0)
(1.4 1.49696e-16 0)
(1.4 8.22728e-17 0)
(1.4 -1.32681e-16 0)
(1.4 -3.25749e-16 0)
(1.4 -3.9355e-16 0)
(1.4 -5.03902e-16 0)
(1.4 -4.78895e-16 0)
(1.4 -3.07638e-16 0)
(1.4 -2.37649e-16 0)
(1.4 1.62844e-17 0)
(1.4 2.053e-16 0)
(1.4 3.66902e-16 0)
(1.4 4.60351e-16 0)
(1.4 2.20487e-16 0)
(1.4 6.82963e-17 0)
(1.4 -2.79897e-16 0)
(1.4 -4.21055e-16 0)
(1.4 -5.22909e-16 0)
(1.4 -5.8597e-16 0)
(1.4 -8.3796e-16 0)
(1.4 -9.68835e-16 0)
(1.4 -1.20154e-15 0)
(1.4 -1.47895e-15 0)
(1.4 -1.51438e-15 0)
(1.4 -1.4155e-15 0)
(1.4 -1.3474e-15 0)
(1.4 -1.21762e-15 0)
(1.4 -1.24318e-15 0)
(1.4 -1.25799e-15 0)
(1.4 -1.30078e-15 0)
(1.4 -1.37425e-15 0)
(1.4 -1.52085e-15 0)
(1.4 -1.57216e-15 0)
(1.4 -1.54933e-15 0)
(1.4 -1.65047e-15 0)
(1.4 -1.689e-15 0)
(1.4 -1.59899e-15 0)
(1.4 -1.56683e-15 0)
(1.4 -1.36723e-15 0)
(1.4 -1.36231e-15 0)
(1.4 -7.46907e-16 0)
(1.4 1.35225e-18 0)
(1.4 6.10894e-18 0)
(1.4 4.15806e-16 0)
(1.4 4.60921e-16 0)
(1.4 3.67082e-16 0)
(1.4 5.61446e-17 0)
(1.4 -1.04325e-16 0)
(1.4 -3.13892e-16 0)
(1.4 -6.15292e-16 0)
(1.4 -1.10971e-15 0)
(1.4 -1.28444e-15 0)
(1.4 -1.61342e-15 0)
(1.4 -2.25696e-15 0)
(1.4 -2.72885e-15 0)
(1.4 -3.24158e-15 0)
(1.4 -3.36155e-15 0)
(1.4 -3.62819e-15 0)
(1.4 -3.70013e-15 0)
(1.4 -3.70297e-15 0)
(1.4 -3.50732e-15 0)
(1.4 -3.20477e-15 0)
(1.4 -2.944e-15 0)
(1.4 -2.86252e-15 0)
(1.4 -2.63087e-15 0)
(1.4 -2.54759e-15 0)
(1.4 -2.14004e-15 0)
(1.4 -1.46088e-15 0)
(1.4 -1.0846e-15 0)
(1.4 -9.82103e-16 0)
(1.4 -6.35674e-16 0)
(1.4 -5.38921e-16 0)
(1.4 -3.74093e-16 0)
(1.4 -1.96953e-16 0)
(1.4 -1.08304e-16 0)
(1.4 -1.17763e-16 0)
(1.4 -2.5307e-16 0)
(1.4 -3.88476e-16 0)
(1.4 1.41764e-15 0)
(1.4 1.3245e-15 0)
(1.4 1.23129e-15 0)
(1.4 1.10521e-15 0)
(1.4 1.0383e-15 0)
(1.4 9.24256e-16 0)
(1.4 5.38379e-16 0)
(1.4 3.7507e-16 0)
(1.4 2.94719e-16 0)
(1.4 1.54208e-16 0)
(1.4 -1.09534e-16 0)
(1.4 -3.15106e-16 0)
(1.4 -4.89574e-16 0)
(1.4 -7.88563e-16 0)
(1.4 -1.12432e-15 0)
(1.4 -1.34544e-15 0)
(1.4 -1.4313e-15 0)
(1.4 -1.33932e-15 0)
(1.4 -1.14449e-15 0)
(1.4 -8.98642e-16 0)
(1.4 -5.62655e-16 0)
(1.4 -2.55473e-16 0)
(1.4 -1.25931e-16 0)
(1.4 -1.59635e-16 0)
(1.4 -2.52717e-16 0)
(1.4 -2.93777e-16 0)
(1.4 -5.90465e-16 0)
(1.4 -8.32628e-16 0)
(1.4 -9.5695e-16 0)
(1.4 -1.08285e-15 0)
(1.4 -1.09723e-15 0)
(1.4 -1.73799e-15 0)
(1.4 -2.17139e-15 0)
(1.4 -3.03483e-15 0)
(1.4 -3.59075e-15 0)
(1.4 -3.94292e-15 0)
(1.4 -4.44715e-15 0)
(1.4 -4.54904e-15 0)
(1.4 -4.49014e-15 0)
(1.4 -4.46328e-15 0)
(1.4 -4.53095e-15 0)
(1.4 -4.52013e-15 0)
(1.4 -4.51388e-15 0)
(1.4 -4.30249e-15 0)
(1.4 -4.0925e-15 0)
(1.4 -3.76443e-15 0)
(1.4 -2.7231e-15 0)
(1.4 -1.98641e-15 0)
(1.4 -1.52255e-15 0)
(1.4 -1.04457e-15 0)
(1.4 -6.27336e-16 0)
(1.4 -1.8126e-16 0)
(1.4 -8.1513e-17 0)
(1.4 3.4202e-16 0)
(1.4 7.11032e-16 0)
(1.4 8.89915e-16 0)
(1.4 1.29847e-15 0)
(1.4 1.37322e-15 0)
(1.4 1.09363e-15 0)
(1.4 1.05029e-15 0)
(1.4 8.18773e-16 0)
(1.4 6.32991e-16 0)
(1.4 5.45749e-16 0)
(1.4 5.17181e-16 0)
(1.4 4.4208e-16 0)
(1.4 3.2528e-16 0)
(1.4 1.20242e-16 0)
(1.4 -1.0707e-16 0)
(1.4 -2.53584e-16 0)
(1.4 -4.67567e-17 0)
(1.4 -1.11689e-16 0)
(1.4 -3.1828e-16 0)
(1.4 -6.32622e-16 0)
(1.4 -8.99335e-16 0)
(1.4 -1.01814e-15 0)
(1.4 -1.07382e-15 0)
(1.4 -1.0211e-15 0)
(1.4 -1.16954e-15 0)
(1.4 -1.20129e-15 0)
(1.4 -1.08817e-15 0)
(1.4 -1.04256e-15 0)
(1.4 -1.0274e-15 0)
(1.4 -9.60945e-16 0)
(1.4 -9.4123e-16 0)
(1.4 -8.72942e-16 0)
(1.4 -8.22901e-16 0)
(1.4 -9.23316e-16 0)
(1.4 -9.53331e-16 0)
(1.4 -8.21225e-16 0)
(1.4 -5.82598e-16 0)
(1.4 -3.37093e-16 0)
(1.4 1.35526e-16 0)
(1.4 4.13344e-16 0)
(1.4 6.05211e-16 0)
(1.4 1.18713e-15 0)
(1.4 1.63221e-15 0)
(1.4 1.7482e-15 0)
(1.4 1.47455e-15 0)
(1.4 1.2701e-15 0)
(1.4 1.05814e-15 0)
(1.4 7.38167e-16 0)
(1.4 3.6956e-16 0)
(1.4 -2.98119e-16 0)
(1.4 -8.74552e-16 0)
(1.4 -1.17072e-15 0)
(1.4 -1.50297e-15 0)
(1.4 -1.83427e-15 0)
(1.4 -1.82433e-15 0)
(1.4 -1.85326e-15 0)
(1.4 -1.85175e-15 0)
(1.4 -1.88132e-15 0)
(1.4 -1.81033e-15 0)
(1.4 -1.76581e-15 0)
(1.4 -1.70966e-15 0)
(1.4 -1.69681e-15 0)
(1.4 -1.58774e-15 0)
(1.4 -1.26499e-15 0)
(1.4 -1.06425e-15 0)
(1.4 -1.09452e-15 0)
(1.4 -1.11714e-15 0)
(1.4 -1.13191e-15 0)
(1.4 -1.11108e-15 0)
(1.4 -1.26203e-15 0)
(1.4 -1.47628e-15 0)
(1.4 -1.49863e-15 0)
(1.4 -1.29758e-15 0)
(1.4 -1.24798e-15 0)
(1.4 -1.23047e-15 0)
(1.4 -1.24262e-15 0)
(1.4 -1.48549e-15 0)
(1.4 -1.59539e-15 0)
(1.4 -1.63541e-15 0)
(1.4 -1.46871e-16 0)
(1.4 5.20132e-17 0)
(1.4 2.06601e-16 0)
(1.4 4.02606e-16 0)
(1.4 5.40849e-16 0)
(1.4 7.38137e-16 0)
(1.4 7.94793e-16 0)
(1.4 9.01595e-16 0)
(1.4 7.69638e-16 0)
(1.4 8.04057e-16 0)
(1.4 1.01894e-15 0)
(1.4 1.03275e-15 0)
(1.4 1.12614e-15 0)
(1.4 1.13579e-15 0)
(1.4 1.05226e-15 0)
(1.4 9.93059e-16 0)
(1.4 8.19823e-16 0)
(1.4 6.08779e-16 0)
(1.4 4.54883e-16 0)
(1.4 2.47707e-16 0)
(1.4 9.04813e-17 0)
(1.4 -1.42472e-17 0)
(1.4 -1.83292e-16 0)
(1.4 -4.55301e-16 0)
(1.4 -9.9375e-16 0)
(1.4 -7.1015e-16 0)
(1.4 -8.26525e-16 0)
(1.4 -9.26256e-16 0)
(1.4 -1.08203e-15 0)
(1.4 -1.14104e-15 0)
(1.4 -1.33044e-15 0)
(1.4 -1.30075e-15 0)
(1.4 -1.61233e-15 0)
(1.4 -2.37229e-15 0)
(1.4 -2.59613e-15 0)
(1.4 -3.03858e-15 0)
(1.4 -3.48048e-15 0)
(1.4 -3.77166e-15 0)
(1.4 -3.88744e-15 0)
(1.4 -3.76465e-15 0)
(1.4 -3.63592e-15 0)
(1.4 -3.30159e-15 0)
(1.4 -3.12661e-15 0)
(1.4 -3.06859e-15 0)
(1.4 -2.95399e-15 0)
(1.4 -2.82184e-15 0)
(1.4 -2.51327e-15 0)
(1.4 -2.45202e-15 0)
(1.4 -2.3398e-15 0)
(1.4 -2.19791e-15 0)
(1.4 -2.15456e-15 0)
(1.4 -1.87192e-15 0)
(1.4 -1.46069e-15 0)
(1.4 -1.2263e-15 0)
(1.4 -9.94843e-16 0)
(1.4 -3.25172e-16 0)
(1.4 2.66946e-16 0)
(1.4 6.65151e-16 0)
(1.4 7.3651e-16 0)
(1.4 7.68305e-16 0)
(1.4 6.11317e-16 0)
(1.4 3.16072e-16 0)
(1.4 1.54169e-16 0)
(1.4 -2.30711e-16 0)
(1.4 -4.5016e-16 0)
(1.4 -7.28622e-16 0)
(1.4 -9.86581e-16 0)
(1.4 -7.00133e-16 0)
(1.4 -5.06242e-16 0)
(1.4 -1.3346e-16 0)
(1.4 1.13464e-16 0)
(1.4 3.88815e-17 0)
(1.4 -3.45795e-16 0)
(1.4 -4.1752e-16 0)
(1.4 -3.64321e-16 0)
(1.4 -5.76601e-17 0)
(1.4 1.54627e-16 0)
(1.4 4.03941e-16 0)
(1.4 6.39334e-16 0)
(1.4 7.22047e-16 0)
(1.4 6.5641e-16 0)
(1.4 6.58353e-16 0)
(1.4 6.45377e-16 0)
(1.4 8.08567e-16 0)
(1.4 8.41225e-16 0)
(1.4 1.01628e-15 0)
(1.4 1.24202e-15 0)
(1.4 1.55982e-15 0)
(1.4 1.77192e-15 0)
(1.4 2.33484e-15 0)
(1.4 2.79979e-15 0)
(1.4 3.45427e-15 0)
(1.4 4.01581e-15 0)
(1.4 4.47264e-15 0)
(1.4 4.53567e-15 0)
(1.4 4.28242e-15 0)
(1.4 3.94292e-15 0)
(1.4 3.29268e-15 0)
(1.4 2.74944e-15 0)
(1.4 1.9771e-15 0)
(1.4 1.18492e-15 0)
(1.4 6.00778e-16 0)
(1.4 4.99667e-16 0)
(1.4 3.44564e-17 0)
(1.4 7.43689e-17 0)
(1.4 7.33394e-17 0)
(1.4 -6.0503e-17 0)
(1.4 -6.66765e-17 0)
(1.4 -3.0373e-16 0)
(1.4 -3.1144e-16 0)
(1.4 -2.91095e-16 0)
(1.4 -1.04791e-16 0)
(1.4 1.29256e-16 0)
(1.4 2.41784e-16 0)
(1.4 3.47213e-16 0)
(1.4 3.39963e-16 0)
(1.4 1.39802e-16 0)
(1.4 5.7182e-17 0)
(1.4 -9.76365e-17 0)
(1.4 -1.60889e-16 0)
(1.4 -2.69885e-16 0)
(1.4 -3.56906e-16 0)
(1.4 -3.17631e-16 0)
(1.4 -3.26211e-16 0)
(1.4 -4.29822e-16 0)
(1.4 -6.1202e-16 0)
(1.4 -6.64287e-16 0)
(1.4 -7.27557e-16 0)
(1.4 -7.09571e-16 0)
(1.4 -7.06424e-16 0)
(1.4 -7.09276e-16 0)
(1.4 2.11353e-17 0)
(1.4 -3.78143e-16 0)
(1.4 -1.49229e-16 0)
(1.4 4.32203e-17 0)
(1.4 2.09032e-16 0)
(1.4 3.65666e-16 0)
(1.4 6.03985e-16 0)
(1.4 8.87055e-16 0)
(1.4 1.12257e-15 0)
(1.4 1.12697e-15 0)
(1.4 1.0935e-15 0)
(1.4 9.63407e-16 0)
(1.4 1.10523e-15 0)
(1.4 1.39335e-15 0)
(1.4 1.42896e-15 0)
(1.4 1.59716e-15 0)
(1.4 1.49604e-15 0)
(1.4 1.56865e-15 0)
(1.4 1.51155e-15 0)
(1.4 1.16491e-15 0)
(1.4 8.05214e-16 0)
(1.4 4.81011e-16 0)
(1.4 2.61908e-16 0)
(1.4 -3.55444e-16 0)
(1.4 -9.79279e-16 0)
(1.4 -1.58386e-15 0)
(1.4 -1.86832e-15 0)
(1.4 -1.94769e-15 0)
(1.4 -2.24414e-15 0)
(1.4 -2.53459e-15 0)
(1.4 -2.67258e-15 0)
(1.4 -2.68237e-15 0)
(1.4 -2.64867e-15 0)
(1.4 -2.26123e-15 0)
(1.4 -2.20167e-15 0)
(1.4 -2.26159e-15 0)
(1.4 -2.32278e-15 0)
(1.4 -2.40341e-15 0)
(1.4 -2.74256e-15 0)
(1.4 -2.8341e-15 0)
(1.4 -2.76248e-15 0)
(1.4 -2.3801e-15 0)
(1.4 -2.141e-15 0)
(1.4 -1.64314e-15 0)
(1.4 -1.46226e-15 0)
(1.4 -1.12764e-15 0)
(1.4 -1.02658e-15 0)
(1.4 -1.16461e-15 0)
(1.4 -1.47061e-15 0)
(1.4 -1.67402e-15 0)
(1.4 -2.45233e-15 0)
(1.4 -2.69847e-15 0)
(1.4 -2.71608e-15 0)
(1.4 -2.77789e-15 0)
(1.4 -3.01038e-15 0)
(1.4 -2.7003e-15 0)
(1.4 -2.21374e-15 0)
(1.4 -1.80464e-15 0)
(1.4 -1.48963e-15 0)
(1.4 -1.08034e-15 0)
(1.4 -1.10558e-15 0)
(1.4 -1.19376e-15 0)
(1.4 -1.46718e-15 0)
(1.4 -1.75768e-15 0)
(1.4 -2.17763e-15 0)
(1.4 -2.41679e-15 0)
(1.4 -2.35888e-15 0)
(1.4 -2.10192e-15 0)
(1.4 -2.03731e-15 0)
(1.4 -2.0582e-15 0)
(1.4 -2.08543e-15 0)
(1.4 -1.97472e-15 0)
(1.4 -1.4519e-15 0)
(1.4 -1.26603e-15 0)
(1.4 -7.1799e-16 0)
(1.4 -4.30103e-17 0)
(1.4 9.34667e-16 0)
(1.4 1.66083e-15 0)
(1.4 2.05776e-15 0)
(1.4 2.40924e-15 0)
(1.4 2.24585e-15 0)
(1.4 2.03553e-15 0)
(1.4 1.81457e-15 0)
(1.4 1.63637e-15 0)
(1.4 1.82957e-15 0)
(1.4 2.3837e-15 0)
(1.4 2.81531e-15 0)
(1.4 3.05961e-15 0)
(1.4 3.80525e-15 0)
(1.4 4.60529e-15 0)
(1.4 4.99763e-15 0)
(1.4 5.17155e-15 0)
(1.4 5.21531e-15 0)
(1.4 5.11387e-15 0)
(1.4 4.77745e-15 0)
(1.4 4.21351e-15 0)
(1.4 3.97838e-15 0)
(1.4 3.73296e-15 0)
(1.4 3.07471e-15 0)
(1.4 2.70019e-15 0)
(1.4 2.21882e-15 0)
(1.4 1.84913e-15 0)
(1.4 1.69211e-15 0)
(1.4 1.57482e-15 0)
(1.4 1.77968e-15 0)
(1.4 1.79344e-15 0)
(1.4 1.78684e-15 0)
(1.4 1.7897e-15 0)
(1.4 1.50909e-15 0)
(1.4 1.24051e-15 0)
(1.4 1.05815e-15 0)
(1.4 9.68596e-16 0)
(1.4 9.43962e-16 0)
(1.4 9.50563e-16 0)
(1.4 1.02143e-15 0)
(1.4 1.02584e-15 0)
(1.4 8.92201e-16 0)
(1.4 8.1104e-16 0)
(1.4 5.47605e-16 0)
(1.4 3.6824e-16 0)
(1.4 3.74892e-16 0)
(1.4 4.40159e-16 0)
(1.4 3.29759e-16 0)
(1.4 3.65726e-16 0)
(1.4 4.28218e-16 0)
(1.4 2.05676e-16 0)
(1.4 -5.66161e-17 0)
(1.4 -2.57403e-16 0)
(1.4 -3.608e-16 0)
(1.4 -2.40496e-16 0)
(1.4 1.47403e-19 0)
(1.4 2.01049e-16 0)
(1.4 5.32084e-16 0)
(1.4 3.83631e-16 0)
(1.4 3.8855e-16 0)
(1.4 6.32633e-16 0)
(1.4 6.79857e-16 0)
(1.4 6.69328e-16 0)
(1.4 7.48428e-16 0)
(1.4 9.53032e-16 0)
(1.4 1.04691e-15 0)
(1.4 9.90791e-16 0)
(1.4 8.01782e-16 0)
(1.4 3.17073e-16 0)
(1.4 1.6745e-16 0)
(1.4 1.68912e-16 0)
(1.4 2.22659e-16 0)
(1.4 3.71389e-16 0)
(1.4 2.89233e-16 0)
(1.4 1.72851e-16 0)
(1.4 -2.19377e-16 0)
(1.4 -5.41718e-16 0)
(1.4 -8.60089e-16 0)
(1.4 -1.11658e-15 0)
(1.4 -1.50295e-15 0)
(1.4 -2.00273e-15 0)
(1.4 -2.35515e-15 0)
(1.4 -2.80227e-15 0)
(1.4 -3.31526e-15 0)
(1.4 -3.58747e-15 0)
(1.4 -3.75182e-15 0)
(1.4 -3.84566e-15 0)
(1.4 -3.70629e-15 0)
(1.4 -3.26678e-15 0)
(1.4 -2.91328e-15 0)
(1.4 -2.49391e-15 0)
(1.4 -1.96459e-15 0)
(1.4 -1.66301e-15 0)
(1.4 -1.41219e-15 0)
(1.4 -1.40452e-15 0)
(1.4 -1.10145e-15 0)
(1.4 -9.4365e-16 0)
(1.4 -8.04083e-16 0)
(1.4 -6.77692e-16 0)
(1.4 -5.11103e-16 0)
(1.4 -3.62329e-16 0)
(1.4 -3.82631e-16 0)
(1.4 -3.73008e-16 0)
(1.4 -2.68857e-16 0)
(1.4 -2.61926e-16 0)
(1.4 -1.17989e-16 0)
(1.4 -2.43587e-16 0)
(1.4 -7.7487e-16 0)
(1.4 -1.26285e-15 0)
(1.4 -2.37151e-15 0)
(1.4 -2.80344e-15 0)
(1.4 -3.23445e-15 0)
(1.4 -3.51727e-15 0)
(1.4 -3.82219e-15 0)
(1.4 -3.94063e-15 0)
(1.4 -3.93398e-15 0)
(1.4 -3.72568e-15 0)
(1.4 -3.3734e-15 0)
(1.4 -3.22468e-15 0)
(1.4 -2.89373e-15 0)
(1.4 -2.70974e-15 0)
(1.4 -2.58898e-15 0)
(1.4 -2.2089e-15 0)
(1.4 -1.80229e-15 0)
(1.4 -1.52159e-15 0)
(1.4 -1.29478e-15 0)
(1.4 -1.17746e-15 0)
(1.4 -1.20796e-15 0)
(1.4 -1.25438e-15 0)
(1.4 -9.88626e-16 0)
(1.4 -5.53669e-16 0)
(1.4 4.80617e-16 0)
(1.4 4.22303e-16 0)
(1.4 1.11547e-15 0)
(1.4 1.88779e-15 0)
(1.4 1.97985e-15 0)
(1.4 2.04636e-15 0)
(1.4 2.08201e-15 0)
(1.4 2.23973e-15 0)
(1.4 2.68801e-15 0)
(1.4 3.27797e-15 0)
(1.4 3.43207e-15 0)
(1.4 3.72877e-15 0)
(1.4 4.15879e-15 0)
(1.4 4.36897e-15 0)
(1.4 4.47473e-15 0)
(1.4 4.49792e-15 0)
(1.4 4.41285e-15 0)
(1.4 4.25376e-15 0)
(1.4 3.60308e-15 0)
(1.4 3.30719e-15 0)
(1.4 3.01391e-15 0)
(1.4 2.86296e-15 0)
(1.4 2.88478e-15 0)
(1.4 2.65771e-15 0)
(1.4 2.72265e-15 0)
(1.4 2.90242e-15 0)
(1.4 2.99698e-15 0)
(1.4 3.12673e-15 0)
(1.4 3.0426e-15 0)
(1.4 2.99671e-15 0)
(1.4 3.26337e-15 0)
(1.4 3.078e-15 0)
(1.4 2.99746e-15 0)
(1.4 3.02137e-15 0)
(1.4 3.01358e-15 0)
(1.4 3.08549e-15 0)
(1.4 2.89914e-15 0)
(1.4 2.82391e-15 0)
(1.4 2.77347e-15 0)
(1.4 2.6012e-15 0)
(1.4 2.36077e-15 0)
(1.4 2.18677e-15 0)
(1.4 1.94225e-15 0)
(1.4 1.7526e-15 0)
(1.4 1.46834e-15 0)
(1.4 1.25259e-15 0)
(1.4 1.02892e-15 0)
(1.4 9.65949e-16 0)
(1.4 8.90012e-16 0)
(1.4 7.84267e-16 0)
(1.4 6.20225e-16 0)
(1.4 1.97716e-16 0)
(1.4 -4.31248e-17 0)
(1.4 -2.88849e-16 0)
(1.4 -1.61071e-16 0)
(1.4 -8.92065e-17 0)
(1.4 2.24541e-16 0)
(1.4 3.91105e-16 0)
(1.4 3.91598e-16 0)
(1.4 8.31745e-16 0)
(1.4 9.19252e-16 0)
(1.4 1.09657e-15 0)
(1.4 1.14166e-15 0)
(1.4 1.21819e-15 0)
(1.4 1.01e-15 0)
(1.4 8.44157e-16 0)
(1.4 6.73335e-16 0)
(1.4 2.23226e-16 0)
(1.4 -3.84746e-16 0)
(1.4 -1.17845e-15 0)
(1.4 -1.49059e-15 0)
(1.4 -1.65866e-15 0)
(1.4 -1.89217e-15 0)
(1.4 -2.16539e-15 0)
(1.4 -2.31279e-15 0)
(1.4 -2.56623e-15 0)
(1.4 -2.77874e-15 0)
(1.4 -2.83176e-15 0)
(1.4 -3.02369e-15 0)
(1.4 -3.06822e-15 0)
(1.4 -3.04343e-15 0)
(1.4 -2.90547e-15 0)
(1.4 -2.77974e-15 0)
(1.4 -2.66625e-15 0)
(1.4 -2.53966e-15 0)
(1.4 -2.35396e-15 0)
(1.4 -2.27256e-15 0)
(1.4 -2.32193e-15 0)
(1.4 -2.29875e-15 0)
(1.4 -2.16217e-15 0)
(1.4 -2.09682e-15 0)
(1.4 -1.87484e-15 0)
(1.4 -1.63332e-15 0)
(1.4 -1.59564e-15 0)
(1.4 -1.5409e-15 0)
(1.4 -1.56678e-15 0)
(1.4 -1.43339e-15 0)
(1.4 -1.18191e-15 0)
(1.4 -1.02905e-15 0)
(1.4 -8.13964e-16 0)
(1.4 -6.82773e-16 0)
(1.4 -4.26912e-16 0)
(1.4 -3.65126e-16 0)
(1.4 -3.79251e-16 0)
(1.4 -4.37962e-16 0)
(1.4 -4.02147e-16 0)
(1.4 -3.05046e-16 0)
(1.4 -3.07437e-16 0)
(1.4 -3.41377e-16 0)
(1.4 -3.03435e-16 0)
(1.4 -6.2197e-16 0)
(1.4 -1.35653e-15 0)
(1.4 -1.89295e-15 0)
(1.4 -2.38982e-15 0)
(1.4 -2.62218e-15 0)
(1.4 -2.76763e-15 0)
(1.4 -3.45017e-15 0)
(1.4 -3.6538e-15 0)
(1.4 -3.60237e-15 0)
(1.4 -3.1128e-15 0)
(1.4 -2.67281e-15 0)
(1.4 -2.11723e-15 0)
(1.4 -1.89661e-15 0)
(1.4 -1.48538e-15 0)
(1.4 -1.11237e-15 0)
(1.4 -7.91752e-16 0)
(1.4 -5.59478e-16 0)
(1.4 -7.18635e-16 0)
(1.4 -1.92005e-16 0)
(1.4 1.45358e-16 0)
(1.4 9.18431e-17 0)
(1.4 -3.64879e-16 0)
(1.4 -5.7053e-16 0)
(1.4 -5.29985e-16 0)
(1.4 -3.00047e-16 0)
(1.4 -3.80368e-16 0)
(1.4 -5.05046e-16 0)
(1.4 -9.09389e-17 0)
(1.4 3.59211e-16 0)
(1.4 9.97352e-16 0)
(1.4 2.18354e-15 0)
(1.4 3.01499e-15 0)
(1.4 3.33946e-15 0)
(1.4 3.45018e-15 0)
(1.4 3.51385e-15 0)
(1.4 3.15954e-15 0)
(1.4 2.7726e-15 0)
(1.4 2.36713e-15 0)
(1.4 1.89274e-15 0)
(1.4 1.5122e-15 0)
(1.4 9.98317e-16 0)
(1.4 7.88867e-16 0)
(1.4 8.25138e-16 0)
(1.4 9.06568e-16 0)
(1.4 8.34782e-16 0)
(1.4 9.4838e-16 0)
(1.4 1.21291e-15 0)
(1.4 1.53816e-15 0)
(1.4 1.69499e-15 0)
(1.4 1.91116e-15 0)
(1.4 2.00551e-15 0)
(1.4 2.10477e-15 0)
(1.4 2.28483e-15 0)
(1.4 2.4219e-15 0)
(1.4 2.56656e-15 0)
(1.4 2.84967e-15 0)
(1.4 3.12289e-15 0)
(1.4 3.4175e-15 0)
(1.4 3.27215e-15 0)
(1.4 3.09641e-15 0)
(1.4 2.87064e-15 0)
(1.4 2.78095e-15 0)
(1.4 2.80798e-15 0)
(1.4 2.72908e-15 0)
(1.4 2.67272e-15 0)
(1.4 2.41236e-15 0)
(1.4 2.06985e-15 0)
(1.4 2.00552e-15 0)
(1.4 1.86048e-15 0)
(1.4 1.41241e-15 0)
(1.4 1.28491e-15 0)
(1.4 1.34053e-15 0)
(1.4 1.30032e-15 0)
(1.4 1.34922e-15 0)
(1.4 1.33671e-15 0)
(1.4 1.38179e-15 0)
(1.4 1.36024e-15 0)
(1.4 1.42675e-15 0)
(1.4 1.35552e-15 0)
(1.4 1.36594e-15 0)
(1.4 1.20093e-15 0)
(1.4 8.57967e-16 0)
(1.4 1.36932e-15 0)
(1.4 1.90113e-15 0)
(1.4 1.79354e-15 0)
(1.4 1.74885e-15 0)
(1.4 1.31055e-15 0)
(1.4 7.79133e-16 0)
(1.4 -3.48306e-16 0)
(1.4 -7.46143e-16 0)
(1.4 -1.73011e-15 0)
(1.4 -2.12346e-15 0)
(1.4 -2.14998e-15 0)
(1.4 -2.79694e-15 0)
(1.4 -2.97107e-15 0)
(1.4 -3.30367e-15 0)
(1.4 -3.80268e-15 0)
(1.4 -4.0156e-15 0)
(1.4 -3.97271e-15 0)
(1.4 -4.04604e-15 0)
(1.4 -4.1179e-15 0)
(1.4 -3.67628e-15 0)
(1.4 -3.13833e-15 0)
(1.4 -2.48607e-15 0)
(1.4 -2.12128e-15 0)
(1.4 -1.78096e-15 0)
(1.4 -1.38638e-15 0)
(1.4 -1.10741e-15 0)
(1.4 -1.04149e-15 0)
(1.4 -8.04043e-16 0)
(1.4 -6.61062e-16 0)
(1.4 -8.04412e-16 0)
(1.4 -7.88994e-16 0)
(1.4 -1.20437e-15 0)
(1.4 -1.48136e-15 0)
(1.4 -1.53426e-15 0)
(1.4 -1.50009e-15 0)
(1.4 -1.3265e-15 0)
(1.4 -1.25521e-15 0)
(1.4 -9.31867e-16 0)
(1.4 -6.46942e-16 0)
(1.4 -3.95212e-16 0)
(1.4 -1.34522e-16 0)
(1.4 2.19762e-16 0)
(1.4 5.80245e-16 0)
(1.4 5.92582e-16 0)
(1.4 4.54262e-16 0)
(1.4 3.69923e-16 0)
(1.4 2.20363e-16 0)
(1.4 1.59711e-16 0)
(1.4 1.92214e-16 0)
(1.4 1.34692e-16 0)
(1.4 1.25065e-16 0)
(1.4 5.67286e-17 0)
(1.4 -1.16669e-16 0)
(1.4 -4.08229e-16 0)
(1.4 -5.42e-16 0)
(1.4 -7.12062e-16 0)
(1.4 -1.28494e-15 0)
(1.4 -1.68753e-15 0)
(1.4 -1.82333e-15 0)
(1.4 -1.81581e-15 0)
(1.4 -1.88672e-15 0)
(1.4 -1.53152e-15 0)
(1.4 -1.19494e-15 0)
(1.4 -5.093e-16 0)
(1.4 -1.40822e-16 0)
(1.4 4.12036e-17 0)
(1.4 1.74954e-17 0)
(1.4 8.91685e-17 0)
(1.4 9.92403e-16 0)
(1.4 1.32871e-15 0)
(1.4 1.55573e-15 0)
(1.4 1.56368e-15 0)
(1.4 1.47028e-15 0)
(1.4 1.55893e-15 0)
(1.4 1.56321e-15 0)
(1.4 1.65091e-15 0)
(1.4 1.76826e-15 0)
(1.4 1.83864e-15 0)
(1.4 1.98658e-15 0)
(1.4 2.06848e-15 0)
(1.4 2.15704e-15 0)
(1.4 1.76799e-15 0)
(1.4 1.51264e-15 0)
(1.4 1.30191e-15 0)
(1.4 1.28195e-15 0)
(1.4 1.49142e-15 0)
(1.4 1.45401e-15 0)
(1.4 1.48611e-15 0)
(1.4 1.52448e-15 0)
(1.4 1.50695e-15 0)
(1.4 1.5257e-15 0)
(1.4 1.58345e-15 0)
(1.4 1.50958e-15 0)
(1.4 1.42743e-15 0)
(1.4 1.30708e-15 0)
(1.4 1.17736e-15 0)
(1.4 9.46035e-16 0)
(1.4 6.9224e-16 0)
(1.4 6.55812e-16 0)
(1.4 4.31985e-16 0)
(1.4 3.35146e-16 0)
(1.4 2.30295e-16 0)
(1.4 6.5361e-16 0)
(1.4 8.87842e-16 0)
(1.4 1.21907e-15 0)
(1.4 1.64282e-15 0)
(1.4 2.0963e-15 0)
(1.4 2.33338e-15 0)
(1.4 2.43617e-15 0)
(1.4 2.46089e-15 0)
(1.4 2.42064e-15 0)
(1.4 2.35563e-15 0)
(1.4 2.31828e-15 0)
(1.4 2.14127e-15 0)
(1.4 2.02422e-15 0)
(1.4 2.16393e-15 0)
(1.4 2.05202e-15 0)
(1.4 1.77728e-15 0)
(1.4 1.62129e-15 0)
(1.4 1.10956e-15 0)
(1.4 9.88569e-16 0)
(1.4 8.88963e-16 0)
(1.4 1.00472e-15 0)
(1.4 1.26392e-15 0)
(1.4 1.84977e-15 0)
(1.4 1.99551e-15 0)
(1.4 2.01871e-15 0)
(1.4 1.93063e-15 0)
(1.4 1.57072e-15 0)
(1.4 1.08107e-15 0)
(1.4 8.70428e-16 0)
(1.4 1.12897e-15 0)
(1.4 1.28892e-15 0)
(1.4 1.06576e-15 0)
(1.4 8.27079e-16 0)
(1.4 2.44444e-16 0)
(1.4 -3.68991e-16 0)
(1.4 -7.11694e-16 0)
(1.4 -1.43581e-15 0)
(1.4 -1.67685e-15 0)
(1.4 -1.85755e-15 0)
(1.4 -2.00737e-15 0)
(1.4 -2.13467e-15 0)
(1.4 -2.39199e-15 0)
(1.4 -2.5486e-15 0)
(1.4 -2.62757e-15 0)
(1.4 -2.86062e-15 0)
(1.4 -2.96346e-15 0)
(1.4 -2.99345e-15 0)
(1.4 -2.90289e-15 0)
(1.4 -2.73842e-15 0)
(1.4 -2.59468e-15 0)
(1.4 -2.60684e-15 0)
(1.4 -2.48705e-15 0)
(1.4 -2.29879e-15 0)
(1.4 -2.07747e-15 0)
(1.4 -1.68539e-15 0)
(1.4 -1.73958e-15 0)
(1.4 -1.46854e-15 0)
(1.4 -6.3412e-16 0)
(1.4 -3.20303e-16 0)
(1.4 -2.58063e-16 0)
(1.4 -2.06944e-16 0)
(1.4 -2.33593e-16 0)
(1.4 -3.04605e-16 0)
(1.4 1.13961e-16 0)
(1.4 3.41897e-16 0)
(1.4 5.57715e-16 0)
(1.4 6.41986e-16 0)
(1.4 5.9575e-16 0)
(1.4 5.69077e-16 0)
(1.4 8.40903e-16 0)
(1.4 9.60573e-16 0)
(1.4 9.89613e-16 0)
(1.4 1.05325e-15 0)
(1.4 7.33039e-16 0)
(1.4 4.79155e-16 0)
(1.4 1.75204e-16 0)
(1.4 -2.18794e-16 0)
(1.4 -4.20927e-16 0)
(1.4 -5.0746e-16 0)
(1.4 -5.7928e-16 0)
(1.4 -4.50207e-16 0)
(1.4 -3.71568e-16 0)
(1.4 -2.31676e-16 0)
(1.4 -1.03353e-16 0)
(1.4 -1.73615e-16 0)
(1.4 -3.68476e-16 0)
(1.4 -4.70322e-16 0)
(1.4 8.49621e-17 0)
(1.4 7.2457e-17 0)
(1.4 4.19389e-16 0)
(1.4 8.52873e-16 0)
(1.4 1.12075e-15 0)
(1.4 1.37278e-15 0)
(1.4 1.78942e-15 0)
(1.4 1.94292e-15 0)
(1.4 2.01726e-15 0)
(1.4 1.896e-15 0)
(1.4 2.12151e-15 0)
(1.4 2.2664e-15 0)
(1.4 2.70717e-15 0)
(1.4 3.40369e-15 0)
(1.4 3.9344e-15 0)
(1.4 3.94413e-15 0)
(1.4 3.74233e-15 0)
(1.4 3.29945e-15 0)
(1.4 2.9355e-15 0)
(1.4 2.80344e-15 0)
(1.4 2.66032e-15 0)
(1.4 2.34475e-15 0)
(1.4 2.12739e-15 0)
(1.4 2.03956e-15 0)
(1.4 2.02712e-15 0)
(1.4 1.90104e-15 0)
(1.4 1.80348e-15 0)
(1.4 1.90933e-15 0)
(1.4 1.87762e-15 0)
(1.4 1.82687e-15 0)
(1.4 2.1983e-15 0)
(1.4 2.4037e-15 0)
(1.4 2.56863e-15 0)
(1.4 2.67921e-15 0)
(1.4 2.69294e-15 0)
(1.4 2.65573e-15 0)
(1.4 2.59584e-15 0)
(1.4 2.49347e-15 0)
(1.4 2.11299e-15 0)
(1.4 1.63777e-15 0)
(1.4 1.27892e-15 0)
(1.4 1.01038e-15 0)
(1.4 8.92818e-16 0)
(1.4 8.1446e-16 0)
(1.4 6.81349e-16 0)
(1.4 6.96504e-16 0)
(1.4 7.61164e-16 0)
(1.4 9.66443e-16 0)
(1.4 1.147e-15 0)
(1.4 1.26135e-15 0)
(1.4 1.23031e-15 0)
(1.4 1.4584e-15 0)
(1.4 1.68805e-15 0)
(1.4 1.83141e-15 0)
(1.4 1.74861e-15 0)
(1.4 1.56658e-15 0)
(1.4 1.3531e-15 0)
(1.4 1.19249e-15 0)
(1.4 1.25306e-15 0)
(1.4 1.00489e-15 0)
(1.4 6.06923e-16 0)
(1.4 5.83842e-16 0)
(1.4 3.25252e-16 0)
(1.4 -2.05559e-17 0)
(1.4 -2.74289e-16 0)
(1.4 -2.56196e-16 0)
(1.4 -1.96818e-16 0)
(1.4 -1.8497e-16 0)
(1.4 -2.42444e-16 0)
(1.4 -1.20802e-16 0)
(1.4 1.24948e-16 0)
(1.4 1.04759e-16 0)
(1.4 1.45951e-16 0)
(1.4 2.70456e-16 0)
(1.4 1.64242e-16 0)
(1.4 3.61934e-17 0)
(1.4 -4.32446e-16 0)
(1.4 -1.56128e-15 0)
(1.4 -2.06687e-15 0)
(1.4 -2.35229e-15 0)
(1.4 -2.41781e-15 0)
(1.4 -2.40775e-15 0)
(1.4 -2.32278e-15 0)
(1.4 -1.97992e-15 0)
(1.4 -1.69599e-15 0)
(1.4 -1.57858e-15 0)
(1.4 -1.52532e-15 0)
(1.4 -1.70839e-15 0)
(1.4 -1.79854e-15 0)
(1.4 -1.83021e-15 0)
(1.4 -1.64016e-15 0)
(1.4 -1.51948e-15 0)
(1.4 -1.34402e-15 0)
(1.4 -1.29163e-15 0)
(1.4 -1.35205e-15 0)
(1.4 -1.39795e-15 0)
(1.4 -1.62518e-15 0)
(1.4 -1.85149e-15 0)
(1.4 -1.69164e-15 0)
(1.4 -1.82791e-15 0)
(1.4 -1.80532e-15 0)
(1.4 -1.68937e-15 0)
(1.4 -1.39684e-15 0)
(1.4 -1.12929e-15 0)
(1.4 -9.83777e-16 0)
(1.4 -4.07193e-16 0)
(1.4 -1.16077e-16 0)
(1.4 1.86042e-16 0)
(1.4 4.64557e-16 0)
(1.4 6.8213e-16 0)
(1.4 8.57743e-16 0)
(1.4 7.83869e-16 0)
(1.4 1.02768e-15 0)
(1.4 7.22699e-16 0)
(1.4 3.8494e-16 0)
(1.4 2.24962e-16 0)
(1.4 8.36212e-18 0)
(1.4 -4.09115e-16 0)
(1.4 -1.02675e-15 0)
(1.4 -1.25611e-15 0)
(1.4 -1.58362e-15 0)
(1.4 -1.61807e-15 0)
(1.4 -1.63795e-15 0)
(1.4 -1.60361e-15 0)
(1.4 -1.52355e-15 0)
(1.4 -1.37618e-15 0)
(1.4 -1.08932e-15 0)
(1.4 -5.86729e-16 0)
(1.4 -3.98244e-16 0)
(1.4 -3.36012e-16 0)
(1.4 5.82529e-17 0)
(1.4 3.08249e-16 0)
(1.4 1.0086e-15 0)
(1.4 1.99502e-15 0)
(1.4 2.05911e-15 0)
(1.4 2.31646e-15 0)
(1.4 2.47614e-15 0)
(1.4 2.77369e-15 0)
(1.4 2.9581e-15 0)
(1.4 3.02096e-15 0)
(1.4 3.07727e-15 0)
(1.4 2.9735e-15 0)
(1.4 2.69209e-15 0)
(1.4 2.50764e-15 0)
(1.4 2.68893e-15 0)
(1.4 2.51398e-15 0)
(1.4 2.29117e-15 0)
(1.4 2.26301e-15 0)
(1.4 2.33794e-15 0)
(1.4 2.26431e-15 0)
(1.4 2.05388e-15 0)
(1.4 1.78706e-15 0)
(1.4 1.74332e-15 0)
(1.4 1.52757e-15 0)
(1.4 1.20517e-15 0)
(1.4 1.14829e-15 0)
(1.4 1.15249e-15 0)
(1.4 1.25653e-15 0)
(1.4 1.56246e-15 0)
(1.4 1.71506e-15 0)
(1.4 1.84023e-15 0)
(1.4 1.95813e-15 0)
(1.4 1.79385e-15 0)
(1.4 1.41573e-15 0)
(1.4 1.39346e-15 0)
(1.4 1.29383e-15 0)
(1.4 1.16366e-15 0)
(1.4 1.09562e-15 0)
(1.4 9.32857e-16 0)
(1.4 8.34947e-16 0)
(1.4 6.76058e-16 0)
(1.4 6.88832e-16 0)
(1.4 7.41077e-16 0)
(1.4 6.46911e-16 0)
(1.4 6.28679e-16 0)
(1.4 2.47318e-16 0)
(1.4 1.43799e-16 0)
(1.4 1.83061e-16 0)
(1.4 2.43678e-16 0)
(1.4 2.99892e-16 0)
(1.4 2.12426e-16 0)
(1.4 3.71846e-16 0)
(1.4 4.83197e-16 0)
(1.4 4.88483e-16 0)
(1.4 3.98436e-16 0)
(1.4 2.75507e-16 0)
(1.4 2.16503e-16 0)
(1.4 1.86094e-16 0)
(1.4 2.57964e-16 0)
(1.4 -1.9882e-16 0)
(1.4 -6.79846e-16 0)
(1.4 -1.11414e-15 0)
(1.4 -1.35205e-15 0)
(1.4 -1.65996e-15 0)
(1.4 -1.95511e-15 0)
(1.4 -2.14257e-15 0)
(1.4 -2.15736e-15 0)
(1.4 -2.21615e-15 0)
(1.4 -2.25323e-15 0)
(1.4 -1.95753e-15 0)
(1.4 -1.52002e-15 0)
(1.4 -1.27333e-15 0)
(1.4 -1.19842e-15 0)
(1.4 -7.49015e-16 0)
(1.4 -3.58454e-16 0)
(1.4 1.95527e-17 0)
(1.4 8.90553e-16 0)
(1.4 6.69987e-16 0)
(1.4 1.58433e-16 0)
(1.4 -3.90696e-16 0)
(1.4 -6.43075e-16 0)
(1.4 -6.6967e-16 0)
(1.4 -6.06743e-16 0)
(1.4 -4.21042e-16 0)
(1.4 -3.0633e-16 0)
(1.4 -2.15519e-16 0)
(1.4 -1.48536e-17 0)
(1.4 -5.41222e-17 0)
(1.4 -4.12188e-16 0)
(1.4 -7.46776e-16 0)
(1.4 -8.83807e-16 0)
(1.4 -8.00502e-16 0)
(1.4 -5.62931e-16 0)
(1.4 -3.35534e-16 0)
(1.4 -2.92429e-16 0)
(1.4 -3.52685e-16 0)
(1.4 -4.09602e-16 0)
(1.4 -2.23023e-16 0)
(1.4 -1.13922e-16 0)
(1.4 -7.82481e-17 0)
(1.4 -5.25828e-17 0)
(1.4 -1.40118e-16 0)
(1.4 -3.38939e-16 0)
(1.4 -5.52505e-16 0)
(1.4 -7.48974e-16 0)
(1.4 -9.02446e-16 0)
(1.4 -8.44867e-16 0)
(1.4 -4.79968e-16 0)
(1.4 -2.43674e-16 0)
(1.4 1.16603e-16 0)
(1.4 1.78947e-16 0)
(1.4 3.30805e-16 0)
(1.4 5.39142e-16 0)
(1.4 7.55343e-16 0)
(1.4 4.12706e-16 0)
(1.4 1.60347e-16 0)
(1.4 -1.73808e-16 0)
(1.4 -9.73098e-16 0)
(1.4 -1.50256e-15 0)
(1.4 -2.04561e-15 0)
(1.4 -2.16959e-15 0)
(1.4 -2.32884e-15 0)
(1.4 -2.09595e-15 0)
(1.4 -1.74479e-15 0)
(1.4 -1.52286e-15 0)
(1.4 -1.38373e-15 0)
(1.4 -1.08988e-15 0)
(1.4 -1.00844e-15 0)
(1.4 -3.28528e-16 0)
(1.4 4.41837e-16 0)
(1.4 9.13217e-16 0)
(1.4 1.2714e-15 0)
(1.4 1.83361e-15 0)
(1.4 2.31563e-15 0)
(1.4 2.88171e-15 0)
(1.4 3.15312e-15 0)
(1.4 3.86035e-15 0)
(1.4 3.92262e-15 0)
(1.4 3.7621e-15 0)
(1.4 3.59214e-15 0)
(1.4 3.30509e-15 0)
(1.4 2.93628e-15 0)
(1.4 2.7515e-15 0)
(1.4 2.7723e-15 0)
(1.4 2.43514e-15 0)
(1.4 2.26133e-15 0)
(1.4 1.94063e-15 0)
(1.4 1.81182e-15 0)
(1.4 1.52748e-15 0)
(1.4 1.4601e-15 0)
(1.4 1.47685e-15 0)
(1.4 1.48707e-15 0)
(1.4 1.39559e-15 0)
(1.4 1.35583e-15 0)
(1.4 1.20036e-15 0)
(1.4 1.19044e-15 0)
(1.4 1.24058e-15 0)
(1.4 1.45059e-15 0)
(1.4 1.67837e-15 0)
(1.4 1.87429e-15 0)
(1.4 1.98181e-15 0)
(1.4 1.71784e-15 0)
(1.4 1.56523e-15 0)
(1.4 1.2116e-15 0)
(1.4 8.65307e-16 0)
(1.4 3.79492e-16 0)
(1.4 8.41739e-17 0)
(1.4 -3.15105e-16 0)
(1.4 -4.86941e-16 0)
(1.4 -6.20254e-16 0)
(1.4 -5.34858e-16 0)
(1.4 -4.97572e-16 0)
(1.4 -3.55082e-16 0)
(1.4 -1.29306e-17 0)
(1.4 2.1387e-16 0)
(1.4 3.64566e-16 0)
(1.4 4.6276e-16 0)
(1.4 8.36021e-16 0)
(1.4 9.43513e-16 0)
(1.4 8.83571e-16 0)
(1.4 9.62553e-16 0)
(1.4 1.06181e-15 0)
(1.4 1.0949e-15 0)
(1.4 1.04522e-15 0)
(1.4 1.00973e-15 0)
(1.4 7.6872e-16 0)
(1.4 5.26749e-16 0)
(1.4 3.57462e-16 0)
(1.4 4.74249e-16 0)
(1.4 5.87397e-17 0)
(1.4 -9.45422e-18 0)
(1.4 -6.38463e-16 0)
(1.4 -8.38305e-16 0)
(1.4 -1.05159e-15 0)
(1.4 -1.65798e-15 0)
(1.4 -2.26503e-15 0)
(1.4 -2.82317e-15 0)
(1.4 -3.15611e-15 0)
(1.4 -3.39104e-15 0)
(1.4 -3.69579e-15 0)
(1.4 -3.74418e-15 0)
(1.4 -3.12908e-15 0)
(1.4 -2.2734e-15 0)
(1.4 -2.06835e-15 0)
(1.4 -1.72417e-15 0)
(1.4 -1.57923e-15 0)
(1.4 -1.10577e-15 0)
(1.4 -4.16541e-16 0)
(1.4 2.23247e-15 0)
(1.4 2.19123e-15 0)
(1.4 1.76623e-15 0)
(1.4 1.74189e-15 0)
(1.4 1.9063e-15 0)
(1.4 1.92052e-15 0)
(1.4 2.19356e-15 0)
(1.4 2.41617e-15 0)
(1.4 2.61657e-15 0)
(1.4 2.50021e-15 0)
(1.4 2.15372e-15 0)
(1.4 1.95838e-15 0)
(1.4 1.64212e-15 0)
(1.4 1.50985e-15 0)
(1.4 1.36522e-15 0)
(1.4 1.26105e-15 0)
(1.4 1.16892e-15 0)
(1.4 1.05656e-15 0)
(1.4 1.01321e-15 0)
(1.4 1.07903e-15 0)
(1.4 1.16726e-15 0)
(1.4 9.16324e-16 0)
(1.4 9.38159e-16 0)
(1.4 9.20028e-16 0)
(1.4 8.49362e-16 0)
(1.4 7.83154e-16 0)
(1.4 4.71092e-16 0)
(1.4 1.65302e-16 0)
(1.4 -5.66396e-17 0)
(1.4 -1.58129e-16 0)
(1.4 -2.17677e-16 0)
(1.4 -1.43986e-16 0)
(1.4 -3.85964e-17 0)
(1.4 -5.00237e-17 0)
(1.4 -1.01541e-16 0)
(1.4 -1.62497e-16 0)
(1.4 -4.01346e-16 0)
(1.4 -5.2161e-16 0)
(1.4 -6.02262e-16 0)
(1.4 -9.7655e-16 0)
(1.4 -1.04799e-15 0)
(1.4 -1.14595e-15 0)
(1.4 -1.52228e-15 0)
(1.4 -1.45257e-15 0)
(1.4 -1.44913e-15 0)
(1.4 -1.38049e-15 0)
(1.4 -1.21058e-15 0)
(1.4 -1.22308e-15 0)
(1.4 -1.025e-15 0)
(1.4 -6.35657e-16 0)
(1.4 -3.49519e-16 0)
(1.4 7.25653e-17 0)
(1.4 3.78221e-16 0)
(1.4 7.06136e-16 0)
(1.4 9.35058e-16 0)
(1.4 1.06149e-15 0)
(1.4 1.77309e-15 0)
(1.4 2.01392e-15 0)
(1.4 2.69417e-15 0)
(1.4 2.92839e-15 0)
(1.4 3.00334e-15 0)
(1.4 3.0085e-15 0)
(1.4 2.98757e-15 0)
(1.4 2.93346e-15 0)
(1.4 2.9441e-15 0)
(1.4 3.01231e-15 0)
(1.4 2.99424e-15 0)
(1.4 2.98267e-15 0)
(1.4 3.03647e-15 0)
(1.4 2.63679e-15 0)
(1.4 2.41474e-15 0)
(1.4 2.08748e-15 0)
(1.4 1.87671e-15 0)
(1.4 1.42074e-15 0)
)
;

boundaryField
{
    inlet
    {
        type            fixedValue;
        value           nonuniform 0();
    }
    outlet
    {
        type            inletOutlet;
        inletValue      nonuniform 0();
        value           nonuniform 0();
    }
    bottom
    {
        type            symmetryPlane;
    }
    top
    {
        type            symmetryPlane;
    }
    obstacle
    {
        type            slip;
    }
    front
    {
        type            empty;
    }
    back
    {
        type            empty;
    }
    procBoundary9to1
    {
        type            processor;
        value           nonuniform List<vector> 
133
(
(1.4 1.66668e-15 0)
(1.4 1.57341e-15 0)
(1.4 1.3245e-15 0)
(1.4 1.22017e-15 0)
(1.4 8.56238e-16 0)
(1.4 7.17625e-16 0)
(1.4 5.62365e-16 0)
(1.4 4.87437e-16 0)
(1.4 5.04196e-16 0)
(1.4 4.25661e-16 0)
(1.4 3.73851e-16 0)
(1.4 2.41286e-16 0)
(1.4 6.77005e-17 0)
(1.4 -1.20272e-16 0)
(1.4 -4.32305e-16 0)
(1.4 -5.09503e-16 0)
(1.4 -4.48583e-16 0)
(1.4 -4.98527e-16 0)
(1.4 -2.86401e-16 0)
(1.4 -5.15927e-17 0)
(1.4 3.45902e-16 0)
(1.4 4.78073e-16 0)
(1.4 8.6329e-16 0)
(1.4 9.86992e-16 0)
(1.4 1.49888e-15 0)
(1.4 2.36796e-15 0)
(1.4 2.84848e-15 0)
(1.4 2.97478e-15 0)
(1.4 2.92632e-15 0)
(1.4 2.88753e-15 0)
(1.4 2.78817e-15 0)
(1.4 2.49164e-15 0)
(1.4 2.40896e-15 0)
(1.4 2.36791e-15 0)
(1.4 2.36796e-15 0)
(1.4 2.4426e-15 0)
(1.4 2.43318e-15 0)
(1.4 2.35893e-15 0)
(1.4 2.45532e-15 0)
(1.4 2.44719e-15 0)
(1.4 2.28663e-15 0)
(1.4 2.0995e-15 0)
(1.4 2.08077e-15 0)
(1.4 1.9071e-15 0)
(1.4 1.53206e-15 0)
(1.4 9.75212e-16 0)
(1.4 6.1082e-16 0)
(1.4 1.4959e-16 0)
(1.4 -5.02412e-16 0)
(1.4 -8.47828e-16 0)
(1.4 -1.04352e-15 0)
(1.4 -1.23735e-15 0)
(1.4 -1.266e-15 0)
(1.4 -1.34901e-15 0)
(1.4 -1.46556e-15 0)
(1.4 -1.61789e-15 0)
(1.4 -1.9971e-15 0)
(1.4 -2.32266e-15 0)
(1.4 -2.45515e-15 0)
(1.4 -2.41969e-15 0)
(1.4 -2.34941e-15 0)
(1.4 -2.09825e-15 0)
(1.4 -1.51292e-15 0)
(1.4 -1.31013e-15 0)
(1.4 -9.1371e-16 0)
(1.4 -6.41307e-16 0)
(1.4 -3.83855e-16 0)
(1.4 -2.46687e-16 0)
(1.4 1.03624e-16 0)
(1.4 2.5891e-16 0)
(1.4 5.14916e-16 0)
(1.4 5.93949e-16 0)
(1.4 3.47453e-16 0)
(1.4 1.43266e-16 0)
(1.4 -6.30809e-17 0)
(1.4 -1.92709e-16 0)
(1.4 -3.22359e-16 0)
(1.4 -7.3864e-16 0)
(1.4 -9.62969e-16 0)
(1.4 -1.50915e-15 0)
(1.4 -2.56661e-15 0)
(1.4 -2.96205e-15 0)
(1.4 -3.21121e-15 0)
(1.4 -2.94215e-15 0)
(1.4 -2.68225e-15 0)
(1.4 -2.13046e-15 0)
(1.4 -1.6967e-15 0)
(1.4 -1.45908e-15 0)
(1.4 -7.80725e-16 0)
(1.4 -5.58255e-16 0)
(1.4 -5.56667e-16 0)
(1.4 -6.66816e-16 0)
(1.4 -9.65913e-16 0)
(1.4 -1.13963e-15 0)
(1.4 -1.68315e-15 0)
(1.4 2.09779e-15 0)
(1.4 1.84337e-15 0)
(1.4 1.58754e-15 0)
(1.4 1.31089e-15 0)
(1.4 1.23302e-15 0)
(1.4 1.2006e-15 0)
(1.4 1.27524e-15 0)
(1.4 1.27981e-15 0)
(1.4 1.33131e-15 0)
(1.4 1.57196e-15 0)
(1.4 1.75126e-15 0)
(1.4 1.85782e-15 0)
(1.4 1.90126e-15 0)
(1.4 1.95078e-15 0)
(1.4 1.93152e-15 0)
(1.4 1.93158e-15 0)
(1.4 2.03975e-15 0)
(1.4 2.26584e-15 0)
(1.4 2.34257e-15 0)
(1.4 2.56161e-15 0)
(1.4 2.65118e-15 0)
(1.4 2.75898e-15 0)
(1.4 2.84105e-15 0)
(1.4 2.77658e-15 0)
(1.4 2.9289e-15 0)
(1.4 2.85422e-15 0)
(1.4 2.87211e-15 0)
(1.4 2.95941e-15 0)
(1.4 2.9978e-15 0)
(1.4 2.99097e-15 0)
(1.4 3.03214e-15 0)
(1.4 2.9801e-15 0)
(1.4 3.07375e-15 0)
(1.4 3.04867e-15 0)
(1.4 3.05385e-15 0)
(1.4 3.09683e-15 0)
(1.4 3.06325e-15 0)
(1.4 3.06325e-15 0)
)
;
    }
    procBoundary9to8
    {
        type            processor;
        value           nonuniform List<vector> 
17
(
(1.4 -4.37612e-16 0)
(1.4 -3.13712e-15 0)
(1.4 -3.95612e-15 0)
(1.4 -1.88946e-15 0)
(1.4 6.50556e-16 0)
(1.4 3.39418e-17 0)
(1.4 -4.99629e-16 0)
(1.4 1.56418e-15 0)
(1.4 1.49867e-15 0)
(1.4 -2.81185e-16 0)
(1.4 -5.5212e-16 0)
(1.4 2.48329e-16 0)
(1.4 7.19149e-16 0)
(1.4 6.43113e-16 0)
(1.4 9.32416e-16 0)
(1.4 2.44202e-16 0)
(1.4 1.3857e-15 0)
)
;
    }
    procBoundary9to10
    {
        type            processor;
        value           nonuniform List<vector> 
16
(
(1.4 -1.93871e-15 0)
(1.4 -2.12922e-15 0)
(1.4 -1.62424e-15 0)
(1.4 -1.2894e-15 0)
(1.4 -2.42198e-15 0)
(1.4 -7.85356e-16 0)
(1.4 5.03261e-16 0)
(1.4 5.23179e-17 0)
(1.4 -9.54665e-16 0)
(1.4 -1.37682e-15 0)
(1.4 3.589e-16 0)
(1.4 9.04221e-16 0)
(1.4 3.54671e-16 0)
(1.4 7.49452e-16 0)
(1.4 2.54717e-16 0)
(1.4 2.4402e-16 0)
)
;
    }
    procBoundary9to16
    {
        type            processor;
        value           uniform (1.4 2.61058e-15 0);
    }
    procBoundary9to17
    {
        type            processor;
        value           nonuniform List<vector> 
133
(
(1.4 9.4615e-16 0)
(1.4 6.78198e-16 0)
(1.4 7.2977e-16 0)
(1.4 7.71874e-16 0)
(1.4 9.20176e-16 0)
(1.4 9.21922e-16 0)
(1.4 9.65738e-16 0)
(1.4 8.68347e-16 0)
(1.4 6.69802e-16 0)
(1.4 4.49266e-16 0)
(1.4 3.80039e-17 0)
(1.4 -1.3447e-16 0)
(1.4 -3.40815e-16 0)
(1.4 -5.7992e-16 0)
(1.4 -7.97423e-16 0)
(1.4 -1.02606e-15 0)
(1.4 -1.25311e-15 0)
(1.4 -1.34273e-15 0)
(1.4 -1.38919e-15 0)
(1.4 -1.25232e-15 0)
(1.4 -1.03916e-15 0)
(1.4 -8.37807e-16 0)
(1.4 -5.40882e-16 0)
(1.4 -4.6796e-16 0)
(1.4 -4.92541e-16 0)
(1.4 -1.60066e-16 0)
(1.4 4.02552e-16 0)
(1.4 1.11379e-15 0)
(1.4 1.60611e-15 0)
(1.4 1.68735e-15 0)
(1.4 1.72433e-15 0)
(1.4 1.63847e-15 0)
(1.4 1.40621e-15 0)
(1.4 1.1181e-15 0)
(1.4 6.17973e-16 0)
(1.4 3.4876e-16 0)
(1.4 2.68805e-16 0)
(1.4 2.31832e-16 0)
(1.4 1.4e-16 0)
(1.4 6.6302e-18 0)
(1.4 -2.09791e-16 0)
(1.4 -5.70951e-16 0)
(1.4 -6.48259e-16 0)
(1.4 -1.06073e-15 0)
(1.4 -1.55177e-15 0)
(1.4 -2.20061e-15 0)
(1.4 -2.9922e-15 0)
(1.4 -3.41596e-15 0)
(1.4 -3.41157e-15 0)
(1.4 -3.34252e-15 0)
(1.4 -3.32992e-15 0)
(1.4 -3.1097e-15 0)
(1.4 -2.83974e-15 0)
(1.4 -2.60914e-15 0)
(1.4 -2.59063e-15 0)
(1.4 -2.33083e-15 0)
(1.4 -1.84958e-15 0)
(1.4 -1.48785e-15 0)
(1.4 2.35339e-15 0)
(1.4 2.21207e-15 0)
(1.4 1.92303e-15 0)
(1.4 1.89777e-15 0)
(1.4 2.27597e-15 0)
(1.4 2.56656e-15 0)
(1.4 3.02697e-15 0)
(1.4 3.1764e-15 0)
(1.4 3.10537e-15 0)
(1.4 3.10059e-15 0)
(1.4 2.93317e-15 0)
(1.4 2.8106e-15 0)
(1.4 2.89109e-15 0)
(1.4 2.88111e-15 0)
(1.4 2.75339e-15 0)
(1.4 2.51026e-15 0)
(1.4 2.15286e-15 0)
(1.4 1.48125e-15 0)
(1.4 7.78978e-16 0)
(1.4 3.9519e-16 0)
(1.4 2.76109e-16 0)
(1.4 3.30804e-16 0)
(1.4 4.28618e-16 0)
(1.4 4.33938e-16 0)
(1.4 5.66238e-16 0)
(1.4 7.48481e-16 0)
(1.4 9.07342e-16 0)
(1.4 1.36721e-15 0)
(1.4 1.37786e-15 0)
(1.4 1.32989e-15 0)
(1.4 1.05074e-15 0)
(1.4 8.42933e-16 0)
(1.4 4.80262e-16 0)
(1.4 1.26608e-17 0)
(1.4 -3.90587e-16 0)
(1.4 -5.45885e-16 0)
(1.4 -1.26809e-15 0)
(1.4 -1.64758e-15 0)
(1.4 -1.6859e-15 0)
(1.4 -1.48104e-15 0)
(1.4 -1.20684e-15 0)
(1.4 -5.04205e-16 0)
(1.4 -6.05657e-17 0)
(1.4 3.95006e-16 0)
(1.4 5.3412e-16 0)
(1.4 5.80538e-16 0)
(1.4 6.57306e-16 0)
(1.4 7.22901e-16 0)
(1.4 7.83428e-16 0)
(1.4 8.5345e-16 0)
(1.4 9.71826e-16 0)
(1.4 8.96624e-16 0)
(1.4 8.42959e-16 0)
(1.4 7.6129e-16 0)
(1.4 8.14649e-16 0)
(1.4 8.84029e-16 0)
(1.4 9.52889e-16 0)
(1.4 1.01644e-15 0)
(1.4 1.22279e-15 0)
(1.4 1.25556e-15 0)
(1.4 1.49172e-15 0)
(1.4 1.55e-15 0)
(1.4 1.44746e-15 0)
(1.4 1.43051e-15 0)
(1.4 1.84371e-15 0)
(1.4 2.08779e-15 0)
(1.4 2.41116e-15 0)
(1.4 2.94934e-15 0)
(1.4 3.10559e-15 0)
(1.4 3.11628e-15 0)
(1.4 3.00313e-15 0)
(1.4 2.88438e-15 0)
(1.4 2.58575e-15 0)
(1.4 9.4615e-16 0)
(1.4 2.40843e-15 0)
)
;
    }
    procBoundary9to18
    {
        type            processor;
        value           nonuniform List<vector> 2((1.4 5.57328e-16 0) (1.4 4.38528e-16 0));
    }
}


// ************************************************************************* //
