/*--------------------------------*- C++ -*----------------------------------*\
  =========                 |
  \\      /  F ield         | OpenFOAM: The Open Source CFD Toolbox
   \\    /   O peration     | Website:  https://openfoam.org
    \\  /    A nd           | Version:  7
     \\/     M anipulation  |
\*---------------------------------------------------------------------------*/
FoamFile
{
    version     2.0;
    format      ascii;
    class       volScalarField;
    location    "5.5";
    object      p;
}
// * * * * * * * * * * * * * * * * * * * * * * * * * * * * * * * * * * * * * //

dimensions      [1 -1 -2 0 0 0 0];

internalField   nonuniform List<scalar> 
2413
(
1.2528
1.5533
1.74251
1.84217
1.8852
1.89185
1.8884
1.87713
1.86242
1.85166
1.84698
1.84354
1.83806
1.82998
1.82023
1.80892
1.79712
1.78787
1.78039
1.7723
1.76237
1.75052
1.73702
1.72216
1.70896
1.69932
1.69011
1.68
1
1
1
1
1
1
1
1
1
1
1
1
1
1
1
1
1
1
1
1
1
1
1
1
1
1
1
1
1
1
1
1
1
1
1
1
1
1
1
1
1
1
1
1
1
1
1
1
1
1
1
1
1
1
1
1
1
1.00003
1.00055
1.00675
1.04645
1.19453
1.48981
1.72184
1.83521
1.88229
1.89124
1.88922
1.87995
1.86641
1.85555
1.84979
1.84433
1.83767
1.82995
1.82046
1.80924
1.79736
1.78716
1.77991
1.77286
1.76435
1.75378
1.74058
1.72598
1.71336
1.70191
1.6909
1
1
1
1
1
1
1
1
1
1
1
1
1
1
1
1
1
1
1
1
1
1
1
1
1
1
1
1
1
1
1
1
1
1
1
1
1
1
1
1
1
1
1
1
1
1
1
1
1
1
1
1
1
1
1
1
1
1
1.00001
1.00028
1.00366
1.03083
1.14631
1.41777
1.69394
1.82282
1.87493
1.88875
1.88595
1.87708
1.86437
1.85317
1.84846
1.84527
1.83979
1.83167
1.82161
1.80902
1.79643
1.78632
1.77857
1.77238
1.76514
1.75514
1.74321
1.73054
1.71713
1.70416
1
1
1
1
1
1
1
1
1
1
1
1
1
1
1
1
1
1
1
1
1
1
1
1
1
1
1
1
1
1
1
1
1
1
1
1
1
1
1
1
1
1
1
1
1
1
1
1
1
1
1
1
1
1
1
1
1
1
1
1.00001
1.00012
1.00218
1.01886
1.10929
1.34137
1.65349
1.82806
1.8817
1.88989
1.88789
1.87791
1.86244
1.84915
1.84232
1.8412
1.83966
1.83181
1.82162
1.80889
1.79565
1.78554
1.77764
1.77141
1.764
1.75504
1.74479
1.73235
1.7192
1
1
1
1
1
1
1
1
1
1
1
1
1
1
1
1
1
1
1
1
1
1
1
1
1
1
1
1
1
1
1
1
1
1
1
1
1
1
1
1
1
1
1
1
1
1
1
1
1
1
1
1
1
1
1
1
1
1
1
1
1
1.00006
1.00105
1.01228
1.0761
1.28415
1.58205
1.79404
1.89159
1.90566
1.90156
1.88643
1.86366
1.84883
1.84129
1.8379
1.837
1.83009
1.8198
1.80803
1.79498
1.78464
1.77814
1.77021
1.76118
1.75291
1.7432
1.73205
1
1
1
1
1
1
1
1
1
1
1
1
1
1
1
1
1
1
1
1
1
1
1
1
1
1
1
1
1
1
1
1
1
1
1
1
1
1
1
1
1
1
1
1
1
1
1
1
1
1
1
1
1
1
1
1
1
1
1
1
1
1
1.00003
1.00059
1.00714
1.05232
1.22373
1.52199
1.74842
1.87608
1.90939
1.90658
1.89151
1.86737
1.85017
1.84169
1.83534
1.83119
1.82584
1.8178
1.80607
1.79366
1.78534
1.77727
1.76829
1.75948
1.74968
1.73984
1
1
1
1
1
1
1
1
1
1
1
1
1
1
1
1
1
1
1
1
1
1
1
1
1
1
1
1
1
1
1
1
1
1
1
1
1
1
1
1
1
1
1
1
1
1
1
1
1
1
1
1
1
1
1
1
1
1
1
1
1
1
1
1.00001
1.0003
1.00413
1.03487
1.17036
1.45455
1.71628
1.87077
1.90862
1.90729
1.89123
1.86983
1.85419
1.84569
1.83855
1.82879
1.81954
1.81114
1.8013
1.79268
1.78442
1.77541
1.76657
1.75712
1.74754
1
1
1
1
1
1
1
1
1
1
1
1
1
1
1
1
1
1
1
1
1
1
1
1
1
1
1
1
1
1
1
1
1
1
1
1
1
1
1
1
1
1
1
1
1
1
1
1
1
1
1
1
1
1
1
1
1
1
1
1
1
1
1
1
1.00001
1.00014
1.0024
1.02304
1.12434
1.38334
1.6726
1.85423
1.90474
1.90539
1.89423
1.87931
1.86583
1.85399
1.84148
1.8297
1.8183
1.80653
1.79713
1.7894
1.78165
1.77377
1.76478
1.75504
1
1
1
1
1
1
1
1
1
1
1
1
1
1
1
1
1
1
1
1
1
1
1
1
1
1
1
1
1
1
1
1
1
1
1
1
1
1
1
1
1
1
1
1
1
1
1
1
1
1
1
1
1
1
1
1
1
1
1
1
1
1
1
1
1
1
1.00007
1.00129
1.01418
1.08908
1.31065
1.62365
1.80809
1.88667
1.90556
1.90161
1.88887
1.87378
1.85864
1.84383
1.82977
1.8177
1.80797
1.79863
1.78904
1.77949
1.7696
1.76015
1
1
1
1
1
1
1
1
1
1
1
1
1
1
1
1
1
1
1
1
1
1
1
1
1
1
1
1
1
1
1
1
1
1
1
1
1
1
1
1
1
1
1
1
1
1
1
1
1
1
1
1
1
1
1
1
1
1
1
1
1
1
1
1
1
1
1
1.00003
1.00072
1.0083
1.06083
1.23912
1.55112
1.79558
1.87477
1.89554
1.89483
1.88522
1.86953
1.85488
1.84188
1.83162
1.8227
1.81256
1.80124
1.78978
1.77853
1.76829
1
1
1
1
1
1
1
1
1
1
1
1
1
1
1
1
1
1
1
1
1
1
1
1
1
1
1
1
1
1
1
1
1
1
1
1
1
1
1
1
1
1
1
1
1
1
1
1
1
1
1
1
1
1
1
1
1
1
1
1
1
1
1
1
1
1
1
1
1.00002
1.00031
1.00507
1.03855
1.18314
1.46359
1.74986
1.88344
1.90417
1.90103
1.89365
1.87975
1.86309
1.84761
1.83483
1.82231
1.81032
1.79946
1.78933
1.77966
1
1
1
1
1
1
1
1
1
1
1
1
1
1
1
1
1
1
1
1
1
1
1
1
1
1
1
1
1
1
1
1
1
1
1
1
1
1
1
1
1
1
1
1
1
1
1
1
1
1
1
1
1
1
1
1
1
1
1
1
1
1
1
1
1
1
1
1
1
1.00001
1.00018
1.00241
1.02555
1.12943
1.3962
1.67855
1.84548
1.905
1.91005
1.90266
1.88752
1.86852
1.8518
1.83763
1.82518
1.81351
1.80189
1.79129
1
1
1
1
1
1
1
1
1
1
1
1
1
1
1
1
1
1
1
1
1
1
1
1
1
1
1
1
1
1
1
1
1
1
1
1
1
1
1
1
1
1
1
1
1
1
1
1
1
1
1
1
1
1
1
1
1
1
1
1
1
1
1
1
1
1
1
1
1
1
1
1.00007
1.00152
1.01404
1.09196
1.30714
1.63101
1.82631
1.88213
1.89302
1.89086
1.88066
1.86519
1.8524
1.84107
1.82966
1.81778
1.80663
1
1
1
1
1
1
1
1
1
1
1
1
1
1
1
1
1
1
1
1
1
1
1
1
1
1
1
1
1
1
1
1
1
1
1
1
1
1
1
1
1
1
1
1
1
1
1
1
1
1
1
1
1
1
1
1
1
1
1
1
1
1
1
1
1
1
1
1
1
1
1
1
1.00004
1.0006
1.00893
1.05916
1.24021
1.53286
1.78267
1.89336
1.90576
1.89939
1.88975
1.87682
1.86074
1.8457
1.8308
1.81783
1
1
1
1
1
1
1
1
1
1
1
1
1
1
1
1
1
1
1
1
1
1
1
1
1
1
1
1
1
1
1
1
1
1
1
1
1
1
1
1
1
1
1
1
1
1
1
1
1
1
1
1
1
1
1
1
1
1
1
1
1
1
1
1
1
1
1
1
1
1
1
1
1
1.00001
1.00037
1.00436
1.03757
1.17468
1.45535
1.73407
1.84746
1.88862
1.89872
1.89328
1.87703
1.86136
1.84534
1.8319
1
1
1
1
1
1
1
1
1
1
1
1
1
1
1
1
1
1
1
1
1
1
1
1
1
1
1
1
1
1
1
1
1
1
1
1
1
1
1
1
1
1
1
1
1
1
1
1
1
1
1
1
1
1
1
1
1
1
1
1
1
1
1
1
1
1
1
1
1
1
1
1
1
1
1.00001
1.00013
1.00243
1.0233
1.11682
1.37448
1.65212
1.84807
1.89422
1.8903
1.88494
1.87745
1.86224
1.84621
1
1
1
1
1
1
1
1
1
1
1
1
1
1
1
1
1
1
1
1
1
1
1
1
1
1
1
1
1
1
1
1
1
1
1
1
1
1
1
1
1
1
1
1
1
1
1
1
1
1
1
1
1
1
1
1
1
1
1
1
1
1
1
1
1
1
1
1
1
1
1
1
1
1
1
1
1.00007
1.0012
1.01193
1.08378
1.27853
1.57619
1.81083
1.87206
1.89085
1.88906
1.87867
1.86453
1
1
1
1
1
1
1
1
1
1
1
1
1
1
1
1
1
1
1
1
1
1
1
1
1
1
1
1
1
1
1
1
1
1
1
1
1
1
1
1
1
1
1
1
1
1
1
1
1
1
1
1
1
1
1
1
1
1
1
1
1
1
1
1
1
1
1
1
1
1
1
1
1
1
1
1
1
1.00002
1.00051
1.00711
1.05093
1.1951
1.51002
1.75178
1.84059
1.87327
1.88427
1.87806
1
1
1
1
1
1
1
1
1
1
1
1
1
1
1
1
1
1
1
1
1
1
1
1
1
1
1
1
1
1
1
1
1
1
1
1
1
1
1
1
1
1
1
1
1
1
1
1
1
1
1
1
1
1
1
1
1
1
1
1
1
1
1
1
1
1
1
1
1
1
1
1
1
1
1
1
1
1
1.00001
1.00024
1.00354
1.02838
1.1437
1.41526
1.65943
1.83348
1.8855
1.88813
1
1
1
1
1
1
1
1
1
1
1
1
1
1
1
1
1
1
1
1
1
1
1
1
1
1
1
1
1
1
1
1
1
1
1
1
1
1
1
1
1
1
1
1
1
1
1
1
1
1
1
1
1
1
1
1
1
1
1
1
1
1
1
1
1
1
1
1
1
1
1
1
1
1
1
1
1
1
1
1
1.00009
1.00169
1.01611
1.1005
1.29671
1.6017
1.79081
1.86136
1
1
1
1
1
1
1
1
1
1
1
1
1
1
1
1
1
1
1
1
1
1
1
1
1
1
1
1
1
1
1
1
1
1
1
1
1
1
1
1
1
1
1
1
1
1
1
1
1
1
1
1
1
1
1
1
1
1
1
1
1
1
1
1
1
1
1
1
1
1
1
1
1
1
1
1
1
1
1
1
1
1.00004
1.00071
1.00934
1.05689
1.21631
1.52255
1.73204
1
1
1
1
1
1
1
1
1
1
1
1
1
1
1
1
1
1
1
1
1
1
1
1
1
1
1
1
1
1
1
1
1
1
1
1
1
1
1
1
1
1
1
1
1
1
1
1
1
1
1
1
1
1
1
1
1
1
1
1
1
1
1
1
1
1
1
1
1
1
1
1
1
1
1
1
1
1
1
1
1
1
1.00001
1.00033
1.00426
1.03205
1.16228
1.41289
1
1
1
1
1
1
1
1
1
1
1
1
1
1
1
1
1
1
1
1
1
1
1
1
1
1
1
1
1
1
1
1
1
1
1
1
1
1
1
1
1
1
1
1
1
1
1
1
1
1
1
1
1
1
1
1
1
1
1
1
1
1
1
1
1
1
1
1
1
1
1
1
1
1
1
1
1
1
1
1
1
1
1
1
1.00012
1.00199
1.01931
1.10352
1
1
1
1
1
1
1
1
1
1
1
1
1
1
1
1
1
1
1
1
1
1
1
1
1
1
1
1
1
1
1
1
1
1
1
1
1
1
1
1
1
1
1
1
1
1
1
1
1
1
1
1
1
1
1
1
1
1
1
1
1
1
1
1
1
1
1
1
1
1
1
1
1
1
1
1
1
1
1
1
1
1
1
1
1
1.00005
1.0009
1.00952
1
1
1
1
1
1
1
1
1
1
1
1
1
1
1
1
1
1
1
1
1
1
1
1
1
1
1
1
1
1
1
1
1
1
1
1
1
1
1
1
1
1
1
1
1
1
1
1
1
1
1
1
1
1
1
1
1
1
1
1
1
1
1
1
1
1
1
1
1
1
1
1
1
1
1
1
1
1
1
1
1
1
1
1
1
1
1.00002
1.00033
1
1
1
1
1
1
1
1
1
1
1
1
1
1
1
1
1
1
1
1
1
1
1
1
1
1
1
1
1
1
1
1
1
1
1
1
1
1
1
1
1
1
1
1
1
1
1
1
1
1
1
1
1
1
1
1
1
1
1
1
1
1
1
1
1
1
1
1
1
1
1
1
1
1
1
1
1
1
1
1
1
1
1
1
1
1
1
1
1
1
1
1
1
1
1
1
1
1
1
1
1
1
1
1
1
1
1
1
1
1
1
1
1
1
1
1
1
1
1
1
1
1
1
1
1
1
1
1
1
1
1
1
1
1
1
1
1
1
1
1
1
1
1
1
1
1
1
1
1
1
1
1
1
1
1
1
1
1
1
1
1
1
1
1
1
1
1
1
1
1
1
1
1
1
1
1
1
1
1
1
1
1
1
1
1
1
1
1
1
1
1
1
1
1
1
1
1
1
1
1
1
1
1
1
1
1
1
1
1
1
1
1
1
1
1
1
1
1
1
1
1
1
1
1
1
1
1
1
1
1
1
1
1
1
1
1
1
1
1
1
1
1
1
1
1
1
1
1
1
1
1
1
1
1
1
1
1
1
1
1
1
1
1
1
1
1
1
1
1
1
1
1
1
)
;

boundaryField
{
    inlet
    {
        type            fixedValue;
        value           nonuniform 0();
    }
    outlet
    {
        type            zeroGradient;
    }
    bottom
    {
        type            symmetryPlane;
    }
    top
    {
        type            symmetryPlane;
    }
    obstacle
    {
        type            zeroGradient;
    }
    front
    {
        type            empty;
    }
    back
    {
        type            empty;
    }
    procBoundary35to18
    {
        type            processor;
        value           nonuniform List<scalar> 6(1 1 1 1 1 1);
    }
    procBoundary35to26
    {
        type            processor;
        value           nonuniform List<scalar> 
19
(
1
1
1
1
1
1
1
1
1
1
1
1
1
1
1
1
1
1
1
)
;
    }
    procBoundary35to27
    {
        type            processor;
        value           nonuniform List<scalar> 
89
(
1.60745
1.76438
1.84643
1.88269
1.88819
1.88577
1.87487
1.85793
1.84795
1.84379
1.84072
1.83938
1.83381
1.8241
1.81088
1.79757
1.78741
1.77849
1.76932
1.75899
1.74661
1.73266
1.71921
1.70679
1.69683
1.68887
1.67983
1.66857
1
1
1
1
1
1
1
1
1
1
1
1
1
1
1
1
1
1
1
1
1
1
1
1
1
1
1
1
1
1
1
1
1
1
1
1
1
1
1
1
1
1
1
1
1
1
1
1
1
1
1
1
1
1
1
1
1.00007
1.00111
1.01132
1.06933
1.06933
)
;
    }
    procBoundary35to28
    {
        type            processor;
        value           uniform 1.66969;
    }
    procBoundary35to34
    {
        type            processor;
        value           nonuniform List<scalar> 3(1 1 1);
    }
    procBoundary35to36
    {
        type            processor;
        value           nonuniform List<scalar> 
27
(
1.68138
1.69395
1.70863
1.72219
1.73167
1.73897
1.74581
1.75136
1.75836
1.76935
1.78004
1.7953
1.80763
1.82221
1.83479
1.85022
1.86585
1.88117
1.87977
1.84539
1.64847
1.29505
1.05886
1.0046
1.00014
1
1
)
;
    }
    procBoundary35to43
    {
        type            processor;
        value           nonuniform List<scalar> 
89
(
1
1
1
1
1
1
1
1
1
1
1
1
1
1
1
1
1
1
1
1
1
1
1
1
1
1
1
1
1
1
1
1
1
1
1
1
1
1
1
1
1
1
1
1
1
1
1
1
1
1
1
1
1
1
1
1
1
1
1
1
1
1
1
1
1
1
1
1
1
1
1
1
1
1
1
1
1
1
1
1
1
1
1
1
1
1
1
1
1
)
;
    }
}


// ************************************************************************* //
