/*--------------------------------*- C++ -*----------------------------------*\
  =========                 |
  \\      /  F ield         | OpenFOAM: The Open Source CFD Toolbox
   \\    /   O peration     | Website:  https://openfoam.org
    \\  /    A nd           | Version:  7
     \\/     M anipulation  |
\*---------------------------------------------------------------------------*/
FoamFile
{
    version     2.0;
    format      ascii;
    class       volVectorField;
    location    "10";
    object      U;
}
// * * * * * * * * * * * * * * * * * * * * * * * * * * * * * * * * * * * * * //

dimensions      [0 1 -1 0 0 0 0];

internalField   nonuniform List<vector> 
2413
(
(2 2.48304e-16 0)
(2 -6.60889e-16 0)
(2 -7.55971e-16 0)
(2 -6.43712e-16 0)
(2 2.98816e-17 0)
(2 2.23677e-15 0)
(2 4.05395e-15 0)
(2 4.85229e-15 0)
(2 5.70808e-15 0)
(2 5.28642e-15 0)
(2 5.74644e-15 0)
(2 4.90852e-15 0)
(2 4.00118e-15 0)
(2 3.29908e-15 0)
(2 3.03093e-15 0)
(2 3.96289e-15 0)
(2 3.23382e-15 0)
(2 2.57734e-15 0)
(2 3.08947e-15 0)
(2 3.08592e-15 0)
(2 3.10717e-15 0)
(2 3.03334e-15 0)
(2 1.79581e-15 0)
(2 1.52272e-15 0)
(2 2.1504e-16 0)
(2 -7.07219e-16 0)
(2 -7.75125e-16 0)
(2 5.91627e-16 0)
(2 1.28535e-15 0)
(2 1.14448e-15 0)
(2 3.80986e-16 0)
(2 -8.01694e-16 0)
(2 -3.02854e-16 0)
(2 -1.73976e-16 0)
(2 -9.91949e-16 0)
(2 -3.32185e-15 0)
(2 -4.33903e-15 0)
(2 -3.8499e-15 0)
(2 -2.6642e-15 0)
(2 -1.61045e-15 0)
(2 -8.97944e-16 0)
(2 -7.89053e-16 0)
(2 -1.24391e-15 0)
(2 -1.29424e-15 0)
(2 -3.47061e-16 0)
(2 4.92572e-16 0)
(2 1.03212e-15 0)
(2 1.00463e-15 0)
(2 2.28871e-15 0)
(2 3.75493e-15 0)
(2 3.2041e-15 0)
(2 1.921e-15 0)
(2 2.50172e-15 0)
(2 2.45015e-15 0)
(2 1.67693e-15 0)
(2 2.31281e-15 0)
(2 2.48456e-15 0)
(2 1.86031e-15 0)
(2 5.02916e-16 0)
(2 -4.04296e-16 0)
(2 -9.49424e-17 0)
(2 7.85792e-16 0)
(2 1.90381e-15 0)
(2 3.08133e-15 0)
(2 4.38615e-15 0)
(2 4.80882e-15 0)
(2 5.02863e-15 0)
(2 3.16152e-15 0)
(2 1.09394e-15 0)
(2 -8.26918e-16 0)
(2 -2.97586e-15 0)
(2 -4.11455e-15 0)
(2 -5.19358e-15 0)
(2 -6.95036e-15 0)
(2 -7.8944e-15 0)
(2 -7.94093e-15 0)
(2 -7.32474e-15 0)
(2 -6.60753e-15 0)
(2 -5.27385e-15 0)
(2 7.13425e-16 0)
(2 1.78446e-16 0)
(2 -3.46502e-16 0)
(2 -6.82133e-16 0)
(2 -2.29658e-16 0)
(2 -2.62878e-16 0)
(2 -7.13024e-16 0)
(2 -2.4226e-16 0)
(2 8.10503e-16 0)
(2 9.40203e-16 0)
(2 1.21479e-15 0)
(2 1.54237e-15 0)
(2 2.09331e-15 0)
(2 2.95249e-15 0)
(2 3.26547e-15 0)
(2 3.68948e-15 0)
(2 3.9891e-15 0)
(2 5.13695e-15 0)
(2 4.23999e-15 0)
(2 4.52441e-15 0)
(2 5.06643e-15 0)
(2 5.11057e-15 0)
(2 3.9709e-15 0)
(2 3.53216e-15 0)
(2 3.62753e-15 0)
(2 1.95189e-15 0)
(2 1.13811e-15 0)
(2 2.10332e-16 0)
(2 1.00062e-15 0)
(2 1.07662e-15 0)
(2 1.83014e-15 0)
(2 2.53557e-15 0)
(2 2.43189e-15 0)
(2 2.09086e-15 0)
(2 1.42244e-15 0)
(2 1.5349e-15 0)
(2 1.89265e-15 0)
(2 2.02636e-15 0)
(2 2.28594e-15 0)
(2 1.44312e-15 0)
(2 9.26679e-16 0)
(2 3.68336e-16 0)
(2 -4.45546e-16 0)
(2 -4.15519e-15 0)
(2 -4.62913e-15 0)
(2 -4.2881e-15 0)
(2 -3.49542e-15 0)
(2 -3.35216e-15 0)
(2 -3.26629e-15 0)
(2 -2.44924e-15 0)
(2 -1.41979e-15 0)
(2 -1.01377e-16 0)
(2 7.96746e-16 0)
(2 4.56447e-16 0)
(2 -3.23311e-16 0)
(2 -4.61058e-16 0)
(2 2.9838e-16 0)
(2 3.40774e-16 0)
(2 8.6069e-17 0)
(2 -5.68338e-17 0)
(2 3.70715e-16 0)
(2 3.40998e-16 0)
(2 -3.95659e-16 0)
(2 6.76023e-16 0)
(2 -4.21155e-16 0)
(2 -6.2138e-16 0)
(2 -3.98004e-16 0)
(2 -1.14829e-15 0)
(2 -2.80856e-15 0)
(2 -3.29517e-15 0)
(2 -1.88373e-15 0)
(2 -9.45e-17 0)
(2 -7.48564e-16 0)
(2 -6.75983e-16 0)
(2 -1.56346e-17 0)
(2 1.90444e-15 0)
(2 1.68107e-15 0)
(2 1.08308e-16 0)
(2 -1.2246e-15 0)
(2 -2.17028e-15 0)
(2 -3.28e-15 0)
(2 -4.75879e-15 0)
(2 -6.6729e-15 0)
(2 -8.79888e-15 0)
(2 -8.81204e-15 0)
(2 -8.64188e-15 0)
(2 -8.78849e-15 0)
(2 -8.53393e-15 0)
(2 1.42598e-15 0)
(2 1.10709e-15 0)
(2 3.46407e-16 0)
(2 -4.00432e-16 0)
(2 -2.4005e-16 0)
(2 8.06695e-17 0)
(2 8.67611e-16 0)
(2 1.52852e-15 0)
(2 1.71065e-15 0)
(2 1.88947e-15 0)
(2 1.86872e-15 0)
(2 2.17227e-15 0)
(2 3.11841e-15 0)
(2 4.60064e-15 0)
(2 4.98877e-15 0)
(2 4.4548e-15 0)
(2 3.56404e-15 0)
(2 2.54801e-15 0)
(2 2.7279e-15 0)
(2 2.66129e-15 0)
(2 4.14906e-15 0)
(2 4.08068e-15 0)
(2 4.62821e-15 0)
(2 4.82411e-15 0)
(2 2.77693e-15 0)
(2 2.42968e-15 0)
(2 2.95922e-15 0)
(2 2.05774e-15 0)
(2 1.16314e-15 0)
(2 2.53393e-16 0)
(2 2.18945e-15 0)
(2 2.3843e-15 0)
(2 2.48141e-15 0)
(2 2.27181e-15 0)
(2 9.93387e-16 0)
(2 1.13754e-15 0)
(2 1.35909e-15 0)
(2 1.89701e-15 0)
(2 3.14827e-15 0)
(2 3.14007e-15 0)
(2 2.00817e-15 0)
(2 9.55903e-16 0)
(2 -1.36738e-15 0)
(2 -2.73838e-15 0)
(2 -4.34878e-15 0)
(2 -4.35918e-15 0)
(2 -4.54248e-15 0)
(2 -3.80595e-15 0)
(2 -2.56658e-15 0)
(2 -1.67303e-15 0)
(2 5.99637e-17 0)
(2 6.16689e-16 0)
(2 2.50792e-15 0)
(2 2.15969e-15 0)
(2 3.15577e-16 0)
(2 -2.22177e-15 0)
(2 -2.60091e-15 0)
(2 -3.43594e-15 0)
(2 -3.6485e-15 0)
(2 -3.15685e-15 0)
(2 -2.75201e-15 0)
(2 -2.48621e-15 0)
(2 -4.33164e-15 0)
(2 -3.63587e-15 0)
(2 -3.39513e-15 0)
(2 -3.30996e-15 0)
(2 -2.88499e-15 0)
(2 -2.72462e-15 0)
(2 -2.80893e-15 0)
(2 -3.15805e-15 0)
(2 -3.85295e-15 0)
(2 -2.72356e-15 0)
(2 -1.27221e-15 0)
(2 -7.63539e-16 0)
(2 -4.7757e-16 0)
(2 -4.64416e-17 0)
(2 1.16318e-15 0)
(2 9.53544e-16 0)
(2 -5.36729e-16 0)
(2 -1.32179e-15 0)
(2 -2.06593e-15 0)
(2 -2.37865e-15 0)
(2 -3.25265e-15 0)
(2 -4.853e-15 0)
(2 -5.38619e-15 0)
(2 -5.82122e-15 0)
(2 -6.09237e-15 0)
(2 -6.46361e-15 0)
(2 -3.09783e-15 0)
(2 -2.76304e-15 0)
(2 -2.41208e-15 0)
(2 -2.29181e-15 0)
(2 -2.37433e-15 0)
(2 -2.39383e-15 0)
(2 -1.82687e-15 0)
(2 -1.74551e-15 0)
(2 -3.82909e-15 0)
(2 -4.03e-15 0)
(2 -3.9746e-15 0)
(2 -3.63096e-15 0)
(2 -1.19332e-15 0)
(2 -8.79096e-17 0)
(2 -6.98156e-16 0)
(2 -4.7082e-16 0)
(2 3.0377e-16 0)
(2 -6.05634e-16 0)
(2 -5.94236e-16 0)
(2 -6.35048e-16 0)
(2 -1.37568e-15 0)
(2 -1.0776e-15 0)
(2 -5.42644e-16 0)
(2 -1.94477e-15 0)
(2 -2.89741e-15 0)
(2 -1.51886e-15 0)
(2 -1.39378e-15 0)
(2 -1.59762e-15 0)
(2 -2.40867e-15 0)
(2 -2.21801e-15 0)
(2 -2.1707e-15 0)
(2 -3.01901e-15 0)
(2 -3.57743e-15 0)
(2 -3.15904e-15 0)
(2 -1.38775e-15 0)
(2 -6.43784e-16 0)
(2 -8.4277e-16 0)
(2 -8.09932e-16 0)
(2 -1.28496e-15 0)
(2 -5.85891e-16 0)
(2 -8.13275e-16 0)
(2 -1.48175e-15 0)
(2 -1.68733e-15 0)
(2 -2.06048e-15 0)
(2 -1.82837e-15 0)
(2 -2.16927e-15 0)
(2 -3.72369e-15 0)
(2 -4.8313e-15 0)
(2 -6.03071e-15 0)
(2 -5.70126e-15 0)
(2 -6.44654e-15 0)
(2 -5.17963e-15 0)
(2 -5.01577e-15 0)
(2 -5.34693e-15 0)
(2 -5.95561e-15 0)
(2 -6.18998e-15 0)
(2 -7.61034e-15 0)
(2 -9.01007e-15 0)
(2 -8.83597e-15 0)
(2 -7.67255e-15 0)
(2 -6.94941e-15 0)
(2 -7.35033e-15 0)
(2 -8.54842e-15 0)
(2 -9.82104e-15 0)
(2 -8.2189e-15 0)
(2 -7.98028e-15 0)
(2 -7.7913e-15 0)
(2 -7.0078e-15 0)
(2 -7.04332e-15 0)
(2 -7.14105e-15 0)
(2 -7.33084e-15 0)
(2 -7.5233e-15 0)
(2 -7.28386e-15 0)
(2 -6.28782e-15 0)
(2 -4.55684e-15 0)
(2 -3.69507e-15 0)
(2 -3.17273e-15 0)
(2 -2.8325e-15 0)
(2 -2.97395e-15 0)
(2 -4.12383e-15 0)
(2 -4.5347e-15 0)
(2 -6.04214e-15 0)
(2 -5.14106e-15 0)
(2 -5.08112e-15 0)
(2 -5.64125e-15 0)
(2 -7.35523e-15 0)
(2 -8.93559e-15 0)
(2 -9.52436e-15 0)
(2 -7.51104e-15 0)
(2 -9.41144e-15 0)
(2 -9.22356e-15 0)
(2 -8.63367e-15 0)
(2 -8.13544e-15 0)
(2 -7.00717e-15 0)
(2 -7.73001e-15 0)
(2 -7.66128e-15 0)
(2 -7.70844e-15 0)
(2 -7.07817e-15 0)
(2 -5.89484e-15 0)
(2 -4.25107e-15 0)
(2 -1.2167e-15 0)
(2 -2.89104e-16 0)
(2 -4.69811e-16 0)
(2 -2.81771e-16 0)
(2 -9.80737e-16 0)
(2 -1.07491e-15 0)
(2 -5.50041e-16 0)
(2 8.15477e-16 0)
(2 7.85852e-16 0)
(2 8.2227e-16 0)
(2 -5.57118e-16 0)
(2 -2.68632e-15 0)
(2 -3.03333e-15 0)
(2 -2.63796e-15 0)
(2 -2.57635e-15 0)
(2 -2.85836e-15 0)
(2 -1.4996e-15 0)
(2 -1.55701e-15 0)
(2 -1.79721e-15 0)
(2 -1.69874e-15 0)
(2 -1.93494e-15 0)
(2 -1.65591e-15 0)
(2 -1.05398e-15 0)
(2 -1.37e-15 0)
(2 -1.12031e-15 0)
(2 -1.68959e-15 0)
(2 -2.36704e-15 0)
(2 -2.23158e-15 0)
(2 -2.33796e-15 0)
(2 -2.84766e-15 0)
(2 -2.44581e-15 0)
(2 -3.07237e-16 0)
(2 2.67791e-16 0)
(2 -4.87099e-16 0)
(2 -2.6669e-15 0)
(2 -5.65455e-15 0)
(2 -7.79749e-15 0)
(2 -9.93381e-15 0)
(2 -1.13737e-14 0)
(2 -1.11446e-14 0)
(2 -1.22983e-14 0)
(2 -1.12396e-14 0)
(2 -9.11705e-15 0)
(2 -5.99564e-15 0)
(2 -6.59013e-15 0)
(2 -7.37477e-15 0)
(2 -8.72527e-15 0)
(2 -9.56977e-15 0)
(2 -1.13038e-14 0)
(2 -1.1281e-14 0)
(2 -1.03874e-14 0)
(2 -1.04779e-14 0)
(2 -1.01712e-14 0)
(2 -9.80665e-15 0)
(2 -9.69899e-15 0)
(2 -9.7597e-15 0)
(2 -1.00907e-14 0)
(2 -1.03636e-14 0)
(2 -9.44468e-15 0)
(2 -8.68749e-15 0)
(2 -8.98759e-15 0)
(2 -8.34153e-15 0)
(2 -7.03137e-15 0)
(2 -5.38969e-15 0)
(2 -3.41833e-15 0)
(2 -3.24534e-15 0)
(2 -3.52481e-15 0)
(2 -4.00043e-15 0)
(2 -4.66685e-15 0)
(2 -5.74475e-15 0)
(2 -6.59584e-15 0)
(2 -7.12736e-15 0)
(2 -9.0025e-15 0)
(2 -1.16339e-14 0)
(2 -1.17241e-14 0)
(2 -1.14156e-14 0)
(2 -3.42661e-15 0)
(2 -4.74519e-15 0)
(2 -5.79447e-15 0)
(2 -7.38211e-15 0)
(2 -7.74409e-15 0)
(2 -7.44283e-15 0)
(2 -6.60549e-15 0)
(2 -6.1152e-15 0)
(2 -6.10375e-15 0)
(2 -6.41302e-15 0)
(2 -5.96168e-15 0)
(2 -4.04073e-15 0)
(2 -2.70398e-15 0)
(2 -2.02242e-15 0)
(2 -1.43309e-15 0)
(2 -7.21738e-16 0)
(2 -1.54928e-15 0)
(2 -1.72227e-15 0)
(2 -1.87807e-15 0)
(2 -1.2819e-15 0)
(2 -1.69638e-16 0)
(2 -5.75634e-16 0)
(2 -1.01435e-15 0)
(2 -1.21138e-15 0)
(2 -1.33116e-15 0)
(2 -1.65879e-15 0)
(2 -2.83685e-15 0)
(2 -3.40958e-15 0)
(2 -2.33621e-15 0)
(2 -1.22226e-15 0)
(2 -3.44148e-17 0)
(2 1.15571e-15 0)
(2 8.0977e-16 0)
(2 -2.16514e-16 0)
(2 -2.27735e-15 0)
(2 -3.22237e-15 0)
(2 -2.87399e-15 0)
(2 -2.574e-15 0)
(2 -2.14605e-15 0)
(2 -2.00238e-15 0)
(2 -2.75615e-15 0)
(2 -2.41942e-15 0)
(2 -2.65197e-15 0)
(2 -1.92053e-15 0)
(2 -1.67649e-15 0)
(2 -2.14498e-15 0)
(2 -3.04876e-15 0)
(2 -4.63412e-15 0)
(2 -5.56081e-15 0)
(2 -7.62379e-15 0)
(2 -7.61461e-15 0)
(2 -8.2698e-15 0)
(2 -9.84023e-15 0)
(2 -8.57671e-15 0)
(2 -6.68667e-15 0)
(2 -5.41178e-15 0)
(2 -5.78295e-15 0)
(2 -6.61e-15 0)
(2 -8.06476e-15 0)
(2 -1.08987e-14 0)
(2 -1.35344e-14 0)
(2 -1.34382e-14 0)
(2 -1.20178e-14 0)
(2 -1.05928e-14 0)
(2 -9.57106e-15 0)
(2 -9.44962e-15 0)
(2 -9.19074e-15 0)
(2 -9.60084e-15 0)
(2 -1.02687e-14 0)
(2 -1.0838e-14 0)
(2 -1.1035e-14 0)
(2 -1.10017e-14 0)
(2 -1.01873e-14 0)
(2 -1.06947e-14 0)
(2 -1.01358e-14 0)
(2 -9.18273e-15 0)
(2 -7.58707e-15 0)
(2 -6.95935e-15 0)
(2 -5.67298e-15 0)
(2 -4.13805e-15 0)
(2 -2.75433e-15 0)
(2 -1.4737e-15 0)
(2 -2.18236e-15 0)
(2 -3.74616e-15 0)
(2 -6.76807e-15 0)
(2 -9.37632e-15 0)
(2 -8.89752e-15 0)
(2 -7.31487e-15 0)
(2 -1.35162e-15 0)
(2 -1.74797e-15 0)
(2 -1.75948e-15 0)
(2 -1.11002e-15 0)
(2 -2.47538e-15 0)
(2 -3.57616e-15 0)
(2 -3.386e-15 0)
(2 -2.80179e-15 0)
(2 -2.14582e-15 0)
(2 -1.96791e-15 0)
(2 -2.89461e-15 0)
(2 -2.66783e-15 0)
(2 -3.52119e-15 0)
(2 -4.28901e-15 0)
(2 -2.97131e-15 0)
(2 -1.70073e-15 0)
(2 -1.73078e-15 0)
(2 -1.31994e-15 0)
(2 -1.25889e-15 0)
(2 -1.87858e-15 0)
(2 -2.08339e-15 0)
(2 -2.39755e-15 0)
(2 -1.8824e-15 0)
(2 -3.4394e-17 0)
(2 7.9498e-16 0)
(2 2.31637e-16 0)
(2 -2.06363e-17 0)
(2 -5.02122e-16 0)
(2 -8.79739e-16 0)
(2 -1.28401e-15 0)
(2 -1.29153e-15 0)
(2 -1.49357e-15 0)
(2 -1.04873e-15 0)
(2 -1.9943e-15 0)
(2 -4.29324e-15 0)
(2 -5.23806e-15 0)
(2 -4.984e-15 0)
(2 -4.42134e-15 0)
(2 -2.99239e-15 0)
(2 -1.89803e-15 0)
(2 -2.78553e-15 0)
(2 -1.28864e-15 0)
(2 -1.18743e-15 0)
(2 -2.1455e-15 0)
(2 -2.51669e-15 0)
(2 -3.40902e-15 0)
(2 -2.83512e-15 0)
(2 -2.39334e-15 0)
(2 -1.27723e-15 0)
(2 -1.92215e-15 0)
(2 -2.65982e-15 0)
(2 -3.6312e-15 0)
(2 -4.9603e-15 0)
(2 -4.60483e-15 0)
(2 -4.1398e-15 0)
(2 -4.42389e-15 0)
(2 -4.70224e-15 0)
(2 -5.0711e-15 0)
(2 -5.91554e-15 0)
(2 -6.86418e-15 0)
(2 -8.86716e-15 0)
(2 -9.36774e-15 0)
(2 -9.57394e-15 0)
(2 -9.24997e-15 0)
(2 -9.14475e-15 0)
(2 -8.87288e-15 0)
(2 -8.17414e-15 0)
(2 -8.61287e-15 0)
(2 -9.2236e-15 0)
(2 -9.53422e-15 0)
(2 -1.05613e-14 0)
(2 -1.11329e-14 0)
(2 -1.12314e-14 0)
(2 -1.10254e-14 0)
(2 -1.0533e-14 0)
(2 -9.82817e-15 0)
(2 -8.88315e-15 0)
(2 -7.64378e-15 0)
(2 -6.4424e-15 0)
(2 -5.10126e-15 0)
(2 -3.59115e-15 0)
(2 -2.35289e-15 0)
(2 -1.13182e-15 0)
(2 -5.31584e-16 0)
(2 -7.28808e-16 0)
(2 -4.01372e-16 0)
(2 -7.58403e-16 0)
(2 -4.40867e-16 0)
(2 -9.19558e-16 0)
(2 -1.53838e-15 0)
(2 -1.36427e-15 0)
(2 -1.20276e-15 0)
(2 -1.27835e-15 0)
(2 -1.85338e-15 0)
(2 -3.32876e-15 0)
(2 -3.19244e-15 0)
(2 -2.24512e-15 0)
(2 4.68519e-16 0)
(2 -9.04482e-17 0)
(2 -1.26915e-15 0)
(2 -3.69755e-15 0)
(2 -3.88312e-15 0)
(2 -3.60593e-15 0)
(2 -4.17869e-15 0)
(2 -3.04584e-15 0)
(2 -2.10768e-15 0)
(2 -1.73657e-15 0)
(2 -2.29324e-15 0)
(2 -3.67704e-15 0)
(2 -2.67359e-15 0)
(2 -7.43463e-16 0)
(2 2.64543e-16 0)
(2 6.12766e-16 0)
(2 2.53839e-15 0)
(2 2.72398e-15 0)
(2 2.74682e-15 0)
(2 2.34245e-15 0)
(2 8.92267e-16 0)
(2 1.53491e-16 0)
(2 -1.05503e-15 0)
(2 -1.51878e-15 0)
(2 -1.51091e-15 0)
(2 -2.00919e-15 0)
(2 -3.04813e-15 0)
(2 -2.95308e-15 0)
(2 -2.52815e-15 0)
(2 -1.74695e-15 0)
(2 -9.65785e-16 0)
(2 4.86769e-16 0)
(2 6.36872e-16 0)
(2 4.60603e-16 0)
(2 -6.34585e-16 0)
(2 -1.55789e-15 0)
(2 -3.08251e-15 0)
(2 -2.96339e-15 0)
(2 -1.9588e-15 0)
(2 -1.69302e-15 0)
(2 -3.36792e-16 0)
(2 -2.89828e-16 0)
(2 1.51158e-16 0)
(2 1.50852e-15 0)
(2 8.91097e-16 0)
(2 -2.63528e-16 0)
(2 -1.77212e-15 0)
(2 -2.95197e-15 0)
(2 -3.88096e-15 0)
(2 -4.26129e-15 0)
(2 -4.59118e-15 0)
(2 -5.60149e-15 0)
(2 -5.9852e-15 0)
(2 -7.72975e-15 0)
(2 -7.89011e-15 0)
(2 -8.57625e-15 0)
(2 -8.92332e-15 0)
(2 -9.68621e-15 0)
(2 -1.06324e-14 0)
(2 -1.0126e-14 0)
(2 -9.67471e-15 0)
(2 -8.89349e-15 0)
(2 -8.91181e-15 0)
(2 -8.59337e-15 0)
(2 -8.14662e-15 0)
(2 -7.48452e-15 0)
(2 -6.65635e-15 0)
(2 -5.50173e-15 0)
(2 -4.5453e-15 0)
(2 -4.01153e-15 0)
(2 -3.85346e-15 0)
(2 -3.78475e-15 0)
(2 -3.75728e-15 0)
(2 -3.55569e-15 0)
(2 -2.49957e-15 0)
(2 -6.14158e-16 0)
(2 2.68365e-15 0)
(2 3.09715e-15 0)
(2 1.72288e-15 0)
(2 1.3793e-15 0)
(2 1.35828e-15 0)
(2 6.04451e-17 0)
(2 -1.60965e-15 0)
(2 -1.34963e-15 0)
(2 -1.17666e-15 0)
(2 -1.29124e-15 0)
(2 -1.81701e-15 0)
(2 -1.51333e-15 0)
(2 -6.89826e-16 0)
(2 6.08042e-16 0)
(2 2.40396e-16 0)
(2 1.0062e-16 0)
(2 -8.42026e-16 0)
(2 -3.13034e-15 0)
(2 -4.84323e-15 0)
(2 -4.52152e-15 0)
(2 -4.37595e-15 0)
(2 -4.33713e-15 0)
(2 -4.26445e-15 0)
(2 -2.92804e-15 0)
(2 -1.73799e-15 0)
(2 1.73908e-16 0)
(2 3.74242e-16 0)
(2 -8.68638e-17 0)
(2 1.24762e-16 0)
(2 2.0514e-15 0)
(2 4.52802e-15 0)
(2 4.50026e-15 0)
(2 3.93028e-15 0)
(2 3.13896e-15 0)
(2 2.2372e-15 0)
(2 9.29326e-16 0)
(2 8.13585e-16 0)
(2 1.10905e-15 0)
(2 8.91039e-16 0)
(2 1.11106e-16 0)
(2 5.02276e-17 0)
(2 -2.83105e-16 0)
(2 -1.32746e-15 0)
(2 -1.27628e-15 0)
(2 -2.01127e-15 0)
(2 -2.5884e-15 0)
(2 -3.37258e-15 0)
(2 -3.46651e-15 0)
(2 -3.30158e-15 0)
(2 -3.37255e-15 0)
(2 -2.57859e-15 0)
(2 -1.04261e-15 0)
(2 7.77529e-16 0)
(2 2.10851e-15 0)
(2 3.96993e-15 0)
(2 4.83605e-15 0)
(2 2.89085e-15 0)
(2 8.30142e-16 0)
(2 -9.95747e-16 0)
(2 -2.53755e-15 0)
(2 -3.95109e-15 0)
(2 -5.51541e-15 0)
(2 -5.94067e-15 0)
(2 -7.4391e-15 0)
(2 -8.58799e-15 0)
(2 -9.90298e-15 0)
(2 -1.00056e-14 0)
(2 -1.05363e-14 0)
(2 -1.22157e-14 0)
(2 -1.34138e-14 0)
(2 -1.22558e-14 0)
(2 -1.03389e-14 0)
(2 -8.53739e-15 0)
(2 -7.91324e-15 0)
(2 -7.56159e-15 0)
(2 -6.76662e-15 0)
(2 -6.44432e-15 0)
(2 -6.60726e-15 0)
(2 -6.60969e-15 0)
(2 -6.60626e-15 0)
(2 -5.44247e-15 0)
(2 -2.7582e-15 0)
(2 -3.88497e-16 0)
(2 -6.15457e-16 0)
(2 -2.24893e-15 0)
(2 -1.76114e-15 0)
(2 6.90045e-16 0)
(2 2.77437e-15 0)
(2 2.27003e-15 0)
(2 1.81168e-15 0)
(2 5.70889e-16 0)
(2 2.89158e-15 0)
(2 2.66391e-15 0)
(2 1.93082e-15 0)
(2 9.52552e-16 0)
(2 3.32831e-16 0)
(2 4.41618e-16 0)
(2 1.26609e-16 0)
(2 2.54873e-16 0)
(2 1.37196e-15 0)
(2 1.02922e-15 0)
(2 2.47142e-15 0)
(2 2.70856e-15 0)
(2 7.05117e-16 0)
(2 1.69342e-17 0)
(2 -2.028e-15 0)
(2 -2.0756e-15 0)
(2 -2.25021e-15 0)
(2 -2.87772e-15 0)
(2 -2.98793e-15 0)
(2 -2.27205e-15 0)
(2 -4.73137e-16 0)
(2 4.79425e-16 0)
(2 2.37966e-16 0)
(2 -5.84738e-16 0)
(2 3.37986e-17 0)
(2 -1.72328e-17 0)
(2 7.37134e-16 0)
(2 1.85647e-15 0)
(2 2.51144e-15 0)
(2 4.1254e-15 0)
(2 3.56472e-15 0)
(2 2.6248e-15 0)
(2 1.57406e-15 0)
(2 6.43881e-16 0)
(2 1.01781e-15 0)
(2 1.60598e-15 0)
(2 2.58199e-16 0)
(2 -2.47418e-16 0)
(2 -9.43001e-16 0)
(2 -1.36363e-15 0)
(2 -1.73996e-15 0)
(2 -3.05892e-15 0)
(2 -3.05818e-15 0)
(2 -3.05549e-15 0)
(2 -2.31552e-15 0)
(2 -1.63973e-15 0)
(2 -1.14376e-15 0)
(2 -4.97475e-16 0)
(2 1.374e-15 0)
(2 3.70621e-15 0)
(2 3.89976e-15 0)
(2 3.46334e-15 0)
(2 2.2689e-15 0)
(2 7.8981e-16 0)
(2 7.73382e-17 0)
(2 -3.26439e-17 0)
(2 -2.23947e-16 0)
(2 -4.47331e-16 0)
(2 -9.88236e-16 0)
(2 -1.77242e-15 0)
(2 -2.9376e-15 0)
(2 -5.34424e-15 0)
(2 -7.86886e-15 0)
(2 -9.45443e-15 0)
(2 -1.06922e-14 0)
(2 -1.04061e-14 0)
(2 -9.16551e-15 0)
(2 -7.43812e-15 0)
(2 -6.61476e-15 0)
(2 -4.27866e-15 0)
(2 -4.17239e-15 0)
(2 -3.53322e-15 0)
(2 -2.28699e-15 0)
(2 -2.29869e-15 0)
(2 -3.3005e-15 0)
(2 -3.11518e-15 0)
(2 -3.07967e-15 0)
(2 -2.5012e-15 0)
(2 -1.30327e-15 0)
(2 -5.8684e-16 0)
(2 -2.53718e-16 0)
(2 -5.33062e-17 0)
(2 -1.41802e-16 0)
(2 -5.03634e-16 0)
(2 -4.67103e-16 0)
(2 9.81081e-17 0)
(2 5.88114e-16 0)
(2 1.23929e-15 0)
(2 5.85775e-15 0)
(2 3.87814e-15 0)
(2 4.54366e-15 0)
(2 4.21028e-15 0)
(2 3.40155e-15 0)
(2 1.58597e-15 0)
(2 1.09683e-15 0)
(2 1.1896e-15 0)
(2 1.73622e-15 0)
(2 1.53551e-15 0)
(2 1.21361e-15 0)
(2 3.73999e-16 0)
(2 -1.30753e-15 0)
(2 -1.00372e-15 0)
(2 -5.37747e-17 0)
(2 -3.84722e-16 0)
(2 2.17136e-15 0)
(2 2.98032e-15 0)
(2 3.35238e-15 0)
(2 3.37006e-15 0)
(2 3.41248e-15 0)
(2 3.23889e-15 0)
(2 1.05014e-15 0)
(2 -1.45528e-15 0)
(2 -8.0414e-16 0)
(2 -3.35594e-16 0)
(2 1.13859e-16 0)
(2 -4.28053e-17 0)
(2 8.20759e-16 0)
(2 8.97058e-16 0)
(2 1.2647e-15 0)
(2 7.47181e-16 0)
(2 1.10429e-16 0)
(2 -2.96129e-16 0)
(2 -1.32639e-15 0)
(2 -1.09032e-15 0)
(2 -1.46304e-15 0)
(2 -2.22891e-15 0)
(2 -2.64166e-15 0)
(2 -1.64475e-15 0)
(2 -1.37208e-15 0)
(2 -1.81744e-15 0)
(2 -1.57104e-15 0)
(2 -9.7412e-16 0)
(2 -3.72771e-16 0)
(2 7.60138e-16 0)
(2 1.19765e-15 0)
(2 4.87678e-16 0)
(2 7.21082e-16 0)
(2 9.29581e-16 0)
(2 -7.94346e-16 0)
(2 -1.46335e-15 0)
(2 -2.27526e-15 0)
(2 -2.17806e-15 0)
(2 -1.47587e-15 0)
(2 -4.72448e-16 0)
(2 6.4437e-16 0)
(2 1.46338e-15 0)
(2 1.30188e-15 0)
(2 6.41178e-16 0)
(2 1.99952e-16 0)
(2 1.43808e-17 0)
(2 -7.79431e-16 0)
(2 -3.28458e-15 0)
(2 -5.0415e-15 0)
(2 -4.59387e-15 0)
(2 -3.18951e-15 0)
(2 -2.66832e-15 0)
(2 -2.12079e-15 0)
(2 -1.05411e-15 0)
(2 5.3098e-16 0)
(2 6.32922e-16 0)
(2 1.88474e-16 0)
(2 -6.58507e-17 0)
(2 -2.56934e-16 0)
(2 -1.49514e-16 0)
(2 -1.36937e-16 0)
(2 -1.44951e-16 0)
(2 -6.61537e-16 0)
(2 -4.94054e-16 0)
(2 5.5842e-16 0)
(2 2.68901e-15 0)
(2 2.12457e-15 0)
(2 4.86542e-16 0)
(2 6.13404e-16 0)
(2 1.16003e-15 0)
(2 1.75544e-15 0)
(2 2.36495e-15 0)
(2 2.02929e-15 0)
(2 2.01506e-15 0)
(2 1.98251e-15 0)
(2 3.26082e-15 0)
(2 3.07868e-15 0)
(2 1.94925e-15 0)
(2 2.96071e-15 0)
(2 2.34101e-15 0)
(2 1.42077e-15 0)
(2 6.59815e-16 0)
(2 -1.19975e-15 0)
(2 -2.51358e-15 0)
(2 -2.6739e-15 0)
(2 -2.4658e-15 0)
(2 -1.86538e-15 0)
(2 -8.15594e-16 0)
(2 2.25382e-16 0)
(2 -2.64123e-16 0)
(2 -7.51673e-16 0)
(2 -1.87672e-15 0)
(2 -1.33906e-15 0)
(2 -8.18161e-16 0)
(2 -2.03966e-15 0)
(2 -2.05645e-15 0)
(2 -2.34653e-15 0)
(2 -2.10322e-15 0)
(2 -3.25127e-15 0)
(2 -4.63426e-15 0)
(2 -5.22144e-15 0)
(2 -5.49488e-15 0)
(2 -4.40552e-15 0)
(2 -4.53484e-15 0)
(2 -4.40701e-15 0)
(2 -4.21566e-15 0)
(2 -5.11278e-15 0)
(2 -4.0424e-15 0)
(2 -2.95175e-15 0)
(2 -3.26803e-15 0)
(2 -3.57913e-15 0)
(2 -3.97187e-15 0)
(2 -3.49371e-15 0)
(2 -2.93001e-15 0)
(2 -2.86743e-15 0)
(2 -2.38631e-15 0)
(2 -1.79138e-15 0)
(2 -2.22822e-15 0)
(2 -2.74943e-15 0)
(2 -3.54366e-15 0)
(2 -4.88921e-15 0)
(2 -6.9186e-15 0)
(2 -7.6269e-15 0)
(2 -6.67384e-15 0)
(2 -5.66052e-15 0)
(2 -3.08163e-15 0)
(2 -2.34814e-15 0)
(2 -6.10544e-17 0)
(2 9.24056e-16 0)
(2 4.95642e-16 0)
(2 4.71604e-16 0)
(2 -6.42562e-16 0)
(2 -1.41153e-15 0)
(2 -1.82965e-15 0)
(2 -2.41955e-15 0)
(2 -2.5799e-15 0)
(2 -3.19696e-15 0)
(2 -2.93959e-15 0)
(2 -3.8468e-15 0)
(2 -3.998e-15 0)
(2 -3.27633e-15 0)
(2 -2.80517e-15 0)
(2 -1.51802e-15 0)
(2 -7.98657e-16 0)
(2 -2.21335e-15 0)
(2 -1.25415e-15 0)
(2 -1.02856e-15 0)
(2 -1.37374e-15 0)
(2 -1.39899e-15 0)
(2 -1.58685e-15 0)
(2 -1.4146e-15 0)
(2 -1.72049e-15 0)
(2 -2.11492e-15 0)
(2 -2.52154e-15 0)
(2 -2.75965e-15 0)
(2 -2.94864e-15 0)
(2 -2.37258e-15 0)
(2 -1.04808e-15 0)
(2 1.02733e-16 0)
(2 3.93358e-16 0)
(2 -2.31783e-15 0)
(2 -1.62435e-15 0)
(2 -2.20531e-15 0)
(2 -2.50885e-15 0)
(2 -2.54319e-15 0)
(2 -4.87046e-16 0)
(2 -1.54866e-16 0)
(2 -4.26417e-17 0)
(2 -1.03943e-15 0)
(2 -8.88988e-16 0)
(2 -3.53641e-15 0)
(2 -4.0301e-15 0)
(2 -4.05868e-15 0)
(2 -3.90419e-15 0)
(2 -2.97286e-15 0)
(2 -1.70465e-15 0)
(2 -1.32548e-15 0)
(2 -8.70932e-16 0)
(2 -1.40451e-15 0)
(2 -1.44814e-15 0)
(2 -1.82033e-15 0)
(2 -3.55806e-15 0)
(2 -5.75303e-15 0)
(2 -7.18469e-15 0)
(2 -8.06345e-15 0)
(2 -7.36458e-15 0)
(2 -9.1882e-15 0)
(2 -1.20544e-14 0)
(2 -1.37998e-14 0)
(2 -1.30363e-14 0)
(2 -1.37423e-14 0)
(2 -1.31068e-14 0)
(2 -1.1644e-14 0)
(2 -1.00426e-14 0)
(2 -8.15733e-15 0)
(2 -7.12396e-15 0)
(2 -4.75058e-15 0)
(2 -4.26257e-15 0)
(2 -3.965e-15 0)
(2 -4.51822e-15 0)
(2 -5.00485e-15 0)
(2 -4.39094e-15 0)
(2 -4.11368e-15 0)
(2 -4.90062e-15 0)
(2 -6.26577e-15 0)
(2 -6.38397e-15 0)
(2 -6.86851e-15 0)
(2 -7.2238e-15 0)
(2 -7.80208e-15 0)
(2 -7.61626e-15 0)
(2 -8.06896e-15 0)
(2 -8.02199e-15 0)
(2 -7.49296e-15 0)
(2 -6.32322e-15 0)
(2 -6.2325e-15 0)
(2 -4.53742e-15 0)
(2 -3.13766e-15 0)
(2 -3.98648e-15 0)
(2 -4.43895e-15 0)
(2 -4.34378e-15 0)
(2 -4.76542e-15 0)
(2 -5.56038e-15 0)
(2 -5.90973e-15 0)
(2 -5.24307e-15 0)
(2 -5.45944e-15 0)
(2 -6.04716e-15 0)
(2 -7.18117e-15 0)
(2 -8.11816e-15 0)
(2 -7.49045e-15 0)
(2 -6.30363e-15 0)
(2 -4.98414e-15 0)
(2 -4.01164e-15 0)
(2 -3.71267e-15 0)
(2 -4.10535e-15 0)
(2 -3.79737e-15 0)
(2 -4.13312e-15 0)
(2 -4.12055e-15 0)
(2 -4.55128e-15 0)
(2 -5.00123e-15 0)
(2 -5.7654e-15 0)
(2 -6.01982e-15 0)
(2 -6.18246e-15 0)
(2 -7.07827e-15 0)
(2 -7.413e-15 0)
(2 -5.90529e-15 0)
(2 -4.52947e-15 0)
(2 -3.38751e-15 0)
(2 -2.68258e-15 0)
(2 -2.46394e-15 0)
(2 -2.43867e-15 0)
(2 -3.7175e-15 0)
(2 -4.95459e-15 0)
(2 -4.29248e-15 0)
(2 -2.86636e-15 0)
(2 -2.26962e-15 0)
(2 -2.92602e-15 0)
(2 -5.01959e-15 0)
(2 -6.48114e-15 0)
(2 -6.24342e-15 0)
(2 -6.08645e-15 0)
(2 -5.70384e-15 0)
(2 -4.60719e-15 0)
(2 -3.20845e-15 0)
(2 -3.23791e-15 0)
(2 -2.57891e-15 0)
(2 -2.4319e-15 0)
(2 -2.13675e-15 0)
(2 -2.1935e-15 0)
(2 -3.62736e-15 0)
(2 -4.81374e-15 0)
(2 -7.14672e-15 0)
(2 -9.50337e-15 0)
(2 -1.31214e-14 0)
(2 -1.45186e-14 0)
(2 -1.46431e-14 0)
(2 -1.47081e-14 0)
(2 -1.47909e-14 0)
(2 -1.51401e-14 0)
(2 -1.48396e-14 0)
(2 -1.42886e-14 0)
(2 -1.32254e-14 0)
(2 -1.12726e-14 0)
(2 -1.01821e-14 0)
(2 -1.04522e-14 0)
(2 -9.73656e-15 0)
(2 -9.28039e-15 0)
(2 -8.86269e-15 0)
(2 -8.39524e-15 0)
(2 -8.83249e-15 0)
(2 -7.54977e-15 0)
(2 -7.84399e-15 0)
(2 -7.82065e-15 0)
(2 -7.71248e-15 0)
(2 -7.06576e-15 0)
(2 -5.94895e-15 0)
(2 -4.24869e-15 0)
(2 -3.59153e-15 0)
(2 -3.45015e-15 0)
(2 -3.20208e-15 0)
(2 -2.85153e-15 0)
(2 -2.31277e-15 0)
(2 -3.62242e-15 0)
(2 -4.22785e-15 0)
(2 -5.0852e-15 0)
(2 -6.75072e-15 0)
(2 -5.96721e-15 0)
(2 -5.12417e-15 0)
(2 -3.74113e-15 0)
(2 -2.33494e-15 0)
(2 -1.18488e-15 0)
(2 -1.46897e-15 0)
(2 -3.14137e-15 0)
(2 -3.55329e-15 0)
(2 -4.48727e-15 0)
(2 -5.13675e-15 0)
(2 -5.4758e-15 0)
(2 -5.3853e-15 0)
(2 -4.86483e-15 0)
(2 -4.79999e-15 0)
(2 -4.7725e-15 0)
(2 -4.54572e-15 0)
(2 -5.19247e-15 0)
(2 -5.763e-15 0)
(2 -6.03377e-15 0)
(2 -5.74626e-15 0)
(2 -5.29723e-15 0)
(2 -5.01382e-15 0)
(2 -4.47548e-15 0)
(2 -4.56182e-15 0)
(2 -4.68895e-15 0)
(2 -4.86713e-15 0)
(2 -4.47057e-15 0)
(2 -5.35221e-15 0)
(2 -6.24294e-15 0)
(2 -5.78976e-15 0)
(2 -5.39056e-15 0)
(2 -2.7418e-15 0)
(2 -2.26348e-15 0)
(2 7.49171e-16 0)
(2 2.16272e-15 0)
(2 5.79654e-16 0)
(2 5.26953e-17 0)
(2 -6.39195e-16 0)
(2 -1.48914e-15 0)
(2 -2.75143e-15 0)
(2 -4.53726e-15 0)
(2 -4.22568e-15 0)
(2 -3.39412e-15 0)
(2 -1.30478e-15 0)
(2 1.54561e-16 0)
(2 -1.09629e-15 0)
(2 -2.29333e-15 0)
(2 -2.99437e-15 0)
(2 -2.77784e-15 0)
(2 -2.49948e-15 0)
(2 -2.86147e-15 0)
(2 -4.72857e-15 0)
(2 -5.26923e-15 0)
(2 -5.38492e-15 0)
(2 -7.31847e-15 0)
(2 -7.95191e-15 0)
(2 -1.11879e-14 0)
(2 -1.22979e-14 0)
(2 -1.30046e-14 0)
(2 -1.29061e-14 0)
(2 -1.25339e-14 0)
(2 -1.12807e-14 0)
(2 -1.17526e-14 0)
(2 -1.2354e-14 0)
(2 -1.18844e-14 0)
(2 -1.13437e-14 0)
(2 -1.18947e-14 0)
(2 -1.2669e-14 0)
(2 -1.25774e-14 0)
(2 -1.21513e-14 0)
(2 -1.16976e-14 0)
(2 -1.11478e-14 0)
(2 -9.96453e-15 0)
(2 -8.60372e-15 0)
(2 -6.87979e-15 0)
(2 -5.31506e-15 0)
(2 -3.20851e-15 0)
(2 -1.83736e-15 0)
(2 1.23628e-16 0)
(2 -5.55657e-16 0)
(2 -8.37414e-16 0)
(2 9.26646e-16 0)
(2 6.55184e-16 0)
(2 -5.33812e-16 0)
(2 -3.36772e-15 0)
(2 -5.63577e-15 0)
(2 -6.92558e-15 0)
(2 -5.9313e-15 0)
(2 -4.94389e-15 0)
(2 -3.62888e-15 0)
(2 -1.94388e-15 0)
(2 -2.49728e-16 0)
(2 6.89536e-16 0)
(2 8.24709e-16 0)
(2 9.47274e-16 0)
(2 2.06412e-15 0)
(2 2.68612e-15 0)
(2 2.46506e-15 0)
(2 1.74456e-15 0)
(2 6.15121e-16 0)
(2 -8.39639e-16 0)
(2 -2.11113e-15 0)
(2 -3.22113e-15 0)
(2 -3.63354e-15 0)
(2 -4.05966e-15 0)
(2 -4.76414e-15 0)
(2 -5.015e-15 0)
(2 -4.47772e-15 0)
(2 -5.45823e-15 0)
(2 -6.37004e-15 0)
(2 -5.06304e-15 0)
(2 -3.78355e-15 0)
(2 -3.03441e-15 0)
(2 -2.22224e-15 0)
(2 -2.13404e-15 0)
(2 -2.41469e-15 0)
(2 -3.66785e-15 0)
(2 -4.50976e-15 0)
(2 -5.19284e-15 0)
(2 -5.81493e-16 0)
(2 -7.23988e-16 0)
(2 2.03848e-16 0)
(2 1.7095e-17 0)
(2 1.19119e-15 0)
(2 3.42386e-16 0)
(2 -1.51208e-15 0)
(2 -2.47772e-15 0)
(2 -2.46742e-15 0)
(2 -2.16038e-15 0)
(2 -1.2348e-15 0)
(2 -3.78057e-16 0)
(2 1.0835e-15 0)
(2 4.44042e-18 0)
(2 -1.08951e-15 0)
(2 -1.79308e-15 0)
(2 -2.74127e-15 0)
(2 -1.89708e-15 0)
(2 -2.5947e-15 0)
(2 -3.1296e-15 0)
(2 -4.6201e-15 0)
(2 -5.82145e-15 0)
(2 -5.50868e-15 0)
(2 -5.3265e-15 0)
(2 -4.10311e-15 0)
(2 -4.7769e-15 0)
(2 -6.00919e-15 0)
(2 -8.1524e-15 0)
(2 -8.87178e-15 0)
(2 -8.01502e-15 0)
(2 -8.32567e-15 0)
(2 -9.34148e-15 0)
(2 -1.00748e-14 0)
(2 -1.00705e-14 0)
(2 -1.08272e-14 0)
(2 -1.12661e-14 0)
(2 -1.19302e-14 0)
(2 -1.247e-14 0)
(2 -1.2511e-14 0)
(2 -1.19909e-14 0)
(2 -1.10863e-14 0)
(2 -1.00746e-14 0)
(2 -8.91446e-15 0)
(2 -8.1147e-15 0)
(2 -7.44459e-15 0)
(2 -6.19832e-15 0)
(2 -4.7756e-15 0)
(2 -5.65416e-15 0)
(2 -3.90846e-15 0)
(2 -2.4102e-15 0)
(2 -2.52245e-15 0)
(2 -2.71373e-15 0)
(2 -3.06767e-15 0)
(2 -3.54764e-15 0)
(2 -4.45831e-15 0)
(2 -4.83058e-15 0)
(2 -3.73665e-15 0)
(2 -3.03448e-15 0)
(2 -2.29676e-15 0)
(2 -1.23031e-15 0)
(2 2.85156e-16 0)
(2 1.3997e-15 0)
(2 2.38941e-15 0)
(2 5.08471e-15 0)
(2 4.61731e-15 0)
(2 4.33666e-15 0)
(2 3.76964e-15 0)
(2 2.78797e-15 0)
(2 1.36415e-15 0)
(2 -4.47956e-16 0)
(2 -1.35859e-15 0)
(2 -1.63693e-15 0)
(2 -1.50404e-15 0)
(2 -1.82709e-15 0)
(2 -1.93361e-15 0)
(2 -2.56134e-15 0)
(2 -4.39525e-15 0)
(2 -4.36432e-15 0)
(2 -5.55447e-15 0)
(2 -5.33685e-15 0)
(2 -3.61062e-15 0)
(2 -2.6507e-15 0)
(2 -2.15063e-15 0)
(2 -2.07505e-15 0)
(2 -2.30364e-15 0)
(2 -2.05048e-15 0)
(2 -2.35518e-15 0)
(2 -2.68745e-15 0)
(2 -4.11766e-15 0)
(2 -3.49374e-15 0)
(2 -2.46918e-15 0)
(2 -2.696e-15 0)
(2 -1.71205e-15 0)
(2 -2.80151e-16 0)
(2 -3.60278e-16 0)
(2 -4.69079e-16 0)
(2 -2.51569e-16 0)
(2 4.50154e-16 0)
(2 5.82343e-16 0)
(2 1.56199e-16 0)
(2 -1.45071e-16 0)
(2 -1.74081e-15 0)
(2 -2.63991e-15 0)
(2 -2.84632e-15 0)
(2 -2.76939e-15 0)
(2 -3.50833e-15 0)
(2 -4.60223e-15 0)
(2 -4.67895e-15 0)
(2 -3.63563e-15 0)
(2 -2.77284e-15 0)
(2 -2.59306e-15 0)
(2 -2.21034e-15 0)
(2 -1.71891e-15 0)
(2 -1.91727e-15 0)
(2 -3.00984e-15 0)
(2 -4.45553e-15 0)
(2 -5.03399e-15 0)
(2 -6.37358e-15 0)
(2 -8.09238e-15 0)
(2 -8.85389e-15 0)
(2 -9.3999e-15 0)
(2 -1.08107e-14 0)
(2 -1.0656e-14 0)
(2 -1.06184e-14 0)
(2 -1.10543e-14 0)
(2 -1.24786e-14 0)
(2 -1.28485e-14 0)
(2 -1.26548e-14 0)
(2 -1.2332e-14 0)
(2 -1.25996e-14 0)
(2 -1.30849e-14 0)
(2 -1.29137e-14 0)
(2 -1.23896e-14 0)
(2 -1.09699e-14 0)
(2 -8.81983e-15 0)
(2 -8.32388e-15 0)
(2 -8.1004e-15 0)
(2 -6.52473e-15 0)
(2 -5.7854e-15 0)
(2 -4.47039e-15 0)
(2 -4.47277e-15 0)
(2 -3.45555e-15 0)
(2 -2.91311e-15 0)
(2 -1.98476e-15 0)
(2 -1.80834e-15 0)
(2 -1.31923e-15 0)
(2 -9.70242e-17 0)
(2 1.72313e-15 0)
(2 3.09199e-15 0)
(2 3.40931e-15 0)
(2 3.37152e-15 0)
(2 3.34057e-15 0)
(2 2.96146e-15 0)
(2 2.45508e-15 0)
(2 1.79299e-15 0)
(2 7.27679e-16 0)
(2 -8.0612e-16 0)
(2 -6.8465e-16 0)
(2 -3.51239e-16 0)
(2 7.26252e-17 0)
(2 6.22489e-16 0)
(2 2.23492e-16 0)
(2 -1.21184e-17 0)
(2 -5.60813e-16 0)
(2 -2.25158e-15 0)
(2 -2.89878e-15 0)
(2 -3.48679e-15 0)
(2 -4.91597e-15 0)
(2 -6.09811e-15 0)
(2 -6.16686e-15 0)
(2 -5.87364e-15 0)
(2 -5.76256e-15 0)
(2 -5.12453e-15 0)
(2 -3.48649e-15 0)
(2 -2.73388e-15 0)
(2 -5.78151e-16 0)
(2 -5.76481e-15 0)
(2 -5.68557e-15 0)
(2 -5.38312e-15 0)
(2 -4.86069e-15 0)
(2 -4.87675e-15 0)
(2 -3.45407e-15 0)
(2 -5.65163e-17 0)
(2 1.44635e-15 0)
(2 6.82139e-16 0)
(2 -3.59978e-17 0)
(2 -2.91449e-16 0)
(2 -9.08914e-16 0)
(2 -1.62257e-15 0)
(2 -3.38562e-15 0)
(2 -5.1634e-15 0)
(2 -5.57137e-15 0)
(2 -5.41986e-15 0)
(2 -7.28136e-15 0)
(2 -7.75321e-15 0)
(2 -6.87137e-15 0)
(2 -6.09604e-15 0)
(2 -4.77724e-15 0)
(2 -4.41769e-15 0)
(2 -4.86082e-15 0)
(2 -5.44057e-15 0)
(2 -5.64001e-15 0)
(2 -5.23991e-15 0)
(2 -5.47033e-15 0)
(2 -6.10026e-15 0)
(2 -8.62513e-15 0)
(2 -9.33578e-15 0)
(2 -9.49627e-15 0)
(2 -9.93156e-15 0)
(2 -1.12654e-14 0)
(2 -1.19641e-14 0)
(2 -1.26103e-14 0)
(2 -1.21778e-14 0)
(2 -1.19505e-14 0)
(2 -1.27281e-14 0)
(2 -1.36858e-14 0)
(2 -1.26436e-14 0)
(2 -1.29144e-14 0)
(2 -1.27299e-14 0)
(2 -1.21518e-14 0)
(2 -1.161e-14 0)
(2 -1.14954e-14 0)
(2 -9.8219e-15 0)
(2 -7.40966e-15 0)
(2 -7.67415e-15 0)
(2 -7.11172e-15 0)
(2 -5.97884e-15 0)
(2 -5.17815e-15 0)
(2 -4.80253e-15 0)
(2 -3.89747e-15 0)
(2 -3.30872e-15 0)
(2 -2.89058e-15 0)
(2 -1.67294e-15 0)
(2 -2.72089e-16 0)
(2 3.62819e-16 0)
(2 7.1216e-16 0)
(2 1.07149e-15 0)
(2 6.62565e-16 0)
(2 6.63716e-16 0)
(2 1.89848e-16 0)
(2 4.78238e-17 0)
(2 -1.0897e-17 0)
(2 -2.11376e-16 0)
(2 -3.27199e-17 0)
(2 -4.47045e-16 0)
(2 2.60709e-17 0)
(2 2.57159e-16 0)
(2 1.33852e-15 0)
(2 2.37753e-16 0)
(2 -4.7388e-16 0)
(2 -4.67514e-16 0)
(2 -1.19867e-15 0)
(2 -2.16545e-15 0)
(2 -2.88825e-15 0)
(2 -3.63539e-15 0)
(2 -5.09872e-15 0)
(2 -7.34994e-15 0)
(2 -8.81274e-15 0)
(2 -9.46813e-15 0)
(2 -8.95257e-15 0)
(2 -7.31874e-15 0)
(2 -6.37373e-15 0)
(2 -4.38783e-15 0)
(2 -1.16227e-15 0)
(2 -2.0426e-15 0)
(2 -3.45452e-15 0)
(2 -4.81931e-15 0)
(2 -5.64288e-15 0)
(2 -5.34732e-15 0)
(2 -4.67951e-15 0)
(2 -3.12163e-15 0)
(2 -2.31638e-15 0)
(2 -2.81104e-15 0)
(2 -4.03181e-15 0)
(2 -4.03463e-15 0)
(2 -3.54322e-15 0)
(2 -2.99454e-15 0)
(2 -4.70573e-15 0)
(2 -5.53505e-15 0)
(2 -6.76914e-15 0)
(2 -7.80568e-15 0)
(2 -8.38508e-15 0)
(2 -8.55364e-15 0)
(2 -8.68166e-15 0)
(2 -8.41626e-15 0)
(2 -7.86976e-15 0)
(2 -7.37471e-15 0)
(2 -9.1859e-15 0)
(2 -9.92789e-15 0)
(2 -8.63044e-15 0)
(2 -7.3119e-15 0)
(2 -7.05168e-15 0)
(2 -7.29934e-15 0)
(2 -8.08765e-15 0)
(2 -8.91791e-15 0)
(2 -9.21047e-15 0)
(2 -9.58941e-15 0)
(2 -1.05094e-14 0)
(2 -1.18753e-14 0)
(2 -1.3217e-14 0)
(2 -1.2508e-14 0)
(2 -1.03476e-14 0)
(2 -1.02981e-14 0)
(2 -1.10826e-14 0)
(2 -1.16237e-14 0)
(2 -1.11658e-14 0)
(2 -1.05974e-14 0)
(2 -9.93851e-15 0)
(2 -1.00949e-14 0)
(2 -1.06235e-14 0)
(2 -1.07827e-14 0)
(2 -9.57174e-15 0)
(2 -6.59941e-15 0)
(2 -6.50268e-15 0)
(2 -5.36805e-15 0)
(2 -4.82624e-15 0)
(2 -2.65191e-15 0)
(2 -2.52948e-15 0)
(2 -1.78669e-15 0)
(2 -1.09994e-15 0)
(2 1.03929e-16 0)
(2 8.00335e-16 0)
(2 1.16308e-15 0)
(2 5.99495e-16 0)
(2 1.0269e-16 0)
(2 -1.43607e-16 0)
(2 -8.86191e-17 0)
(2 -6.7198e-17 0)
(2 5.43061e-17 0)
(2 -3.24483e-16 0)
(2 -5.9364e-16 0)
(2 8.78534e-17 0)
(2 1.1402e-15 0)
(2 1.07605e-15 0)
(2 1.8519e-16 0)
(2 -1.56156e-16 0)
(2 -2.19164e-15 0)
(2 -2.54235e-15 0)
(2 -2.99142e-15 0)
(2 -2.9063e-15 0)
(2 -3.36102e-15 0)
(2 -2.70238e-15 0)
(2 -2.01539e-15 0)
(2 -2.81963e-15 0)
(2 -4.85483e-15 0)
(2 -6.07481e-15 0)
(2 -7.78771e-15 0)
(2 -7.41029e-15 0)
(2 -7.70978e-15 0)
(2 -7.42112e-15 0)
(2 -5.93052e-15 0)
(2 -7.63012e-15 0)
(2 1.46688e-15 0)
(2 7.97136e-16 0)
(2 3.05695e-16 0)
(2 -4.34276e-16 0)
(2 -9.82884e-16 0)
(2 -2.19254e-15 0)
(2 -3.17079e-15 0)
(2 -4.65645e-15 0)
(2 -2.6312e-15 0)
(2 -2.05731e-15 0)
(2 -2.54987e-15 0)
(2 -2.8133e-15 0)
(2 -2.35515e-15 0)
(2 -3.04932e-15 0)
(2 -3.90369e-15 0)
(2 -4.99715e-15 0)
(2 -6.71036e-15 0)
(2 -6.96696e-15 0)
(2 -6.77795e-15 0)
(2 -7.16604e-15 0)
(2 -7.90774e-15 0)
(2 -8.16166e-15 0)
(2 -7.80998e-15 0)
(2 -7.02649e-15 0)
(2 -7.63452e-15 0)
(2 -8.12657e-15 0)
(2 -8.70353e-15 0)
(2 -9.2419e-15 0)
(2 -9.27853e-15 0)
(2 -8.8167e-15 0)
(2 -8.39119e-15 0)
(2 -8.44901e-15 0)
(2 -8.17953e-15 0)
(2 -9.19699e-15 0)
(2 -9.66439e-15 0)
(2 -8.68905e-15 0)
(2 -7.76503e-15 0)
(2 -6.73031e-15 0)
(2 -5.89831e-15 0)
(2 -5.4204e-15 0)
(2 -6.74174e-15 0)
(2 -6.72509e-15 0)
(2 -7.10849e-15 0)
(2 -6.73785e-15 0)
(2 -6.03566e-15 0)
(2 -5.54426e-15 0)
(2 -5.25558e-15 0)
(2 -5.33003e-15 0)
(2 -4.57172e-15 0)
(2 -3.14792e-15 0)
(2 -2.66793e-15 0)
(2 -3.56024e-15 0)
(2 -2.80195e-15 0)
(2 -2.95773e-15 0)
(2 -1.48694e-15 0)
(2 6.98609e-16 0)
(2 2.06972e-15 0)
(2 1.18544e-15 0)
(2 3.43506e-16 0)
(2 3.24025e-16 0)
(2 1.80841e-16 0)
(2 1.4074e-16 0)
(2 1.3597e-17 0)
(2 -1.61886e-17 0)
(2 -2.751e-16 0)
(2 -5.14552e-16 0)
(2 -8.7533e-16 0)
(2 -9.97308e-17 0)
(2 1.75703e-15 0)
(2 1.75814e-15 0)
(2 1.0571e-15 0)
(2 3.24672e-18 0)
(2 -1.05857e-15 0)
(2 -1.32112e-15 0)
(2 -2.17424e-15 0)
(2 -2.59119e-15 0)
(2 -2.42854e-15 0)
(2 -2.73782e-15 0)
(2 -4.265e-15 0)
(2 -4.25676e-15 0)
(2 -4.63363e-15 0)
(2 -4.89823e-15 0)
(2 -4.15343e-15 0)
(2 -5.29422e-15 0)
(2 -5.849e-15 0)
(2 -6.57868e-15 0)
(2 -7.65429e-15 0)
(2 -9.17376e-15 0)
(2 1.92298e-16 0)
(2 5.38794e-17 0)
(2 -5.08623e-16 0)
(2 -2.63475e-16 0)
(2 -1.16607e-15 0)
(2 -3.00457e-15 0)
(2 -4.04696e-15 0)
(2 -3.41579e-15 0)
(2 -1.89e-15 0)
(2 -1.77429e-15 0)
(2 -2.25883e-15 0)
(2 -3.65743e-15 0)
(2 -5.60018e-15 0)
(2 -6.16374e-15 0)
(2 -6.47621e-15 0)
(2 -7.26272e-15 0)
(2 -7.90496e-15 0)
(2 -7.94503e-15 0)
(2 -7.75717e-15 0)
(2 -6.58511e-15 0)
(2 -6.52849e-15 0)
(2 -5.91183e-15 0)
(2 -5.61054e-15 0)
(2 -3.60826e-15 0)
(2 -4.26211e-15 0)
(2 -5.52279e-15 0)
(2 -7.43077e-15 0)
(2 -1.03253e-14 0)
(2 -1.14914e-14 0)
(2 -1.09553e-14 0)
(2 -8.7129e-15 0)
(2 -6.74229e-15 0)
(2 -5.96237e-15 0)
(2 -5.23001e-15 0)
(2 -5.16589e-15 0)
(2 -5.0371e-15 0)
(2 -4.52978e-15 0)
(2 -4.07719e-15 0)
(2 -3.27153e-15 0)
(2 -2.6733e-15 0)
(2 -1.93168e-15 0)
(2 -1.71593e-15 0)
(2 -1.43543e-15 0)
(2 -1.79269e-15 0)
(2 -2.29326e-15 0)
(2 -2.59681e-15 0)
(2 -3.25661e-15 0)
(2 -5.38263e-15 0)
(2 -6.56477e-15 0)
(2 -6.57622e-15 0)
(2 -7.05272e-15 0)
(2 -7.52693e-15 0)
(2 -7.62316e-15 0)
(2 -8.07908e-15 0)
(2 -6.62549e-15 0)
(2 -5.4216e-15 0)
(2 -3.13979e-15 0)
(2 -3.29555e-15 0)
(2 -3.41948e-15 0)
(2 -2.88907e-15 0)
(2 -2.67693e-15 0)
(2 -2.14887e-15 0)
(2 -2.36656e-15 0)
(2 -2.86514e-15 0)
(2 -3.59822e-15 0)
(2 -3.34593e-15 0)
(2 -2.5246e-15 0)
(2 -2.53257e-15 0)
(2 -2.64509e-15 0)
(2 -2.98534e-15 0)
(2 -2.80412e-15 0)
(2 -3.48568e-15 0)
(2 -4.22222e-15 0)
(2 -4.98857e-15 0)
(2 -5.4894e-15 0)
(2 -5.78009e-15 0)
(2 -5.83966e-15 0)
(2 -6.66784e-15 0)
(2 -7.23831e-15 0)
(2 -7.9591e-15 0)
(2 -7.40789e-15 0)
(2 -6.27156e-15 0)
(2 -5.2667e-15 0)
(2 -5.41919e-15 0)
(2 -4.60056e-15 0)
(2 -4.3898e-15 0)
(2 -4.35176e-15 0)
(2 -3.84551e-15 0)
(2 -2.27958e-15 0)
(2 -1.01218e-15 0)
(2 -1.45959e-15 0)
(2 -1.38633e-15 0)
(2 -1.20762e-15 0)
(2 -1.47449e-15 0)
(2 -2.2179e-15 0)
(2 -1.58103e-15 0)
(2 -1.32339e-15 0)
(2 -2.42689e-15 0)
(2 -2.70466e-15 0)
(2 -3.09528e-15 0)
(2 -4.62795e-15 0)
(2 -5.45159e-15 0)
(2 -5.0851e-15 0)
(2 -6.19717e-15 0)
(2 -6.57756e-15 0)
(2 -7.3199e-15 0)
(2 -6.89257e-15 0)
(2 -6.50448e-15 0)
(2 -5.50197e-15 0)
(2 -4.33135e-15 0)
(2 -3.98891e-15 0)
(2 -3.62802e-15 0)
(2 -2.82183e-15 0)
(2 -3.14687e-15 0)
(2 -4.62912e-15 0)
(2 -6.56389e-15 0)
(2 -8.98536e-15 0)
(2 -9.14293e-15 0)
(2 -7.93009e-15 0)
(2 -6.67567e-15 0)
(2 -6.04691e-15 0)
(2 -4.25109e-15 0)
(2 -2.92828e-15 0)
(2 -3.31864e-15 0)
(2 -3.47632e-15 0)
(2 -3.05515e-15 0)
(2 -2.26714e-15 0)
(2 -1.76329e-15 0)
(2 -1.21092e-15 0)
(2 -9.57426e-16 0)
(2 -7.30761e-16 0)
(2 -6.60029e-16 0)
(2 -1.94232e-15 0)
(2 -2.48249e-15 0)
(2 -3.96134e-15 0)
(2 -5.48378e-15 0)
(2 -6.66355e-15 0)
(2 -7.20701e-15 0)
(2 -7.68989e-15 0)
(2 -7.95678e-15 0)
(2 -7.85262e-15 0)
(2 -7.6945e-15 0)
(2 -7.13259e-15 0)
(2 -6.92247e-15 0)
(2 -6.93505e-15 0)
(2 -7.35084e-15 0)
(2 -8.06306e-15 0)
(2 -6.98167e-15 0)
(2 -5.0667e-15 0)
(2 -3.22025e-15 0)
(2 -3.52265e-15 0)
(2 -3.41131e-15 0)
(2 -2.65409e-15 0)
(2 -1.68978e-15 0)
(2 -1.72758e-15 0)
(2 -3.70355e-15 0)
(2 -5.47996e-15 0)
(2 -5.56818e-15 0)
(2 -5.32328e-15 0)
(2 -4.84104e-15 0)
(2 -4.26144e-15 0)
(2 -3.90444e-15 0)
(2 -3.94851e-15 0)
(2 -4.01404e-15 0)
(2 -4.66467e-15 0)
(2 -5.55928e-15 0)
(2 -6.60664e-15 0)
(2 -6.66447e-15 0)
(2 -5.96368e-15 0)
(2 -5.9889e-15 0)
(2 -6.40815e-15 0)
(2 -6.63904e-15 0)
(2 -6.00471e-15 0)
(2 -4.58776e-15 0)
(2 -2.52267e-15 0)
(2 -5.08705e-16 0)
(2 -5.60218e-15 0)
(2 -5.21656e-15 0)
(2 -4.89698e-15 0)
(2 -4.29676e-15 0)
(2 -3.3105e-15 0)
(2 -3.30594e-15 0)
(2 -2.90846e-15 0)
(2 -2.40217e-15 0)
(2 -3.43763e-15 0)
(2 -2.77661e-15 0)
(2 -1.80402e-15 0)
(2 -1.64822e-15 0)
(2 -1.57716e-15 0)
(2 -2.18765e-15 0)
(2 -1.78535e-15 0)
(2 -1.81182e-15 0)
(2 -2.01475e-15 0)
(2 -2.27709e-15 0)
(2 -3.17292e-15 0)
(2 -4.39144e-15 0)
(2 -4.23465e-15 0)
(2 -5.20732e-15 0)
(2 -5.08822e-15 0)
(2 -5.1764e-15 0)
(2 -4.80386e-15 0)
(2 -4.77192e-15 0)
(2 -4.42723e-15 0)
(2 -4.51312e-15 0)
(2 -5.55436e-15 0)
(2 -7.57399e-15 0)
(2 -7.83271e-15 0)
(2 -6.78662e-15 0)
(2 -5.57154e-15 0)
(2 -5.04234e-15 0)
(2 -4.49682e-15 0)
(2 -4.51984e-15 0)
(2 -4.75146e-15 0)
(2 -3.92189e-15 0)
(2 -3.00679e-15 0)
(2 -1.1016e-15 0)
(2 -4.95781e-16 0)
(2 -2.17494e-15 0)
(2 -3.88429e-15 0)
(2 -2.54179e-15 0)
(2 -2.6758e-15 0)
(2 -3.09736e-15 0)
(2 -3.8557e-15 0)
(2 -4.33906e-15 0)
(2 -4.99883e-15 0)
(2 -5.82363e-15 0)
(2 -5.98857e-15 0)
(2 -5.88201e-15 0)
(2 -5.63798e-15 0)
(2 -5.37567e-15 0)
(2 -6.49483e-15 0)
(2 -6.89579e-15 0)
(2 -8.7343e-15 0)
(2 -1.0228e-14 0)
(2 -1.03609e-14 0)
(2 -9.08595e-15 0)
(2 -7.10426e-15 0)
(2 -4.87971e-15 0)
(2 -4.88084e-15 0)
(2 -3.75254e-15 0)
(2 -7.38784e-16 0)
(2 9.67969e-16 0)
(2 3.05618e-15 0)
(2 1.63465e-15 0)
(2 3.96388e-16 0)
(2 -2.36078e-15 0)
(2 -2.55781e-15 0)
(2 -2.4891e-15 0)
(2 -2.51318e-15 0)
(2 -1.72968e-15 0)
(2 -1.61744e-15 0)
(2 -1.57393e-15 0)
(2 -1.53959e-15 0)
(2 -1.86261e-15 0)
(2 -3.24292e-15 0)
(2 -3.45596e-15 0)
(2 -3.46398e-15 0)
(2 -3.69767e-15 0)
(2 -3.81336e-15 0)
(2 -4.32426e-15 0)
(2 -4.50178e-15 0)
(2 -4.72285e-15 0)
(2 -5.26008e-15 0)
(2 -3.99846e-15 0)
(2 -8.20263e-15 0)
(2 -7.50977e-15 0)
(2 -5.58473e-15 0)
(2 -5.64429e-15 0)
(2 -5.00055e-15 0)
(2 -5.16667e-15 0)
(2 -4.76921e-15 0)
(2 -5.47825e-15 0)
(2 -5.2227e-15 0)
(2 -4.0355e-15 0)
(2 -3.03018e-15 0)
(2 -3.48261e-15 0)
(2 -3.19505e-15 0)
(2 -2.50998e-15 0)
(2 -2.22209e-15 0)
(2 -1.54296e-15 0)
(2 -8.82382e-16 0)
(2 -4.52763e-16 0)
(2 -9.9926e-16 0)
(2 -1.06065e-15 0)
(2 -1.65993e-15 0)
(2 -3.36242e-15 0)
(2 -4.55823e-15 0)
(2 -6.08181e-15 0)
(2 -6.58191e-15 0)
(2 -6.09177e-15 0)
(2 -4.96497e-15 0)
(2 -3.66133e-15 0)
(2 -2.37958e-15 0)
(2 -2.90836e-15 0)
(2 -4.05175e-15 0)
(2 -4.69221e-15 0)
(2 -5.39888e-15 0)
(2 -4.88426e-15 0)
(2 -5.06184e-15 0)
(2 -4.65879e-15 0)
(2 -4.26007e-15 0)
(2 -2.69887e-15 0)
(2 -1.99124e-15 0)
(2 -3.13173e-15 0)
(2 -4.47783e-15 0)
(2 -5.34063e-15 0)
(2 -5.64637e-15 0)
(2 -5.63859e-15 0)
(2 -5.48003e-15 0)
(2 -5.48736e-15 0)
(2 -5.49649e-15 0)
(2 -5.88354e-15 0)
(2 -6.09549e-15 0)
(2 -6.04e-15 0)
(2 -5.62243e-15 0)
(2 -4.68204e-15 0)
(2 -4.98438e-15 0)
(2 -6.05204e-15 0)
(2 -7.4261e-15 0)
(2 -8.55144e-15 0)
(2 -9.50219e-15 0)
(2 -9.35902e-15 0)
(2 -7.88938e-15 0)
(2 -7.08984e-15 0)
(2 -6.29486e-15 0)
(2 -6.54911e-15 0)
(2 -4.51358e-15 0)
(2 -3.25126e-15 0)
(2 -3.31886e-15 0)
(2 -2.75644e-15 0)
(2 -2.36698e-15 0)
(2 5.30742e-18 0)
(2 1.06375e-15 0)
(2 4.30298e-16 0)
(2 -1.53879e-15 0)
(2 -2.81601e-15 0)
(2 -3.97754e-15 0)
(2 -5.06309e-15 0)
(2 -5.64881e-15 0)
(2 -6.73704e-15 0)
(2 -6.49766e-15 0)
(2 -5.87454e-15 0)
(2 -4.41255e-15 0)
(2 -3.36938e-15 0)
(2 -2.28577e-15 0)
(2 -1.23995e-15 0)
(2 1.0649e-16 0)
(2 3.36267e-16 0)
(2 -3.16652e-16 0)
(2 -1.31321e-15 0)
(2 -4.53201e-15 0)
(2 -5.11126e-15 0)
(2 -5.88235e-15 0)
(2 -5.21766e-15 0)
(2 -3.89579e-15 0)
(2 -3.07906e-15 0)
(2 -4.50405e-15 0)
(2 -3.89007e-15 0)
(2 -4.83736e-15 0)
(2 -6.25427e-15 0)
(2 -5.65858e-15 0)
(2 -4.42261e-15 0)
(2 -4.23592e-15 0)
(2 -3.2439e-15 0)
(2 -1.82922e-15 0)
(2 -1.13315e-16 0)
(2 4.2044e-16 0)
(2 2.93302e-16 0)
(2 -2.23312e-16 0)
(2 -7.3421e-16 0)
(2 -1.25312e-15 0)
(2 -1.0492e-15 0)
(2 -1.57269e-15 0)
(2 -2.7617e-15 0)
(2 -4.04923e-15 0)
(2 -4.52004e-15 0)
(2 -4.3906e-15 0)
(2 -3.96449e-15 0)
(2 -3.66437e-15 0)
(2 -3.15691e-15 0)
(2 -2.09161e-15 0)
(2 -7.03284e-16 0)
(2 -1.44557e-15 0)
(2 -3.05267e-15 0)
(2 -5.30149e-15 0)
(2 -6.54982e-15 0)
(2 -6.86597e-15 0)
(2 -5.5739e-15 0)
(2 -3.72189e-15 0)
(2 -3.75715e-15 0)
(2 -3.95988e-15 0)
(2 -4.72278e-15 0)
(2 -5.62087e-15 0)
(2 -4.88776e-15 0)
(2 -4.17211e-15 0)
(2 -4.93364e-15 0)
(2 -4.54875e-15 0)
(2 -4.33568e-15 0)
(2 -4.18442e-15 0)
(2 -3.63457e-15 0)
(2 -3.48797e-15 0)
(2 -3.23137e-15 0)
(2 -3.63575e-15 0)
(2 -4.22566e-15 0)
(2 -5.19017e-15 0)
(2 -5.63578e-15 0)
(2 -5.50174e-15 0)
(2 -5.81211e-15 0)
(2 -6.13051e-15 0)
(2 -5.72389e-15 0)
(2 -4.7617e-15 0)
(2 -5.43984e-15 0)
(2 -5.46391e-15 0)
(2 -5.41466e-15 0)
(2 -4.65861e-15 0)
(2 -4.35161e-15 0)
(2 -6.75483e-15 0)
(2 -7.44211e-15 0)
(2 -5.61735e-15 0)
(2 -1.50968e-15 0)
(2 3.00187e-16 0)
(2 7.30886e-16 0)
(2 3.08182e-16 0)
(2 -1.10305e-15 0)
(2 -2.52458e-15 0)
(2 -3.21073e-15 0)
(2 -3.91407e-15 0)
(2 -3.77434e-15 0)
(2 -3.70335e-15 0)
(2 -3.04931e-15 0)
(2 -1.58196e-15 0)
(2 4.15758e-16 0)
(2 1.88312e-15 0)
(2 2.65633e-15 0)
(2 2.89686e-15 0)
(2 2.59609e-15 0)
(2 6.75791e-16 0)
(2 1.45454e-16 0)
(2 -4.14651e-16 0)
(2 -1.73139e-15 0)
(2 -2.24191e-15 0)
(2 -1.26233e-15 0)
(2 -1.40551e-15 0)
(2 -1.33103e-15 0)
(2 -2.70562e-15 0)
(2 -3.50748e-15 0)
(2 -3.31034e-15 0)
(2 -2.85556e-15 0)
(2 -4.37329e-15 0)
(2 -4.54402e-15 0)
(2 -4.8591e-15 0)
(2 -3.08245e-15 0)
(2 -1.89802e-15 0)
(2 -1.32885e-16 0)
(2 3.77967e-16 0)
(2 -2.43581e-17 0)
(2 5.39458e-16 0)
(2 4.67289e-16 0)
(2 4.34768e-17 0)
(2 -8.86663e-16 0)
(2 -2.44014e-15 0)
(2 -2.43759e-15 0)
(2 -3.22797e-15 0)
(2 -3.45591e-15 0)
(2 -2.97026e-15 0)
(2 -3.11023e-15 0)
(2 -2.92095e-15 0)
(2 -2.29667e-15 0)
(2 -1.85908e-15 0)
(2 -2.18556e-15 0)
(2 -2.74937e-15 0)
(2 -2.74571e-15 0)
(2 -2.53747e-15 0)
(2 -2.46214e-15 0)
(2 -2.74e-15 0)
(2 -2.46189e-15 0)
(2 -2.85887e-15 0)
(2 -3.43326e-15 0)
(2 -3.79265e-15 0)
(2 -3.29209e-15 0)
(2 -2.28547e-15 0)
(2 -9.00362e-16 0)
(2 -3.88579e-16 0)
(2 -1.37e-15 0)
(2 -1.45593e-15 0)
(2 -1.52352e-15 0)
(2 -1.58196e-15 0)
(2 -1.21082e-15 0)
(2 -1.50754e-15 0)
(2 -2.85463e-15 0)
(2 -3.77555e-15 0)
(2 -4.86716e-15 0)
(2 -5.06188e-15 0)
(2 -4.48341e-15 0)
(2 -4.55213e-15 0)
(2 -4.8694e-15 0)
(2 -5.33216e-15 0)
(2 -4.89113e-15 0)
(2 -5.77656e-15 0)
(2 -5.57611e-15 0)
(2 -6.15918e-15 0)
(2 -5.8682e-15 0)
(2 -5.78805e-15 0)
(2 -6.33789e-15 0)
(2 -6.47081e-15 0)
(2 -6.62087e-15 0)
(2 -4.53838e-15 0)
(2 -4.2142e-15 0)
(2 -1.91066e-15 0)
(2 -1.57734e-15 0)
(2 -1.69417e-15 0)
(2 -1.50403e-15 0)
(2 -9.96579e-16 0)
(2 -1.5697e-16 0)
(2 8.94619e-16 0)
(2 2.25313e-15 0)
(2 3.23595e-15 0)
(2 3.94957e-15 0)
(2 3.84075e-15 0)
(2 3.7365e-15 0)
(2 4.3184e-15 0)
(2 4.01027e-15 0)
(2 3.78413e-15 0)
(2 3.66499e-15 0)
(2 3.64489e-15 0)
(2 3.32758e-15 0)
(2 4.00913e-15 0)
(2 3.1942e-15 0)
(2 5.45137e-16 0)
(2 4.67797e-16 0)
(2 -4.77141e-16 0)
(2 -4.73705e-16 0)
(2 -1.08194e-15 0)
(2 -1.32591e-15 0)
(2 -1.11626e-15 0)
(2 -7.61177e-16 0)
(2 -4.78289e-16 0)
(2 -8.63292e-16 0)
(2 -1.78301e-15 0)
(2 -1.94683e-15 0)
(2 -2.43527e-16 0)
(2 9.05364e-16 0)
(2 4.52047e-16 0)
(2 5.95536e-16 0)
(2 9.79776e-16 0)
(2 1.61091e-15 0)
(2 8.17095e-16 0)
(2 6.45587e-16 0)
(2 -1.25095e-15 0)
(2 -1.10495e-15 0)
(2 -1.33289e-15 0)
(2 -1.91822e-15 0)
(2 -2.55138e-15 0)
(2 -2.50291e-15 0)
(2 -1.54021e-15 0)
(2 2.26147e-16 0)
(2 5.89182e-17 0)
(2 -8.28176e-16 0)
(2 -1.23275e-15 0)
(2 -1.26344e-15 0)
(2 -1.61716e-15 0)
(2 -2.54916e-16 0)
(2 2.0289e-17 0)
(2 -5.9107e-16 0)
(2 -1.36772e-15 0)
(2 -2.63807e-15 0)
(2 -3.35693e-15 0)
(2 -3.04501e-15 0)
(2 -6.128e-16 0)
(2 9.70237e-16 0)
(2 1.40688e-15 0)
(2 7.16443e-16 0)
(2 4.10444e-16 0)
(2 2.28388e-16 0)
(2 -9.05641e-16 0)
(2 -1.6101e-15 0)
(2 -3.57801e-15 0)
(2 -4.44854e-15 0)
(2 -4.58831e-15 0)
(2 -4.55396e-15 0)
(2 -4.54023e-15 0)
(2 -4.16679e-15 0)
(2 -4.61692e-15 0)
(2 -5.55278e-15 0)
(2 -5.10486e-15 0)
(2 -4.62714e-15 0)
(2 -5.38311e-15 0)
(2 -6.30756e-15 0)
(2 -6.34652e-15 0)
(2 -5.7234e-15 0)
(2 -5.01896e-15 0)
(2 -3.85517e-15 0)
(2 -3.96402e-15 0)
(2 -4.27791e-15 0)
(2 -4.29394e-15 0)
(2 -4.54138e-15 0)
(2 -3.72237e-15 0)
(2 -1.7659e-15 0)
(2 8.21733e-16 0)
(2 1.682e-15 0)
(2 1.76447e-15 0)
(2 2.12645e-15 0)
(2 2.93287e-15 0)
(2 3.99818e-15 0)
(2 5.52396e-15 0)
(2 7.48042e-15 0)
(2 7.41512e-15 0)
(2 6.76906e-15 0)
(2 6.79083e-15 0)
(2 5.80687e-15 0)
(2 5.68659e-15 0)
(2 5.69922e-15 0)
(2 6.82292e-15 0)
(2 7.64192e-15 0)
(2 7.1253e-15 0)
(2 5.63615e-15 0)
(2 -1.41927e-15 0)
(2 -1.9346e-15 0)
(2 -3.04584e-15 0)
(2 -2.09396e-15 0)
(2 -3.01953e-15 0)
(2 -2.89355e-15 0)
(2 -2.91761e-15 0)
(2 -2.15692e-15 0)
(2 -2.11883e-16 0)
(2 1.53049e-15 0)
(2 2.06643e-15 0)
(2 1.59449e-15 0)
(2 6.44e-16 0)
(2 -1.6518e-15 0)
(2 -1.41243e-15 0)
(2 -1.13986e-15 0)
(2 -1.41682e-15 0)
(2 -1.16964e-15 0)
(2 -2.17882e-15 0)
(2 -2.75499e-15 0)
(2 -2.83976e-15 0)
(2 -3.31968e-15 0)
(2 -2.54529e-15 0)
(2 -1.25089e-15 0)
(2 -8.71715e-16 0)
(2 -2.69201e-16 0)
(2 4.00623e-17 0)
(2 3.77589e-17 0)
(2 -1.50749e-15 0)
(2 -1.58425e-15 0)
(2 -1.87016e-15 0)
(2 -1.98976e-15 0)
(2 -3.2601e-15 0)
(2 -2.54647e-15 0)
(2 -1.49378e-15 0)
(2 -1.82368e-15 0)
(2 -1.95655e-15 0)
(2 -2.64268e-15 0)
(2 -3.79506e-15 0)
(2 -3.52929e-15 0)
(2 -2.795e-15 0)
(2 -2.22341e-15 0)
(2 -9.50772e-16 0)
(2 -7.9061e-17 0)
(2 -5.62355e-16 0)
(2 -9.18726e-16 0)
)
;

boundaryField
{
    inlet
    {
        type            fixedValue;
        value           nonuniform 0();
    }
    outlet
    {
        type            inletOutlet;
        inletValue      nonuniform 0();
        value           nonuniform 0();
    }
    bottom
    {
        type            symmetryPlane;
    }
    top
    {
        type            symmetryPlane;
    }
    obstacle
    {
        type            slip;
    }
    front
    {
        type            empty;
    }
    back
    {
        type            empty;
    }
    procBoundary43to34
    {
        type            processor;
        value           nonuniform List<vector> 
16
(
(2 7.02787e-16 0)
(2 1.72984e-15 0)
(2 -2.86981e-15 0)
(2 -5.05838e-15 0)
(2 -2.08049e-15 0)
(2 -1.25974e-15 0)
(2 -9.46824e-16 0)
(2 8.41746e-16 0)
(2 3.46579e-15 0)
(2 6.31367e-15 0)
(2 2.38008e-15 0)
(2 -2.57142e-15 0)
(2 -2.69397e-15 0)
(2 -3.49562e-15 0)
(2 -2.52127e-15 0)
(2 -4.3361e-15 0)
)
;
    }
    procBoundary43to35
    {
        type            processor;
        value           nonuniform List<vector> 
89
(
(2 5.78488e-15 0)
(2 5.77688e-15 0)
(2 5.72192e-15 0)
(2 5.48942e-15 0)
(2 5.55238e-15 0)
(2 5.13166e-15 0)
(2 4.02727e-15 0)
(2 3.00832e-15 0)
(2 2.65321e-15 0)
(2 2.80554e-15 0)
(2 3.16487e-15 0)
(2 3.68133e-15 0)
(2 4.90173e-15 0)
(2 5.95557e-15 0)
(2 6.7849e-15 0)
(2 6.19581e-15 0)
(2 6.58512e-15 0)
(2 6.73109e-15 0)
(2 6.50773e-15 0)
(2 5.56841e-15 0)
(2 3.89119e-15 0)
(2 3.26325e-15 0)
(2 2.16144e-15 0)
(2 3.00206e-15 0)
(2 3.11504e-15 0)
(2 3.23958e-15 0)
(2 3.07194e-15 0)
(2 2.82767e-15 0)
(2 2.36885e-15 0)
(2 1.45729e-15 0)
(2 1.06522e-15 0)
(2 5.19825e-16 0)
(2 -1.52699e-15 0)
(2 -1.48591e-15 0)
(2 -1.10513e-15 0)
(2 -1.15095e-15 0)
(2 -4.24713e-16 0)
(2 2.55385e-19 0)
(2 3.34729e-16 0)
(2 1.54207e-15 0)
(2 1.85137e-15 0)
(2 1.57993e-15 0)
(2 5.90196e-16 0)
(2 -2.26778e-17 0)
(2 -3.18207e-16 0)
(2 -4.20145e-16 0)
(2 -2.96426e-16 0)
(2 4.02337e-16 0)
(2 1.89604e-15 0)
(2 5.38973e-15 0)
(2 5.9739e-15 0)
(2 5.06209e-15 0)
(2 4.47903e-15 0)
(2 4.63595e-15 0)
(2 4.82839e-15 0)
(2 4.99105e-15 0)
(2 4.5466e-15 0)
(2 4.31291e-15 0)
(2 4.33241e-15 0)
(2 4.29234e-15 0)
(2 3.22932e-15 0)
(2 1.45039e-15 0)
(2 1.36218e-15 0)
(2 2.42291e-15 0)
(2 3.82016e-15 0)
(2 3.52943e-15 0)
(2 1.62336e-15 0)
(2 1.28512e-16 0)
(2 -3.76639e-16 0)
(2 -1.15696e-15 0)
(2 -1.89442e-15 0)
(2 -2.86349e-15 0)
(2 -4.35979e-15 0)
(2 -4.60996e-15 0)
(2 -4.51493e-15 0)
(2 -4.42452e-15 0)
(2 -4.38156e-15 0)
(2 -3.66478e-15 0)
(2 -2.09641e-15 0)
(2 3.30719e-15 0)
(2 4.01952e-15 0)
(2 3.34025e-15 0)
(2 1.91526e-15 0)
(2 1.91181e-15 0)
(2 5.30362e-16 0)
(2 5.17791e-16 0)
(2 -5.03983e-16 0)
(2 3.04869e-16 0)
(2 3.04869e-16 0)
)
;
    }
    procBoundary43to36
    {
        type            processor;
        value           uniform (2 -4.03426e-15 0);
    }
    procBoundary43to42
    {
        type            processor;
        value           nonuniform List<vector> 
11
(
(2 -4.67157e-15 0)
(2 -2.36337e-15 0)
(2 1.79184e-15 0)
(2 5.04695e-16 0)
(2 -3.0003e-15 0)
(2 -4.7833e-15 0)
(2 -6.70738e-15 0)
(2 -6.92026e-15 0)
(2 -3.34731e-15 0)
(2 1.08724e-15 0)
(2 1.51202e-16 0)
)
;
    }
    procBoundary43to44
    {
        type            processor;
        value           nonuniform List<vector> 
26
(
(2 -7.96245e-15 0)
(2 -7.35955e-15 0)
(2 -9.91921e-15 0)
(2 -1.00172e-14 0)
(2 -6.30973e-15 0)
(2 5.41402e-16 0)
(2 1.70553e-15 0)
(2 1.03204e-16 0)
(2 1.98725e-15 0)
(2 2.40045e-15 0)
(2 -1.75499e-17 0)
(2 -2.27673e-15 0)
(2 -4.15972e-15 0)
(2 -6.62959e-15 0)
(2 -3.01326e-15 0)
(2 6.62379e-16 0)
(2 -6.54545e-17 0)
(2 -6.58585e-15 0)
(2 -9.38588e-15 0)
(2 -4.16994e-15 0)
(2 -9.07753e-17 0)
(2 -3.45979e-15 0)
(2 -5.7833e-15 0)
(2 -3.40768e-15 0)
(2 2.72409e-15 0)
(2 4.07613e-15 0)
)
;
    }
    procBoundary43to51
    {
        type            processor;
        value           nonuniform List<vector> 
89
(
(2 -1.52619e-15 0)
(2 -2.54072e-15 0)
(2 -3.44103e-15 0)
(2 -3.93486e-15 0)
(2 -4.46968e-15 0)
(2 -4.90839e-15 0)
(2 -5.80757e-15 0)
(2 -6.00229e-15 0)
(2 -5.57856e-15 0)
(2 -4.9232e-15 0)
(2 -4.59787e-15 0)
(2 -4.98628e-15 0)
(2 -4.83048e-15 0)
(2 -5.02164e-15 0)
(2 -4.84642e-15 0)
(2 -4.99423e-15 0)
(2 -5.31729e-15 0)
(2 -5.6724e-15 0)
(2 -5.43644e-15 0)
(2 -5.5361e-15 0)
(2 -6.39179e-15 0)
(2 -7.29445e-15 0)
(2 -6.19707e-15 0)
(2 -6.05617e-15 0)
(2 -5.27725e-15 0)
(2 -3.65295e-15 0)
(2 -6.13988e-16 0)
(2 1.85542e-16 0)
(2 1.31041e-15 0)
(2 2.72163e-15 0)
(2 3.18211e-15 0)
(2 3.84649e-15 0)
(2 5.06643e-15 0)
(2 5.19014e-15 0)
(2 5.33218e-15 0)
(2 4.86712e-15 0)
(2 5.20848e-15 0)
(2 5.24057e-15 0)
(2 5.49142e-15 0)
(2 6.03207e-15 0)
(2 4.28979e-15 0)
(2 3.21825e-15 0)
(2 -7.79428e-16 0)
(2 -1.68552e-15 0)
(2 -2.71759e-15 0)
(2 -2.99365e-15 0)
(2 -3.51484e-15 0)
(2 -4.40259e-15 0)
(2 -4.19647e-15 0)
(2 -2.95366e-15 0)
(2 -1.4362e-15 0)
(2 9.2206e-17 0)
(2 1.31565e-15 0)
(2 1.09112e-15 0)
(2 -1.90666e-16 0)
(2 -2.8531e-15 0)
(2 -4.41611e-15 0)
(2 -5.10974e-15 0)
(2 -4.74398e-15 0)
(2 -4.07308e-15 0)
(2 -3.70161e-15 0)
(2 -4.23429e-15 0)
(2 -3.135e-15 0)
(2 -2.78412e-15 0)
(2 -3.1922e-15 0)
(2 -4.33498e-15 0)
(2 -3.74961e-15 0)
(2 -2.22648e-15 0)
(2 -2.22384e-15 0)
(2 -4.28379e-15 0)
(2 -4.10593e-15 0)
(2 -3.46242e-15 0)
(2 -3.13658e-15 0)
(2 -3.68696e-15 0)
(2 -1.10568e-15 0)
(2 -1.31851e-15 0)
(2 2.61713e-16 0)
(2 1.04752e-17 0)
(2 -4.65176e-16 0)
(2 -5.8747e-16 0)
(2 -6.05796e-16 0)
(2 -2.397e-15 0)
(2 -3.426e-15 0)
(2 -4.38347e-15 0)
(2 -4.96712e-15 0)
(2 -3.69824e-15 0)
(2 -2.6444e-15 0)
(2 -1.52619e-15 0)
(2 -2.76117e-15 0)
)
;
    }
}


// ************************************************************************* //
