/*--------------------------------*- C++ -*----------------------------------*\
  =========                 |
  \\      /  F ield         | OpenFOAM: The Open Source CFD Toolbox
   \\    /   O peration     | Website:  https://openfoam.org
    \\  /    A nd           | Version:  7
     \\/     M anipulation  |
\*---------------------------------------------------------------------------*/
FoamFile
{
    version     2.0;
    format      ascii;
    class       volVectorField;
    location    "5.5";
    object      U;
}
// * * * * * * * * * * * * * * * * * * * * * * * * * * * * * * * * * * * * * //

dimensions      [0 1 -1 0 0 0 0];

internalField   nonuniform List<vector> 
2413
(
(1.99223 -0.0174105 0)
(1.93451 -0.0929359 0)
(1.88946 -0.156417 0)
(1.81355 -0.24393 0)
(1.75961 -0.3214 0)
(1.74368 -0.324721 0)
(1.74095 -0.324001 0)
(1.73563 -0.334562 0)
(1.73524 -0.336099 0)
(1.73731 -0.333524 0)
(1.73875 -0.328205 0)
(1.74168 -0.323089 0)
(1.74557 -0.320979 0)
(1.74836 -0.319219 0)
(1.7505 -0.314608 0)
(1.75203 -0.312446 0)
(1.75201 -0.312833 0)
(1.7514 -0.315422 0)
(1.75011 -0.318886 0)
(1.74966 -0.319512 0)
(1.74988 -0.318719 0)
(1.75044 -0.31674 0)
(1.75158 -0.314069 0)
(1.75293 -0.311369 0)
(1.75371 -0.309439 0)
(1.75394 -0.308104 0)
(1.75422 -0.307159 0)
(1.75457 -0.306606 0)
(1.75504 -0.305608 0)
(1.75607 -0.303828 0)
(1.75777 -0.301685 0)
(1.75978 -0.299804 0)
(1.76131 -0.299048 0)
(1.76179 -0.29958 0)
(1.7618 -0.300562 0)
(1.76199 -0.301188 0)
(1.76263 -0.300972 0)
(1.76383 -0.300448 0)
(1.7652 -0.300252 0)
(1.76622 -0.300389 0)
(1.7668 -0.300554 0)
(1.76726 -0.300547 0)
(1.7679 -0.300364 0)
(1.76898 -0.300206 0)
(1.77054 -0.300189 0)
(1.77228 -0.300226 0)
(1.77383 -0.30016 0)
(1.77499 -0.299676 0)
(1.77577 -0.298604 0)
(1.77667 -0.297374 0)
(1.77816 -0.29656 0)
(1.78028 -0.296398 0)
(1.78269 -0.296686 0)
(1.78494 -0.29672 0)
(1.78674 -0.296163 0)
(1.78809 -0.295256 0)
(1.78935 -0.294291 0)
(1.79083 -0.293665 0)
(1.79244 -0.293652 0)
(1.79392 -0.294081 0)
(1.7952 -0.29443 0)
(1.7962 -0.29466 0)
(1.79702 -0.295056 0)
(1.79785 -0.295649 0)
(1.79877 -0.296257 0)
(1.79973 -0.296706 0)
(1.80075 -0.296956 0)
(1.80191 -0.29689 0)
(1.80322 -0.296556 0)
(1.80441 -0.295963 0)
(1.80511 -0.295565 0)
(1.80613 -0.294922 0)
(1.80725 -0.29425 0)
(1.80845 -0.29389 0)
(1.8098 -0.293677 0)
(1.81117 -0.293844 0)
(1.81289 -0.293818 0)
(1.81483 -0.293869 0)
(1.81719 -0.293462 0)
(1.81918 -0.292677 0)
(1.81969 -0.291056 0)
(1.81987 -0.288938 0)
(1.82012 -0.286156 0)
(1.8204 -0.282262 0)
(1.81988 -0.276205 0)
(1.81736 -0.267382 0)
(1.81091 -0.252143 0)
(1.8023 -0.23168 0)
(1.79059 -0.203597 0)
(1.77829 -0.171129 0)
(1.76628 -0.137506 0)
(1.7523 -0.102685 0)
(1.73899 -0.0708488 0)
(1.72988 -0.0478521 0)
(1.71744 -0.016169 0)
(2.03841 0.0620445 0)
(2.0418 0.0653744 0)
(2.04543 0.0670022 0)
(2.04976 0.0686719 0)
(2.05474 0.0713586 0)
(2.0601 0.0745885 0)
(2.06584 0.0783975 0)
(2.07191 0.0824343 0)
(2.07813 0.0865224 0)
(2.08447 0.0928611 0)
(2.09031 0.102561 0)
(2.09509 0.113801 0)
(2.09918 0.126871 0)
(2.1027 0.142742 0)
(2.10513 0.160693 0)
(2.10661 0.178131 0)
(2.10824 0.191598 0)
(2.1102 0.201238 0)
(2.11274 0.203921 0)
(2.11539 0.197358 0)
(2.11277 0.179365 0)
(2.10605 0.144696 0)
(2.10538 0.107672 0)
(2.10211 0.0907847 0)
(2.09663 0.0848982 0)
(2.09104 0.0817253 0)
(2.08557 0.0813374 0)
(2.08156 0.0809239 0)
(2.07889 0.0790294 0)
(2.07653 0.0754499 0)
(2.07496 0.0723115 0)
(2.07173 0.0675599 0)
(2.06708 0.0619203 0)
(2.06127 0.0549223 0)
(2.04773 0.037742 0)
(2.01409 -0.00725235 0)
(1.9599 -0.0818981 0)
(1.91337 -0.147897 0)
(1.83556 -0.245365 0)
(1.7857 -0.313369 0)
(1.77272 -0.313727 0)
(1.76511 -0.320622 0)
(1.75583 -0.334451 0)
(1.75274 -0.336534 0)
(1.75394 -0.33368 0)
(1.75593 -0.328405 0)
(1.75808 -0.322303 0)
(1.76129 -0.320326 0)
(1.76354 -0.317431 0)
(1.76566 -0.312974 0)
(1.76635 -0.311583 0)
(1.76588 -0.313106 0)
(1.76522 -0.316817 0)
(1.76412 -0.318814 0)
(1.76393 -0.318749 0)
(1.76423 -0.317558 0)
(1.76514 -0.315761 0)
(1.76675 -0.313434 0)
(1.76831 -0.310643 0)
(1.7693 -0.30815 0)
(1.76993 -0.306269 0)
(1.77011 -0.304893 0)
(1.7704 -0.304237 0)
(1.77082 -0.303706 0)
(1.77164 -0.302397 0)
(1.77298 -0.301029 0)
(1.77471 -0.300289 0)
(1.77654 -0.299889 0)
(1.77801 -0.299761 0)
(1.77893 -0.299841 0)
(1.77952 -0.299744 0)
(1.78009 -0.299223 0)
(1.78092 -0.298375 0)
(1.78206 -0.297606 0)
(1.78322 -0.297103 0)
(1.78397 -0.296564 0)
(1.78425 -0.295979 0)
(1.78444 -0.295676 0)
(1.78484 -0.295667 0)
(1.78569 -0.295788 0)
(1.78698 -0.295663 0)
(1.78839 -0.294832 0)
(1.78957 -0.29357 0)
(1.79044 -0.29273 0)
(1.79118 -0.292682 0)
(1.79208 -0.293452 0)
(1.79342 -0.294687 0)
(1.79519 -0.295328 0)
(1.79693 -0.29454 0)
(1.79836 -0.293053 0)
(1.79961 -0.291749 0)
(1.80083 -0.290901 0)
(1.80211 -0.290929 0)
(1.8036 -0.291636 0)
(1.80535 -0.292074 0)
(1.80701 -0.292086 0)
(1.80827 -0.292245 0)
(1.80926 -0.29223 0)
(1.81018 -0.292089 0)
(1.81107 -0.292213 0)
(1.81209 -0.292337 0)
(1.81332 -0.292398 0)
(1.81446 -0.292595 0)
(1.8153 -0.292994 0)
(1.81596 -0.293292 0)
(1.81658 -0.293463 0)
(1.8172 -0.293445 0)
(1.81799 -0.293115 0)
(1.81871 -0.292712 0)
(1.81922 -0.292453 0)
(1.82 -0.292132 0)
(1.82088 -0.291804 0)
(1.82182 -0.291345 0)
(1.82288 -0.291043 0)
(1.8243 -0.291131 0)
(1.82622 -0.291456 0)
(1.8285 -0.291512 0)
(1.83061 -0.291669 0)
(1.8328 -0.291076 0)
(1.83472 -0.290068 0)
(1.83602 -0.288657 0)
(1.83589 -0.286556 0)
(1.83531 -0.28342 0)
(1.83535 -0.28049 0)
(1.83546 -0.276043 0)
(1.83374 -0.269408 0)
(1.83034 -0.259724 0)
(1.82347 -0.243887 0)
(1.8143 -0.223202 0)
(1.80355 -0.195542 0)
(1.7919 -0.165788 0)
(1.77287 -0.114785 0)
(2.03154 0.0611696 0)
(2.03368 0.0636588 0)
(2.03634 0.0640116 0)
(2.03966 0.0642717 0)
(2.04348 0.0655623 0)
(2.04772 0.0676256 0)
(2.05252 0.0704401 0)
(2.05774 0.0737712 0)
(2.0629 0.0777469 0)
(2.06808 0.0844263 0)
(2.07351 0.0947887 0)
(2.07863 0.107928 0)
(2.08334 0.123695 0)
(2.08759 0.14172 0)
(2.09113 0.160073 0)
(2.09404 0.176883 0)
(2.09618 0.191593 0)
(2.09776 0.201184 0)
(2.10048 0.20101 0)
(2.10348 0.193316 0)
(2.10509 0.178988 0)
(2.10286 0.153034 0)
(2.10201 0.120454 0)
(2.1024 0.101296 0)
(2.10078 0.0936671 0)
(2.09896 0.0878103 0)
(2.09682 0.0846178 0)
(2.0943 0.0846953 0)
(2.09113 0.0847474 0)
(2.08769 0.0818914 0)
(2.08479 0.0799992 0)
(2.07782 0.0716371 0)
(2.0637 0.0503753 0)
(2.02806 0.00038276 0)
(1.97788 -0.0714949 0)
(1.93014 -0.14101 0)
(1.84928 -0.248196 0)
(1.80838 -0.297536 0)
(1.801 -0.300383 0)
(1.78293 -0.316344 0)
(1.77177 -0.333701 0)
(1.76689 -0.333805 0)
(1.7674 -0.331295 0)
(1.76789 -0.32611 0)
(1.76971 -0.321287 0)
(1.77263 -0.319545 0)
(1.77384 -0.314467 0)
(1.77508 -0.310657 0)
(1.77485 -0.310174 0)
(1.77417 -0.312401 0)
(1.77329 -0.315471 0)
(1.77284 -0.316127 0)
(1.77274 -0.315797 0)
(1.77294 -0.315099 0)
(1.77388 -0.31404 0)
(1.77524 -0.312175 0)
(1.77685 -0.309779 0)
(1.77825 -0.307805 0)
(1.77928 -0.306806 0)
(1.77982 -0.306084 0)
(1.78032 -0.305256 0)
(1.7811 -0.304307 0)
(1.78211 -0.303008 0)
(1.78353 -0.302022 0)
(1.78526 -0.301222 0)
(1.78727 -0.300311 0)
(1.78921 -0.299489 0)
(1.79082 -0.29892 0)
(1.79213 -0.298565 0)
(1.79337 -0.298327 0)
(1.79475 -0.297977 0)
(1.79636 -0.297261 0)
(1.79811 -0.296102 0)
(1.79967 -0.29479 0)
(1.80065 -0.293781 0)
(1.80111 -0.293204 0)
(1.80143 -0.292801 0)
(1.80184 -0.292335 0)
(1.80247 -0.291548 0)
(1.80343 -0.290424 0)
(1.80467 -0.289524 0)
(1.80599 -0.289411 0)
(1.8072 -0.290019 0)
(1.80827 -0.290927 0)
(1.8093 -0.291488 0)
(1.81033 -0.29109 0)
(1.81141 -0.289835 0)
(1.81267 -0.288508 0)
(1.81402 -0.287935 0)
(1.81512 -0.288604 0)
(1.81602 -0.289814 0)
(1.81695 -0.290222 0)
(1.81794 -0.289777 0)
(1.81899 -0.289131 0)
(1.82018 -0.288385 0)
(1.82138 -0.287913 0)
(1.82229 -0.28829 0)
(1.82301 -0.289047 0)
(1.82384 -0.28944 0)
(1.82482 -0.289786 0)
(1.82596 -0.29036 0)
(1.82725 -0.290593 0)
(1.8284 -0.290517 0)
(1.82918 -0.290625 0)
(1.82975 -0.290711 0)
(1.83033 -0.290546 0)
(1.83085 -0.290569 0)
(1.83125 -0.290902 0)
(1.83166 -0.291024 0)
(1.8321 -0.290687 0)
(1.83268 -0.290127 0)
(1.83349 -0.289389 0)
(1.83405 -0.288953 0)
(1.83488 -0.288537 0)
(1.83579 -0.28791 0)
(1.83698 -0.287314 0)
(1.83858 -0.287105 0)
(1.84043 -0.287194 0)
(1.84249 -0.286995 0)
(1.84458 -0.286824 0)
(1.84657 -0.286768 0)
(1.84841 -0.286043 0)
(1.84981 -0.285271 0)
(1.8509 -0.283829 0)
(1.85083 -0.28208 0)
(1.85031 -0.27944 0)
(1.84866 -0.276234 0)
(1.84863 -0.272866 0)
(1.84778 -0.268986 0)
(1.84535 -0.26287 0)
(1.84083 -0.252593 0)
(1.83228 -0.228256 0)
(2.02377 0.0605055 0)
(2.02523 0.0622737 0)
(2.02733 0.061831 0)
(2.02982 0.0618225 0)
(2.03247 0.0630491 0)
(2.03547 0.0649425 0)
(2.03906 0.0674949 0)
(2.04295 0.0711724 0)
(2.04639 0.0758453 0)
(2.04945 0.0825397 0)
(2.0528 0.0926368 0)
(2.05605 0.104922 0)
(2.05926 0.118909 0)
(2.06286 0.135526 0)
(2.06674 0.15417 0)
(2.07056 0.172095 0)
(2.07487 0.186897 0)
(2.08037 0.194473 0)
(2.08701 0.194241 0)
(2.093 0.187509 0)
(2.09679 0.175183 0)
(2.10121 0.148657 0)
(2.1029 0.12243 0)
(2.10415 0.107085 0)
(2.10427 0.101299 0)
(2.10445 0.0956032 0)
(2.10322 0.0942427 0)
(2.10013 0.0912559 0)
(2.09725 0.0848694 0)
(2.09073 0.074817 0)
(2.07488 0.052763 0)
(2.03606 -0.000160665 0)
(1.99085 -0.0658537 0)
(1.93578 -0.143471 0)
(1.85799 -0.249942 0)
(1.82808 -0.278522 0)
(1.81864 -0.290546 0)
(1.79363 -0.314829 0)
(1.78365 -0.329502 0)
(1.77844 -0.328145 0)
(1.77792 -0.324205 0)
(1.77866 -0.319667 0)
(1.78064 -0.317603 0)
(1.78251 -0.314783 0)
(1.78235 -0.309283 0)
(1.782 -0.30701 0)
(1.7807 -0.307413 0)
(1.77969 -0.309967 0)
(1.77887 -0.312361 0)
(1.77877 -0.312491 0)
(1.77866 -0.312347 0)
(1.7789 -0.31212 0)
(1.77965 -0.311551 0)
(1.78093 -0.310127 0)
(1.78212 -0.308576 0)
(1.7831 -0.307962 0)
(1.78409 -0.307928 0)
(1.78489 -0.307823 0)
(1.78569 -0.307287 0)
(1.78677 -0.306245 0)
(1.78808 -0.304743 0)
(1.78975 -0.303643 0)
(1.79165 -0.302324 0)
(1.79376 -0.300853 0)
(1.79585 -0.299638 0)
(1.79777 -0.2988 0)
(1.79966 -0.298561 0)
(1.80147 -0.298259 0)
(1.80331 -0.297483 0)
(1.80532 -0.29634 0)
(1.80772 -0.295023 0)
(1.81004 -0.293638 0)
(1.81197 -0.292682 0)
(1.81329 -0.292128 0)
(1.81418 -0.291672 0)
(1.81488 -0.290998 0)
(1.81562 -0.289862 0)
(1.81667 -0.288388 0)
(1.81791 -0.287177 0)
(1.81924 -0.286579 0)
(1.82057 -0.286564 0)
(1.82185 -0.286736 0)
(1.82308 -0.286549 0)
(1.82431 -0.285912 0)
(1.8257 -0.285184 0)
(1.82736 -0.285002 0)
(1.82914 -0.28587 0)
(1.83089 -0.287112 0)
(1.83238 -0.28738 0)
(1.83332 -0.286567 0)
(1.83383 -0.285451 0)
(1.83436 -0.284516 0)
(1.83517 -0.284211 0)
(1.83604 -0.285019 0)
(1.8368 -0.286223 0)
(1.83737 -0.286687 0)
(1.83765 -0.286806 0)
(1.83784 -0.286801 0)
(1.83825 -0.286488 0)
(1.83896 -0.286231 0)
(1.83981 -0.286404 0)
(1.84076 -0.286552 0)
(1.84172 -0.286453 0)
(1.8425 -0.286671 0)
(1.8431 -0.287243 0)
(1.84364 -0.287576 0)
(1.84408 -0.287678 0)
(1.84436 -0.287958 0)
(1.84461 -0.28833 0)
(1.84485 -0.288274 0)
(1.84524 -0.28796 0)
(1.84582 -0.287788 0)
(1.84671 -0.287447 0)
(1.8478 -0.286687 0)
(1.84832 -0.286075 0)
(1.84897 -0.285457 0)
(1.85008 -0.284986 0)
(1.85147 -0.284613 0)
(1.853 -0.28422 0)
(1.85467 -0.283727 0)
(1.85632 -0.28322 0)
(1.85812 -0.282446 0)
(1.85979 -0.281881 0)
(1.86129 -0.281509 0)
(1.86259 -0.28072 0)
(1.86339 -0.279757 0)
(1.86393 -0.278675 0)
(1.86417 -0.27642 0)
(1.86297 -0.274448 0)
(1.86167 -0.272885 0)
(1.85941 -0.269779 0)
(1.85913 -0.26412 0)
(2.01455 0.0617426 0)
(2.01584 0.0623542 0)
(2.0177 0.0612439 0)
(2.0196 0.0608846 0)
(2.02149 0.0614436 0)
(2.02374 0.0622178 0)
(2.0263 0.0638507 0)
(2.0287 0.067513 0)
(2.03026 0.0725014 0)
(2.03115 0.0791005 0)
(2.03181 0.0890117 0)
(2.0321 0.101515 0)
(2.03278 0.116594 0)
(2.03445 0.134036 0)
(2.03765 0.152462 0)
(2.04237 0.167314 0)
(2.04919 0.178742 0)
(2.05821 0.182481 0)
(2.06803 0.182507 0)
(2.07761 0.177582 0)
(2.087 0.165803 0)
(2.09581 0.142962 0)
(2.10025 0.126602 0)
(2.10487 0.111137 0)
(2.10541 0.108624 0)
(2.1034 0.104289 0)
(2.10006 0.0963242 0)
(2.09218 0.0817863 0)
(2.07392 0.053065 0)
(2.0328 -0.00548131 0)
(1.99282 -0.0650869 0)
(1.92692 -0.156602 0)
(1.86309 -0.24874 0)
(1.8444 -0.263497 0)
(1.82615 -0.283518 0)
(1.80085 -0.312614 0)
(1.79162 -0.320812 0)
(1.78817 -0.317913 0)
(1.78754 -0.315003 0)
(1.78822 -0.312095 0)
(1.79016 -0.310225 0)
(1.79084 -0.305418 0)
(1.79091 -0.301831 0)
(1.78982 -0.301075 0)
(1.78697 -0.302959 0)
(1.78476 -0.306594 0)
(1.78382 -0.307684 0)
(1.78364 -0.306992 0)
(1.78374 -0.307244 0)
(1.78434 -0.307731 0)
(1.78525 -0.307578 0)
(1.78623 -0.307006 0)
(1.78707 -0.306701 0)
(1.78776 -0.306722 0)
(1.78864 -0.306803 0)
(1.78941 -0.306882 0)
(1.7902 -0.306806 0)
(1.79124 -0.306232 0)
(1.79255 -0.305411 0)
(1.79427 -0.304656 0)
(1.79609 -0.303153 0)
(1.79795 -0.301532 0)
(1.79993 -0.30047 0)
(1.80195 -0.299781 0)
(1.8039 -0.299104 0)
(1.80585 -0.298227 0)
(1.80799 -0.297254 0)
(1.81029 -0.296191 0)
(1.81265 -0.294989 0)
(1.81508 -0.294175 0)
(1.81758 -0.29384 0)
(1.8197 -0.293452 0)
(1.82124 -0.293066 0)
(1.82269 -0.292474 0)
(1.82405 -0.291816 0)
(1.82539 -0.291 0)
(1.82676 -0.28993 0)
(1.82829 -0.288695 0)
(1.82996 -0.287308 0)
(1.83141 -0.285868 0)
(1.83285 -0.28484 0)
(1.83431 -0.284431 0)
(1.83583 -0.28445 0)
(1.83766 -0.284681 0)
(1.8398 -0.284782 0)
(1.84217 -0.284194 0)
(1.84437 -0.282811 0)
(1.84614 -0.281413 0)
(1.84758 -0.280622 0)
(1.84882 -0.280591 0)
(1.84998 -0.281232 0)
(1.85124 -0.28176 0)
(1.85245 -0.281387 0)
(1.85331 -0.280573 0)
(1.85362 -0.279954 0)
(1.85367 -0.279616 0)
(1.8537 -0.279863 0)
(1.85382 -0.280825 0)
(1.85422 -0.281713 0)
(1.85479 -0.28224 0)
(1.85524 -0.283 0)
(1.85556 -0.283697 0)
(1.85588 -0.283795 0)
(1.85623 -0.283753 0)
(1.85656 -0.283975 0)
(1.85692 -0.28417 0)
(1.8572 -0.284362 0)
(1.85729 -0.284841 0)
(1.85725 -0.285263 0)
(1.85731 -0.285247 0)
(1.85757 -0.285119 0)
(1.85802 -0.285082 0)
(1.85875 -0.284848 0)
(1.85967 -0.284121 0)
(1.86057 -0.283308 0)
(1.86136 -0.282524 0)
(1.86219 -0.281901 0)
(1.86318 -0.281582 0)
(1.86436 -0.28115 0)
(1.86567 -0.280542 0)
(1.86691 -0.280007 0)
(1.86832 -0.279241 0)
(1.8697 -0.278312 0)
(1.87093 -0.277571 0)
(1.87213 -0.276779 0)
(1.87311 -0.275899 0)
(1.87383 -0.275636 0)
(1.87465 -0.2744 0)
(1.87467 -0.274218 0)
(1.87509 -0.272563 0)
(1.87439 -0.272387 0)
(1.87354 -0.269384 0)
(2.00419 0.0612102 0)
(2.00569 0.0606106 0)
(2.00738 0.0592377 0)
(2.00889 0.0590991 0)
(2.01044 0.0595603 0)
(2.01221 0.0602616 0)
(2.01369 0.0624146 0)
(2.01448 0.0673594 0)
(2.01428 0.0739784 0)
(2.0133 0.0828344 0)
(2.01175 0.094746 0)
(2.00951 0.106852 0)
(2.0084 0.120045 0)
(2.00903 0.13311 0)
(2.01265 0.147585 0)
(2.0188 0.158083 0)
(2.0277 0.166843 0)
(2.03854 0.169397 0)
(2.04943 0.172799 0)
(2.06345 0.163426 0)
(2.07507 0.15667 0)
(2.08614 0.1386 0)
(2.09302 0.126395 0)
(2.09571 0.114251 0)
(2.09328 0.102057 0)
(2.08458 0.0837976 0)
(2.06195 0.0489586 0)
(2.02077 -0.0124386 0)
(1.98247 -0.0716024 0)
(1.9086 -0.172823 0)
(1.85961 -0.241056 0)
(1.84897 -0.254776 0)
(1.82423 -0.281262 0)
(1.80239 -0.307878 0)
(1.79521 -0.310674 0)
(1.794 -0.307948 0)
(1.79349 -0.305243 0)
(1.79568 -0.303788 0)
(1.79718 -0.299355 0)
(1.79788 -0.294755 0)
(1.79789 -0.292678 0)
(1.79598 -0.294029 0)
(1.79303 -0.297967 0)
(1.79108 -0.301579 0)
(1.7899 -0.301576 0)
(1.78931 -0.301247 0)
(1.78916 -0.301855 0)
(1.78975 -0.302208 0)
(1.79083 -0.302116 0)
(1.79198 -0.302306 0)
(1.79278 -0.302879 0)
(1.79344 -0.303493 0)
(1.79421 -0.303959 0)
(1.79484 -0.304111 0)
(1.79566 -0.304118 0)
(1.79662 -0.304024 0)
(1.79776 -0.304003 0)
(1.79909 -0.303355 0)
(1.8008 -0.302431 0)
(1.80282 -0.30186 0)
(1.80452 -0.301203 0)
(1.80612 -0.300668 0)
(1.80773 -0.300247 0)
(1.8094 -0.299571 0)
(1.81136 -0.298337 0)
(1.81359 -0.297126 0)
(1.81594 -0.296494 0)
(1.81856 -0.295843 0)
(1.82084 -0.294688 0)
(1.82294 -0.293831 0)
(1.82498 -0.29359 0)
(1.82693 -0.293367 0)
(1.82848 -0.292901 0)
(1.83003 -0.291903 0)
(1.83183 -0.290949 0)
(1.83379 -0.289673 0)
(1.83553 -0.28797 0)
(1.83723 -0.286137 0)
(1.83903 -0.285061 0)
(1.84074 -0.284569 0)
(1.84246 -0.28412 0)
(1.84427 -0.283565 0)
(1.84621 -0.282512 0)
(1.84839 -0.28091 0)
(1.85077 -0.279543 0)
(1.85315 -0.279028 0)
(1.85518 -0.279295 0)
(1.85709 -0.279826 0)
(1.85897 -0.279997 0)
(1.86085 -0.279448 0)
(1.86268 -0.278312 0)
(1.86449 -0.277273 0)
(1.86606 -0.27673 0)
(1.86724 -0.276962 0)
(1.86805 -0.277771 0)
(1.8687 -0.278352 0)
(1.86926 -0.27843 0)
(1.86971 -0.278252 0)
(1.87007 -0.27773 0)
(1.87042 -0.277063 0)
(1.87058 -0.277013 0)
(1.87055 -0.277565 0)
(1.87055 -0.278051 0)
(1.87067 -0.278478 0)
(1.87078 -0.279216 0)
(1.87082 -0.279876 0)
(1.87066 -0.280275 0)
(1.87024 -0.280832 0)
(1.86976 -0.281588 0)
(1.86955 -0.282027 0)
(1.86959 -0.282101 0)
(1.86985 -0.282203 0)
(1.87037 -0.282269 0)
(1.87109 -0.281809 0)
(1.87194 -0.281217 0)
(1.87286 -0.280626 0)
(1.87378 -0.279669 0)
(1.87469 -0.278866 0)
(1.87565 -0.278339 0)
(1.87692 -0.277701 0)
(1.87812 -0.277119 0)
(1.87892 -0.27655 0)
(1.88005 -0.27554 0)
(1.88105 -0.274713 0)
(1.88206 -0.273664 0)
(1.88281 -0.272571 0)
(1.8833 -0.27203 0)
(1.88388 -0.270623 0)
(1.88396 -0.270551 0)
(1.88436 -0.269453 0)
(1.88439 -0.26919 0)
(1.88487 -0.267815 0)
(1.99307 0.0612657 0)
(1.99487 0.0607213 0)
(1.99653 0.0598391 0)
(1.9979 0.0597116 0)
(1.99918 0.0599169 0)
(2.00014 0.0614453 0)
(2.00037 0.0657699 0)
(1.99976 0.0727633 0)
(1.99851 0.0806788 0)
(1.99647 0.0898774 0)
(1.99416 0.101531 0)
(1.99162 0.111674 0)
(1.99115 0.122927 0)
(1.99295 0.131669 0)
(1.99807 0.143146 0)
(2.00605 0.147789 0)
(2.01627 0.154431 0)
(2.02941 0.153377 0)
(2.04152 0.153802 0)
(2.05559 0.149677 0)
(2.067 0.143677 0)
(2.07631 0.131529 0)
(2.07009 0.105631 0)
(2.0654 0.0821758 0)
(2.04044 0.0394032 0)
(2.00245 -0.020529 0)
(1.96009 -0.0856541 0)
(1.88745 -0.189504 0)
(1.85137 -0.235797 0)
(1.84377 -0.250427 0)
(1.816 -0.280715 0)
(1.80056 -0.303074 0)
(1.79519 -0.302861 0)
(1.79466 -0.299702 0)
(1.79584 -0.29705 0)
(1.79905 -0.294528 0)
(1.80071 -0.289105 0)
(1.80209 -0.285196 0)
(1.80208 -0.285003 0)
(1.80003 -0.288057 0)
(1.79778 -0.292741 0)
(1.79638 -0.29549 0)
(1.79557 -0.295362 0)
(1.79532 -0.295328 0)
(1.79567 -0.295992 0)
(1.79652 -0.296237 0)
(1.79728 -0.296414 0)
(1.79778 -0.297194 0)
(1.79835 -0.298426 0)
(1.79922 -0.299541 0)
(1.8002 -0.299856 0)
(1.80125 -0.299948 0)
(1.80229 -0.300407 0)
(1.80329 -0.300727 0)
(1.80429 -0.300743 0)
(1.80541 -0.300891 0)
(1.80667 -0.300956 0)
(1.80812 -0.3006 0)
(1.80982 -0.300238 0)
(1.81167 -0.300132 0)
(1.81335 -0.299677 0)
(1.81487 -0.298899 0)
(1.81646 -0.298313 0)
(1.81795 -0.298123 0)
(1.81984 -0.297533 0)
(1.8222 -0.296236 0)
(1.82463 -0.295277 0)
(1.82702 -0.294735 0)
(1.82885 -0.293878 0)
(1.8306 -0.293176 0)
(1.83237 -0.29275 0)
(1.8342 -0.292266 0)
(1.83596 -0.291095 0)
(1.83724 -0.289617 0)
(1.83903 -0.288624 0)
(1.84094 -0.288113 0)
(1.84268 -0.287656 0)
(1.84447 -0.286814 0)
(1.84644 -0.285554 0)
(1.84859 -0.284335 0)
(1.85063 -0.282763 0)
(1.85277 -0.28139 0)
(1.85488 -0.280738 0)
(1.85695 -0.280215 0)
(1.85903 -0.279682 0)
(1.8612 -0.279051 0)
(1.86316 -0.278041 0)
(1.86508 -0.276627 0)
(1.86721 -0.275481 0)
(1.86938 -0.275105 0)
(1.87151 -0.275242 0)
(1.87349 -0.275445 0)
(1.87531 -0.275514 0)
(1.87697 -0.275388 0)
(1.8784 -0.275 0)
(1.87951 -0.274457 0)
(1.8806 -0.274066 0)
(1.88163 -0.274019 0)
(1.88255 -0.274177 0)
(1.88343 -0.274152 0)
(1.88414 -0.274316 0)
(1.88458 -0.274777 0)
(1.88481 -0.274977 0)
(1.88493 -0.274893 0)
(1.88488 -0.275041 0)
(1.88462 -0.275332 0)
(1.88417 -0.275571 0)
(1.88353 -0.27609 0)
(1.88274 -0.277075 0)
(1.8821 -0.277913 0)
(1.88167 -0.278345 0)
(1.88149 -0.278722 0)
(1.8816 -0.279053 0)
(1.88199 -0.278794 0)
(1.8826 -0.278334 0)
(1.88342 -0.27788 0)
(1.88443 -0.277043 0)
(1.88555 -0.276174 0)
(1.88659 -0.275263 0)
(1.88759 -0.274423 0)
(1.88881 -0.273991 0)
(1.88997 -0.273496 0)
(1.89048 -0.273051 0)
(1.89118 -0.272409 0)
(1.89201 -0.271298 0)
(1.89259 -0.270052 0)
(1.89294 -0.269383 0)
(1.89339 -0.267753 0)
(1.89332 -0.267242 0)
(1.89352 -0.266119 0)
(1.89344 -0.265596 0)
(1.89401 -0.264361 0)
(1.98285 0.058987 0)
(1.98483 0.0576135 0)
(1.98627 0.0566754 0)
(1.98728 0.0567144 0)
(1.98818 0.0579392 0)
(1.98845 0.0610857 0)
(1.98792 0.0666202 0)
(1.98608 0.0729823 0)
(1.98416 0.0821574 0)
(1.98204 0.0934161 0)
(1.98103 0.10687 0)
(1.98084 0.114686 0)
(1.9832 0.123134 0)
(1.9878 0.127311 0)
(1.99523 0.134499 0)
(2.00513 0.134453 0)
(2.01591 0.136543 0)
(2.02834 0.138537 0)
(2.03689 0.142149 0)
(2.04591 0.135501 0)
(2.03726 0.109986 0)
(2.03249 0.0777109 0)
(2.00806 0.0252672 0)
(1.97739 -0.0309359 0)
(1.928 -0.106863 0)
(1.86489 -0.20404 0)
(1.84106 -0.231142 0)
(1.83172 -0.250272 0)
(1.80537 -0.281198 0)
(1.79523 -0.295631 0)
(1.79349 -0.2936 0)
(1.79429 -0.290111 0)
(1.79691 -0.288704 0)
(1.80029 -0.286115 0)
(1.80248 -0.281515 0)
(1.80414 -0.279502 0)
(1.80372 -0.280731 0)
(1.80185 -0.284331 0)
(1.80047 -0.288275 0)
(1.79976 -0.289739 0)
(1.79961 -0.289463 0)
(1.80005 -0.289994 0)
(1.80125 -0.290657 0)
(1.80271 -0.290785 0)
(1.80368 -0.291172 0)
(1.80412 -0.292072 0)
(1.80458 -0.293235 0)
(1.80534 -0.294237 0)
(1.80633 -0.295084 0)
(1.80745 -0.296004 0)
(1.80867 -0.296606 0)
(1.81002 -0.296782 0)
(1.81134 -0.296902 0)
(1.81248 -0.297056 0)
(1.81369 -0.297326 0)
(1.81495 -0.297739 0)
(1.81631 -0.298101 0)
(1.81784 -0.297927 0)
(1.81963 -0.297516 0)
(1.82138 -0.297521 0)
(1.82303 -0.297571 0)
(1.82453 -0.297157 0)
(1.82611 -0.296418 0)
(1.82773 -0.295869 0)
(1.82962 -0.295493 0)
(1.83183 -0.294752 0)
(1.83402 -0.294143 0)
(1.83595 -0.293962 0)
(1.83774 -0.293309 0)
(1.83915 -0.292149 0)
(1.84083 -0.291277 0)
(1.84253 -0.290443 0)
(1.84423 -0.289233 0)
(1.84533 -0.288304 0)
(1.8467 -0.287402 0)
(1.84836 -0.286837 0)
(1.85021 -0.286064 0)
(1.85191 -0.28472 0)
(1.854 -0.283372 0)
(1.85636 -0.282835 0)
(1.85861 -0.282041 0)
(1.86061 -0.281123 0)
(1.86285 -0.280327 0)
(1.86479 -0.279295 0)
(1.86641 -0.278025 0)
(1.86821 -0.276944 0)
(1.87013 -0.276402 0)
(1.872 -0.275867 0)
(1.87391 -0.275338 0)
(1.87596 -0.274732 0)
(1.87795 -0.274095 0)
(1.87983 -0.273463 0)
(1.88164 -0.273009 0)
(1.8836 -0.273069 0)
(1.88546 -0.273298 0)
(1.8872 -0.273351 0)
(1.88885 -0.273093 0)
(1.89043 -0.272578 0)
(1.89181 -0.271935 0)
(1.89298 -0.271198 0)
(1.89408 -0.270525 0)
(1.89495 -0.270149 0)
(1.89559 -0.269911 0)
(1.89608 -0.26976 0)
(1.89636 -0.270028 0)
(1.89636 -0.270575 0)
(1.89612 -0.271019 0)
(1.89564 -0.271469 0)
(1.89491 -0.27229 0)
(1.89415 -0.27312 0)
(1.8935 -0.273803 0)
(1.89301 -0.274569 0)
(1.89272 -0.275431 0)
(1.89271 -0.275675 0)
(1.89298 -0.275591 0)
(1.89355 -0.275333 0)
(1.89442 -0.274646 0)
(1.89559 -0.27376 0)
(1.89677 -0.272499 0)
(1.89786 -0.271259 0)
(1.89905 -0.270571 0)
(1.90027 -0.269979 0)
(1.90106 -0.269512 0)
(1.90137 -0.269305 0)
(1.90177 -0.268593 0)
(1.90219 -0.267592 0)
(1.90248 -0.267066 0)
(1.90283 -0.265508 0)
(1.90268 -0.265013 0)
(1.90285 -0.263702 0)
(1.90263 -0.263135 0)
(1.90309 -0.261512 0)
(1.97352 0.0569778 0)
(1.97524 0.0577224 0)
(1.97663 0.0589817 0)
(1.97755 0.0597846 0)
(1.97844 0.0624786 0)
(1.97848 0.0670973 0)
(1.97833 0.0752076 0)
(1.97674 0.0835027 0)
(1.97566 0.0940039 0)
(1.97463 0.101017 0)
(1.97575 0.1102 0)
(1.97867 0.114201 0)
(1.98389 0.119551 0)
(1.99095 0.118789 0)
(1.99929 0.123051 0)
(2.00784 0.123485 0)
(2.0122 0.12693 0)
(2.01665 0.116901 0)
(2.0132 0.101578 0)
(2.00189 0.0658162 0)
(1.97393 0.0067032 0)
(1.94908 -0.0475144 0)
(1.89292 -0.132989 0)
(1.84371 -0.213256 0)
(1.83004 -0.230129 0)
(1.81705 -0.252556 0)
(1.79623 -0.281355 0)
(1.78986 -0.289283 0)
(1.79072 -0.287217 0)
(1.79232 -0.283433 0)
(1.79629 -0.281248 0)
(1.80042 -0.277387 0)
(1.80367 -0.27423 0)
(1.80493 -0.274209 0)
(1.80415 -0.276563 0)
(1.80281 -0.280999 0)
(1.8021 -0.284274 0)
(1.80167 -0.284738 0)
(1.80179 -0.284948 0)
(1.80277 -0.28614 0)
(1.8047 -0.286501 0)
(1.80684 -0.286175 0)
(1.80839 -0.286521 0)
(1.80928 -0.287466 0)
(1.81007 -0.288532 0)
(1.81107 -0.289397 0)
(1.81228 -0.290184 0)
(1.81354 -0.291187 0)
(1.81488 -0.292097 0)
(1.81631 -0.292547 0)
(1.81775 -0.292859 0)
(1.81889 -0.293385 0)
(1.82014 -0.294082 0)
(1.82153 -0.294595 0)
(1.82305 -0.294808 0)
(1.82469 -0.294977 0)
(1.82637 -0.295138 0)
(1.82817 -0.29506 0)
(1.83 -0.294701 0)
(1.83171 -0.29451 0)
(1.83324 -0.294416 0)
(1.83476 -0.294303 0)
(1.83642 -0.293969 0)
(1.83824 -0.293692 0)
(1.84009 -0.293634 0)
(1.84203 -0.293134 0)
(1.84397 -0.292208 0)
(1.84569 -0.291793 0)
(1.84756 -0.291473 0)
(1.84902 -0.290325 0)
(1.85041 -0.289409 0)
(1.85191 -0.288716 0)
(1.85317 -0.287726 0)
(1.8543 -0.286696 0)
(1.85554 -0.285796 0)
(1.85695 -0.285444 0)
(1.85877 -0.285091 0)
(1.86037 -0.283843 0)
(1.86221 -0.282435 0)
(1.86462 -0.281423 0)
(1.86666 -0.280364 0)
(1.86856 -0.279449 0)
(1.87067 -0.27847 0)
(1.87263 -0.277418 0)
(1.87426 -0.276549 0)
(1.87593 -0.275705 0)
(1.87768 -0.27463 0)
(1.87929 -0.273498 0)
(1.88084 -0.272625 0)
(1.8824 -0.272038 0)
(1.88397 -0.271755 0)
(1.88568 -0.271603 0)
(1.88757 -0.271384 0)
(1.88954 -0.27107 0)
(1.89148 -0.270689 0)
(1.89331 -0.270238 0)
(1.89507 -0.269691 0)
(1.89691 -0.269219 0)
(1.89863 -0.26886 0)
(1.90019 -0.268447 0)
(1.90165 -0.267929 0)
(1.90298 -0.267384 0)
(1.90404 -0.266853 0)
(1.90496 -0.266531 0)
(1.90553 -0.266583 0)
(1.90578 -0.266858 0)
(1.90581 -0.267083 0)
(1.90565 -0.267251 0)
(1.9053 -0.267787 0)
(1.90485 -0.268519 0)
(1.90437 -0.269265 0)
(1.90391 -0.270044 0)
(1.90344 -0.270936 0)
(1.90315 -0.271405 0)
(1.90315 -0.271649 0)
(1.90346 -0.27178 0)
(1.9041 -0.271563 0)
(1.9051 -0.271074 0)
(1.90627 -0.269908 0)
(1.90749 -0.268575 0)
(1.90879 -0.267532 0)
(1.91013 -0.266632 0)
(1.9112 -0.266099 0)
(1.91151 -0.265764 0)
(1.91152 -0.265466 0)
(1.91164 -0.264816 0)
(1.91169 -0.264325 0)
(1.91191 -0.262877 0)
(1.91178 -0.262368 0)
(1.91196 -0.260989 0)
(1.9117 -0.260563 0)
(1.9121 -0.259032 0)
(1.96631 0.0569471 0)
(1.96796 0.0575474 0)
(1.96958 0.0584032 0)
(1.97056 0.0586755 0)
(1.97138 0.0615433 0)
(1.97105 0.066319 0)
(1.97137 0.0759062 0)
(1.97075 0.0834806 0)
(1.97159 0.0942032 0)
(1.97337 0.101464 0)
(1.97623 0.109189 0)
(1.9814 0.110047 0)
(1.98706 0.112341 0)
(1.99358 0.110239 0)
(1.99555 0.112917 0)
(1.99663 0.101748 0)
(1.99235 0.0840014 0)
(1.97479 0.0441027 0)
(1.94483 -0.0134013 0)
(1.92018 -0.0674282 0)
(1.86181 -0.157234 0)
(1.82412 -0.223445 0)
(1.81691 -0.234783 0)
(1.80305 -0.257516 0)
(1.78893 -0.281705 0)
(1.78494 -0.284399 0)
(1.78757 -0.282353 0)
(1.7906 -0.279224 0)
(1.79532 -0.276357 0)
(1.79959 -0.271076 0)
(1.8034 -0.268356 0)
(1.80479 -0.269008 0)
(1.80438 -0.27214 0)
(1.80359 -0.276979 0)
(1.80328 -0.279663 0)
(1.80305 -0.280811 0)
(1.80333 -0.282146 0)
(1.80456 -0.283381 0)
(1.80669 -0.28328 0)
(1.80899 -0.282686 0)
(1.81086 -0.282978 0)
(1.81215 -0.283932 0)
(1.81357 -0.284918 0)
(1.81513 -0.28561 0)
(1.8168 -0.286087 0)
(1.81855 -0.286569 0)
(1.82033 -0.287126 0)
(1.82203 -0.287864 0)
(1.82321 -0.288738 0)
(1.82441 -0.2897 0)
(1.82574 -0.290552 0)
(1.8272 -0.291103 0)
(1.82878 -0.291459 0)
(1.83048 -0.291711 0)
(1.83235 -0.291905 0)
(1.83434 -0.292093 0)
(1.83632 -0.292141 0)
(1.83818 -0.292003 0)
(1.83999 -0.291895 0)
(1.8417 -0.29194 0)
(1.84331 -0.292026 0)
(1.84503 -0.292079 0)
(1.84686 -0.291659 0)
(1.84886 -0.29103 0)
(1.85074 -0.290954 0)
(1.85242 -0.29081 0)
(1.85411 -0.290273 0)
(1.8558 -0.289772 0)
(1.85778 -0.289189 0)
(1.85924 -0.28811 0)
(1.86031 -0.287253 0)
(1.8616 -0.286785 0)
(1.86276 -0.286173 0)
(1.86391 -0.28528 0)
(1.86516 -0.284265 0)
(1.86649 -0.283561 0)
(1.86833 -0.282833 0)
(1.86997 -0.281226 0)
(1.87137 -0.279999 0)
(1.87331 -0.279414 0)
(1.875 -0.278694 0)
(1.87695 -0.277728 0)
(1.87895 -0.27649 0)
(1.88077 -0.275302 0)
(1.88242 -0.274378 0)
(1.88395 -0.273548 0)
(1.8854 -0.272741 0)
(1.88673 -0.272121 0)
(1.88802 -0.271638 0)
(1.88937 -0.271049 0)
(1.89084 -0.270296 0)
(1.89242 -0.269523 0)
(1.89409 -0.268875 0)
(1.89581 -0.268432 0)
(1.89752 -0.268221 0)
(1.89922 -0.268153 0)
(1.90096 -0.268001 0)
(1.9028 -0.267597 0)
(1.90463 -0.266962 0)
(1.90637 -0.266137 0)
(1.90803 -0.265193 0)
(1.90961 -0.264266 0)
(1.91099 -0.263512 0)
(1.91208 -0.263092 0)
(1.91287 -0.263021 0)
(1.91328 -0.263151 0)
(1.91353 -0.263268 0)
(1.91366 -0.263348 0)
(1.91379 -0.263627 0)
(1.91381 -0.264116 0)
(1.91374 -0.264777 0)
(1.91363 -0.26549 0)
(1.91341 -0.266383 0)
(1.91321 -0.267105 0)
(1.9132 -0.267637 0)
(1.9134 -0.267979 0)
(1.9138 -0.268029 0)
(1.91448 -0.26788 0)
(1.91543 -0.267059 0)
(1.91659 -0.265908 0)
(1.9179 -0.264556 0)
(1.91936 -0.263161 0)
(1.92084 -0.262367 0)
(1.92127 -0.261744 0)
(1.92108 -0.26155 0)
(1.92097 -0.261323 0)
(1.92078 -0.261111 0)
(1.92073 -0.260238 0)
(1.92057 -0.259919 0)
(1.92073 -0.258542 0)
(1.92047 -0.258202 0)
(1.92085 -0.256668 0)
(1.96177 0.0533213 0)
(1.96304 0.0539147 0)
(1.96458 0.0562861 0)
(1.96536 0.0580156 0)
(1.96654 0.0632429 0)
(1.9668 0.0692887 0)
(1.96799 0.0783836 0)
(1.96977 0.0879743 0)
(1.97209 0.0951484 0)
(1.97552 0.10206 0)
(1.97919 0.102553 0)
(1.98318 0.10521 0)
(1.98613 0.0999184 0)
(1.98197 0.0873315 0)
(1.97311 0.0635777 0)
(1.94675 0.0125371 0)
(1.91884 -0.0435128 0)
(1.89372 -0.0955512 0)
(1.8378 -0.181162 0)
(1.80955 -0.232965 0)
(1.80481 -0.242574 0)
(1.79363 -0.262667 0)
(1.78293 -0.279843 0)
(1.78232 -0.280665 0)
(1.78539 -0.278236 0)
(1.78865 -0.274678 0)
(1.79372 -0.271596 0)
(1.79853 -0.265996 0)
(1.80251 -0.263278 0)
(1.80437 -0.264263 0)
(1.80492 -0.268019 0)
(1.80414 -0.27293 0)
(1.80412 -0.275787 0)
(1.8043 -0.277552 0)
(1.80482 -0.279491 0)
(1.80632 -0.280471 0)
(1.80839 -0.280146 0)
(1.81051 -0.280044 0)
(1.81218 -0.280878 0)
(1.81347 -0.281888 0)
(1.81517 -0.282552 0)
(1.8171 -0.282804 0)
(1.81923 -0.282792 0)
(1.82166 -0.282871 0)
(1.82407 -0.283232 0)
(1.8259 -0.283878 0)
(1.82749 -0.284761 0)
(1.82894 -0.28591 0)
(1.83039 -0.286982 0)
(1.83192 -0.287576 0)
(1.83351 -0.288015 0)
(1.83519 -0.288484 0)
(1.83703 -0.288933 0)
(1.83901 -0.28919 0)
(1.84108 -0.289298 0)
(1.84315 -0.289357 0)
(1.84518 -0.289392 0)
(1.84712 -0.289461 0)
(1.84904 -0.289326 0)
(1.85104 -0.289076 0)
(1.85301 -0.288945 0)
(1.855 -0.288882 0)
(1.85697 -0.288882 0)
(1.85895 -0.28845 0)
(1.86078 -0.288195 0)
(1.86242 -0.288072 0)
(1.86397 -0.287333 0)
(1.86564 -0.286572 0)
(1.86755 -0.286042 0)
(1.86877 -0.285483 0)
(1.86993 -0.285045 0)
(1.87117 -0.284528 0)
(1.87236 -0.283992 0)
(1.87364 -0.283196 0)
(1.87501 -0.282289 0)
(1.87635 -0.281745 0)
(1.87816 -0.281074 0)
(1.87961 -0.279645 0)
(1.88073 -0.278511 0)
(1.88238 -0.277815 0)
(1.88382 -0.276749 0)
(1.88556 -0.275331 0)
(1.88725 -0.273907 0)
(1.88887 -0.272757 0)
(1.89046 -0.271804 0)
(1.89189 -0.271034 0)
(1.89324 -0.270369 0)
(1.89455 -0.269768 0)
(1.89579 -0.269229 0)
(1.89702 -0.268712 0)
(1.89833 -0.268221 0)
(1.89971 -0.267786 0)
(1.90117 -0.267322 0)
(1.90268 -0.266733 0)
(1.90424 -0.266051 0)
(1.9058 -0.2654 0)
(1.90738 -0.264856 0)
(1.90903 -0.264342 0)
(1.91071 -0.263793 0)
(1.91237 -0.263246 0)
(1.914 -0.262735 0)
(1.91559 -0.26225 0)
(1.91708 -0.261781 0)
(1.91841 -0.261383 0)
(1.91947 -0.261069 0)
(1.92008 -0.260811 0)
(1.92019 -0.260685 0)
(1.92059 -0.260808 0)
(1.92104 -0.260957 0)
(1.9214 -0.26118 0)
(1.92179 -0.261506 0)
(1.92214 -0.261777 0)
(1.92234 -0.262174 0)
(1.92242 -0.262649 0)
(1.92259 -0.263097 0)
(1.92288 -0.263489 0)
(1.92327 -0.263779 0)
(1.9238 -0.263942 0)
(1.92453 -0.263513 0)
(1.92552 -0.26296 0)
(1.92672 -0.262009 0)
(1.92807 -0.260419 0)
(1.92974 -0.259195 0)
(1.9306 -0.258109 0)
(1.93029 -0.257753 0)
(1.93008 -0.257576 0)
(1.92967 -0.257414 0)
(1.92935 -0.256956 0)
(1.92904 -0.256788 0)
(1.9291 -0.255486 0)
(1.92886 -0.255215 0)
(1.92925 -0.253828 0)
(1.95871 0.0538115 0)
(1.96036 0.0558735 0)
(1.96242 0.0592714 0)
(1.96382 0.0626466 0)
(1.96517 0.0683639 0)
(1.96645 0.0755297 0)
(1.96828 0.0834422 0)
(1.97068 0.0910791 0)
(1.97368 0.094748 0)
(1.97559 0.0985221 0)
(1.9745 0.0906844 0)
(1.96961 0.0747116 0)
(1.95583 0.0413449 0)
(1.92193 -0.0203398 0)
(1.89702 -0.0714595 0)
(1.86723 -0.125388 0)
(1.81718 -0.205085 0)
(1.79711 -0.243083 0)
(1.79513 -0.248317 0)
(1.78852 -0.264179 0)
(1.78135 -0.276805 0)
(1.78082 -0.277762 0)
(1.7837 -0.275749 0)
(1.78691 -0.272006 0)
(1.79171 -0.268291 0)
(1.79624 -0.262485 0)
(1.80082 -0.259997 0)
(1.80327 -0.260921 0)
(1.80457 -0.264181 0)
(1.80448 -0.268708 0)
(1.80434 -0.271992 0)
(1.80485 -0.274028 0)
(1.80609 -0.275851 0)
(1.80789 -0.276701 0)
(1.81004 -0.277027 0)
(1.81196 -0.27788 0)
(1.81316 -0.27916 0)
(1.81443 -0.280309 0)
(1.8161 -0.280922 0)
(1.81803 -0.280937 0)
(1.8203 -0.280541 0)
(1.82301 -0.280297 0)
(1.82569 -0.280464 0)
(1.82785 -0.281006 0)
(1.82991 -0.281702 0)
(1.83185 -0.282563 0)
(1.83363 -0.283474 0)
(1.83539 -0.284233 0)
(1.83716 -0.284848 0)
(1.83895 -0.285413 0)
(1.84081 -0.28584 0)
(1.84272 -0.286133 0)
(1.84468 -0.286394 0)
(1.84668 -0.286627 0)
(1.84872 -0.286834 0)
(1.8508 -0.287012 0)
(1.8529 -0.286974 0)
(1.85511 -0.286795 0)
(1.85734 -0.286818 0)
(1.85963 -0.286731 0)
(1.86196 -0.286455 0)
(1.86413 -0.286358 0)
(1.86618 -0.28617 0)
(1.86804 -0.285737 0)
(1.86977 -0.285206 0)
(1.87147 -0.284921 0)
(1.87322 -0.284286 0)
(1.87463 -0.283387 0)
(1.87616 -0.283129 0)
(1.87752 -0.282909 0)
(1.87877 -0.282558 0)
(1.88016 -0.282061 0)
(1.88148 -0.281782 0)
(1.88292 -0.281209 0)
(1.88444 -0.28016 0)
(1.88591 -0.279403 0)
(1.8877 -0.278615 0)
(1.88879 -0.277384 0)
(1.88994 -0.2764 0)
(1.89146 -0.275734 0)
(1.89266 -0.274621 0)
(1.89403 -0.273249 0)
(1.89545 -0.271927 0)
(1.89677 -0.270768 0)
(1.89822 -0.269586 0)
(1.89957 -0.268621 0)
(1.90084 -0.267977 0)
(1.90215 -0.267446 0)
(1.90346 -0.26694 0)
(1.90475 -0.266504 0)
(1.90605 -0.266087 0)
(1.90737 -0.265586 0)
(1.90869 -0.264933 0)
(1.91007 -0.264133 0)
(1.91151 -0.263291 0)
(1.91293 -0.262585 0)
(1.91433 -0.262071 0)
(1.91575 -0.261592 0)
(1.91721 -0.26106 0)
(1.9187 -0.260517 0)
(1.92019 -0.259999 0)
(1.92167 -0.259477 0)
(1.92307 -0.25893 0)
(1.92436 -0.25841 0)
(1.92548 -0.257938 0)
(1.92628 -0.257498 0)
(1.92655 -0.257133 0)
(1.92664 -0.257064 0)
(1.9274 -0.257301 0)
(1.9281 -0.257533 0)
(1.92873 -0.257853 0)
(1.92949 -0.258018 0)
(1.93019 -0.258126 0)
(1.93075 -0.258535 0)
(1.93128 -0.259141 0)
(1.93181 -0.259591 0)
(1.93231 -0.259798 0)
(1.93287 -0.259916 0)
(1.93358 -0.259634 0)
(1.93444 -0.259365 0)
(1.93539 -0.25885 0)
(1.93643 -0.257554 0)
(1.93786 -0.256201 0)
(1.93906 -0.254695 0)
(1.93899 -0.254004 0)
(1.93866 -0.253803 0)
(1.93824 -0.253606 0)
(1.93776 -0.253444 0)
(1.93728 -0.253629 0)
(1.9372 -0.252698 0)
(1.93691 -0.25249 0)
(1.93729 -0.250967 0)
(1.95786 0.0531118 0)
(1.96002 0.0560113 0)
(1.96255 0.0615901 0)
(1.96401 0.0664772 0)
(1.96567 0.0739748 0)
(1.96716 0.079535 0)
(1.96843 0.0889211 0)
(1.96918 0.0861419 0)
(1.96471 0.0777175 0)
(1.95457 0.0564152 0)
(1.9335 0.0132583 0)
(1.89682 -0.0551676 0)
(1.87843 -0.0985863 0)
(1.84363 -0.155877 0)
(1.80228 -0.227338 0)
(1.78788 -0.253224 0)
(1.7881 -0.254635 0)
(1.78421 -0.267672 0)
(1.77994 -0.276485 0)
(1.78063 -0.276443 0)
(1.78287 -0.274314 0)
(1.78555 -0.27063 0)
(1.78986 -0.267123 0)
(1.79437 -0.262148 0)
(1.79849 -0.259367 0)
(1.80107 -0.259974 0)
(1.80293 -0.262269 0)
(1.80336 -0.265974 0)
(1.80351 -0.269172 0)
(1.80458 -0.271137 0)
(1.80602 -0.272354 0)
(1.80811 -0.27328 0)
(1.81089 -0.274218 0)
(1.81272 -0.275359 0)
(1.81399 -0.276686 0)
(1.81545 -0.278109 0)
(1.81704 -0.278907 0)
(1.81877 -0.279199 0)
(1.82084 -0.279168 0)
(1.82355 -0.278996 0)
(1.82624 -0.278768 0)
(1.82844 -0.278908 0)
(1.83081 -0.279328 0)
(1.83306 -0.279968 0)
(1.83514 -0.280648 0)
(1.83722 -0.281264 0)
(1.83936 -0.281859 0)
(1.84148 -0.282374 0)
(1.84355 -0.282816 0)
(1.84553 -0.283265 0)
(1.84743 -0.283746 0)
(1.84933 -0.284179 0)
(1.8513 -0.28451 0)
(1.85338 -0.284717 0)
(1.85552 -0.284755 0)
(1.85773 -0.284607 0)
(1.86005 -0.284469 0)
(1.86249 -0.284195 0)
(1.86502 -0.283915 0)
(1.86749 -0.283899 0)
(1.86983 -0.283651 0)
(1.87211 -0.283493 0)
(1.87423 -0.283412 0)
(1.87612 -0.282784 0)
(1.87784 -0.281995 0)
(1.87966 -0.281358 0)
(1.88131 -0.280692 0)
(1.88255 -0.280399 0)
(1.88397 -0.28022 0)
(1.88537 -0.280213 0)
(1.88674 -0.27998 0)
(1.88825 -0.27935 0)
(1.88988 -0.278988 0)
(1.89157 -0.278685 0)
(1.89306 -0.277729 0)
(1.89473 -0.277066 0)
(1.89643 -0.276378 0)
(1.89739 -0.275469 0)
(1.89862 -0.27457 0)
(1.90016 -0.273607 0)
(1.90121 -0.272471 0)
(1.90223 -0.271295 0)
(1.90356 -0.269815 0)
(1.90449 -0.268548 0)
(1.9056 -0.267307 0)
(1.90685 -0.266151 0)
(1.90805 -0.265428 0)
(1.90935 -0.264882 0)
(1.91071 -0.264342 0)
(1.91209 -0.263873 0)
(1.91346 -0.263491 0)
(1.91482 -0.263098 0)
(1.91617 -0.262579 0)
(1.91755 -0.261879 0)
(1.91895 -0.260997 0)
(1.92029 -0.260035 0)
(1.92154 -0.25917 0)
(1.92275 -0.258462 0)
(1.92399 -0.257863 0)
(1.92526 -0.257367 0)
(1.92658 -0.256958 0)
(1.92791 -0.256578 0)
(1.92919 -0.256268 0)
(1.93032 -0.256076 0)
(1.93123 -0.255828 0)
(1.93192 -0.255431 0)
(1.93238 -0.254995 0)
(1.93265 -0.254579 0)
(1.93341 -0.25449 0)
(1.93448 -0.25466 0)
(1.93543 -0.254888 0)
(1.93633 -0.254916 0)
(1.9373 -0.254758 0)
(1.93828 -0.254779 0)
(1.93913 -0.254963 0)
(1.93989 -0.255176 0)
(1.94059 -0.255509 0)
(1.94131 -0.255898 0)
(1.94213 -0.255778 0)
(1.94307 -0.255423 0)
(1.94396 -0.255143 0)
(1.94475 -0.25458 0)
(1.94571 -0.253701 0)
(1.9467 -0.252132 0)
(1.947 -0.25094 0)
(1.94668 -0.250459 0)
(1.94628 -0.250088 0)
(1.94579 -0.249727 0)
(1.94523 -0.249944 0)
(1.94497 -0.249356 0)
(1.94459 -0.249205 0)
(1.94488 -0.247744 0)
(1.95639 0.0550427 0)
(1.95887 0.0602484 0)
(1.96086 0.064992 0)
(1.96357 0.0715366 0)
(1.96355 0.0749158 0)
(1.95998 0.0709538 0)
(1.95028 0.057377 0)
(1.93618 0.0283679 0)
(1.90779 -0.0255528 0)
(1.87372 -0.0895119 0)
(1.8596 -0.125273 0)
(1.82309 -0.182087 0)
(1.79098 -0.245357 0)
(1.78304 -0.259059 0)
(1.78493 -0.260308 0)
(1.78147 -0.272098 0)
(1.77983 -0.275348 0)
(1.78198 -0.274078 0)
(1.78381 -0.271653 0)
(1.78553 -0.268165 0)
(1.78897 -0.265293 0)
(1.79274 -0.261304 0)
(1.7966 -0.25926 0)
(1.79913 -0.259612 0)
(1.80125 -0.261375 0)
(1.80188 -0.264721 0)
(1.80182 -0.267814 0)
(1.80295 -0.26965 0)
(1.80505 -0.270435 0)
(1.80728 -0.270928 0)
(1.80997 -0.271564 0)
(1.81223 -0.272429 0)
(1.81426 -0.27372 0)
(1.81593 -0.275369 0)
(1.81763 -0.276654 0)
(1.81955 -0.277335 0)
(1.82151 -0.277673 0)
(1.82396 -0.277677 0)
(1.82654 -0.27733 0)
(1.82883 -0.277364 0)
(1.83125 -0.27774 0)
(1.83348 -0.278253 0)
(1.8356 -0.278636 0)
(1.83781 -0.278883 0)
(1.84013 -0.279163 0)
(1.8425 -0.279506 0)
(1.84483 -0.279918 0)
(1.84707 -0.280452 0)
(1.84917 -0.281117 0)
(1.85117 -0.281793 0)
(1.85316 -0.282286 0)
(1.85526 -0.28252 0)
(1.85744 -0.282563 0)
(1.85969 -0.282478 0)
(1.862 -0.282326 0)
(1.86435 -0.28209 0)
(1.86682 -0.281866 0)
(1.86936 -0.281794 0)
(1.8719 -0.281702 0)
(1.87441 -0.281516 0)
(1.87684 -0.281281 0)
(1.87914 -0.280813 0)
(1.88136 -0.280226 0)
(1.88352 -0.27957 0)
(1.88519 -0.278927 0)
(1.88682 -0.278363 0)
(1.88823 -0.277999 0)
(1.88956 -0.277747 0)
(1.89101 -0.277469 0)
(1.89251 -0.277488 0)
(1.89406 -0.277388 0)
(1.89566 -0.276865 0)
(1.89751 -0.276445 0)
(1.89944 -0.276116 0)
(1.90091 -0.275315 0)
(1.9026 -0.274596 0)
(1.90436 -0.273875 0)
(1.90551 -0.27301 0)
(1.90673 -0.272156 0)
(1.90824 -0.271084 0)
(1.90926 -0.27004 0)
(1.91007 -0.269192 0)
(1.91127 -0.267717 0)
(1.9121 -0.266341 0)
(1.91274 -0.265507 0)
(1.91374 -0.264444 0)
(1.91493 -0.263475 0)
(1.91616 -0.262733 0)
(1.91754 -0.261996 0)
(1.91896 -0.261334 0)
(1.92038 -0.260773 0)
(1.92181 -0.260211 0)
(1.92323 -0.25959 0)
(1.92465 -0.258849 0)
(1.92605 -0.257968 0)
(1.92739 -0.257081 0)
(1.92862 -0.256351 0)
(1.92977 -0.255787 0)
(1.93091 -0.255285 0)
(1.93205 -0.254809 0)
(1.93317 -0.254379 0)
(1.93429 -0.253941 0)
(1.93536 -0.253428 0)
(1.93626 -0.252979 0)
(1.93685 -0.252695 0)
(1.93719 -0.252476 0)
(1.93762 -0.252148 0)
(1.93836 -0.251575 0)
(1.93926 -0.25096 0)
(1.94056 -0.250872 0)
(1.94178 -0.251052 0)
(1.94291 -0.251211 0)
(1.94406 -0.251173 0)
(1.94521 -0.251201 0)
(1.94638 -0.251406 0)
(1.94741 -0.251517 0)
(1.94835 -0.251577 0)
(1.9492 -0.251835 0)
(1.95011 -0.252059 0)
(1.95111 -0.25179 0)
(1.95203 -0.251237 0)
(1.95273 -0.250848 0)
(1.95332 -0.250451 0)
(1.95384 -0.249438 0)
(1.95409 -0.248152 0)
(1.95392 -0.247331 0)
(1.95364 -0.246853 0)
(1.95327 -0.246284 0)
(1.95285 -0.24634 0)
(1.95251 -0.24607 0)
(1.95199 -0.246051 0)
(1.95214 -0.244631 0)
(1.95596 0.0565452 0)
(1.95605 0.0588358 0)
(1.95366 0.0561648 0)
(1.9472 0.0474172 0)
(1.934 0.0257732 0)
(1.91635 -0.00768696 0)
(1.87954 -0.0706567 0)
(1.85337 -0.120416 0)
(1.84177 -0.15127 0)
(1.80423 -0.207344 0)
(1.78196 -0.2575 0)
(1.77851 -0.263662 0)
(1.78219 -0.262593 0)
(1.78043 -0.272014 0)
(1.78131 -0.272887 0)
(1.78394 -0.271909 0)
(1.78526 -0.270093 0)
(1.78664 -0.26742 0)
(1.78934 -0.265068 0)
(1.79256 -0.261852 0)
(1.79568 -0.259857 0)
(1.79792 -0.259899 0)
(1.80001 -0.261261 0)
(1.80066 -0.264353 0)
(1.80037 -0.267592 0)
(1.80081 -0.269579 0)
(1.80285 -0.270276 0)
(1.80555 -0.270327 0)
(1.80822 -0.270446 0)
(1.81086 -0.271008 0)
(1.81328 -0.272057 0)
(1.81534 -0.273303 0)
(1.81733 -0.27437 0)
(1.81961 -0.275081 0)
(1.82193 -0.275501 0)
(1.82447 -0.275712 0)
(1.82702 -0.275724 0)
(1.82951 -0.275966 0)
(1.83193 -0.276371 0)
(1.83406 -0.276784 0)
(1.83602 -0.276978 0)
(1.83811 -0.277026 0)
(1.84038 -0.277079 0)
(1.84273 -0.277184 0)
(1.8451 -0.277424 0)
(1.84742 -0.277846 0)
(1.84966 -0.278427 0)
(1.85183 -0.279124 0)
(1.854 -0.279768 0)
(1.85627 -0.280181 0)
(1.85865 -0.280386 0)
(1.86105 -0.280483 0)
(1.86343 -0.280466 0)
(1.8658 -0.280314 0)
(1.86818 -0.280116 0)
(1.8706 -0.279876 0)
(1.8731 -0.279584 0)
(1.87564 -0.279255 0)
(1.87821 -0.278903 0)
(1.8808 -0.278513 0)
(1.88335 -0.278007 0)
(1.88569 -0.277455 0)
(1.88785 -0.276958 0)
(1.88983 -0.276446 0)
(1.89156 -0.276058 0)
(1.8931 -0.275646 0)
(1.8945 -0.27527 0)
(1.89592 -0.275029 0)
(1.89751 -0.274825 0)
(1.8992 -0.274849 0)
(1.90093 -0.274794 0)
(1.90261 -0.274331 0)
(1.90454 -0.273859 0)
(1.90654 -0.273502 0)
(1.90809 -0.272847 0)
(1.90983 -0.272175 0)
(1.91171 -0.271427 0)
(1.91304 -0.270629 0)
(1.91427 -0.269805 0)
(1.91571 -0.268638 0)
(1.91676 -0.267519 0)
(1.91751 -0.266862 0)
(1.91852 -0.265594 0)
(1.91932 -0.264103 0)
(1.91983 -0.263336 0)
(1.92038 -0.262484 0)
(1.92156 -0.261495 0)
(1.92273 -0.260633 0)
(1.92402 -0.259766 0)
(1.92545 -0.258864 0)
(1.92688 -0.258056 0)
(1.92833 -0.257336 0)
(1.92976 -0.256689 0)
(1.93116 -0.256034 0)
(1.9326 -0.255221 0)
(1.93406 -0.254282 0)
(1.93537 -0.253439 0)
(1.93656 -0.252813 0)
(1.93767 -0.252279 0)
(1.93874 -0.251765 0)
(1.93974 -0.251352 0)
(1.94063 -0.251064 0)
(1.94142 -0.250767 0)
(1.94199 -0.250431 0)
(1.94226 -0.250143 0)
(1.94235 -0.249899 0)
(1.94279 -0.249614 0)
(1.94384 -0.249176 0)
(1.9451 -0.248506 0)
(1.9464 -0.247806 0)
(1.94792 -0.247716 0)
(1.94927 -0.247805 0)
(1.9506 -0.247796 0)
(1.95191 -0.247643 0)
(1.95314 -0.24755 0)
(1.95438 -0.247469 0)
(1.95551 -0.247392 0)
(1.95655 -0.24772 0)
(1.95758 -0.248063 0)
(1.95857 -0.24788 0)
(1.95947 -0.247586 0)
(1.96018 -0.247537 0)
(1.96059 -0.247188 0)
(1.96071 -0.246366 0)
(1.96064 -0.245392 0)
(1.9605 -0.244594 0)
(1.96031 -0.243991 0)
(1.96008 -0.243223 0)
(1.95984 -0.242763 0)
(1.95956 -0.242403 0)
(1.95905 -0.242335 0)
(1.95906 -0.2412 0)
(1.94727 0.0430998 0)
(1.93569 0.0261083 0)
(1.91806 -0.00256966 0)
(1.89249 -0.0473524 0)
(1.85245 -0.116469 0)
(1.83559 -0.148496 0)
(1.82253 -0.179257 0)
(1.78741 -0.23245 0)
(1.77478 -0.26656 0)
(1.77476 -0.265049 0)
(1.77807 -0.265253 0)
(1.77957 -0.270903 0)
(1.78208 -0.270173 0)
(1.78521 -0.26909 0)
(1.78677 -0.267513 0)
(1.78827 -0.265598 0)
(1.7906 -0.264213 0)
(1.7935 -0.261832 0)
(1.796 -0.259876 0)
(1.79828 -0.259831 0)
(1.80018 -0.261267 0)
(1.80039 -0.264657 0)
(1.79969 -0.268026 0)
(1.79993 -0.269793 0)
(1.80156 -0.270268 0)
(1.80392 -0.270276 0)
(1.80648 -0.270427 0)
(1.80903 -0.270993 0)
(1.81145 -0.271766 0)
(1.81379 -0.272363 0)
(1.81617 -0.272724 0)
(1.81883 -0.273031 0)
(1.82169 -0.273314 0)
(1.82449 -0.273532 0)
(1.82726 -0.273871 0)
(1.82999 -0.274302 0)
(1.83256 -0.274817 0)
(1.83484 -0.275235 0)
(1.83686 -0.275421 0)
(1.83881 -0.275491 0)
(1.84088 -0.27548 0)
(1.84308 -0.275396 0)
(1.8453 -0.275396 0)
(1.84749 -0.275612 0)
(1.84963 -0.276061 0)
(1.85175 -0.276632 0)
(1.85396 -0.277138 0)
(1.85634 -0.277568 0)
(1.85886 -0.277948 0)
(1.86146 -0.27819 0)
(1.86407 -0.278308 0)
(1.86662 -0.278378 0)
(1.8691 -0.278299 0)
(1.8716 -0.278036 0)
(1.87405 -0.277781 0)
(1.87654 -0.277482 0)
(1.87913 -0.277104 0)
(1.88171 -0.276685 0)
(1.88429 -0.276191 0)
(1.88682 -0.275653 0)
(1.88925 -0.275103 0)
(1.89152 -0.274553 0)
(1.89354 -0.274073 0)
(1.89537 -0.273648 0)
(1.8971 -0.273308 0)
(1.89861 -0.273014 0)
(1.90023 -0.272703 0)
(1.90196 -0.272593 0)
(1.90367 -0.272432 0)
(1.90554 -0.272369 0)
(1.90742 -0.272308 0)
(1.90916 -0.272021 0)
(1.91108 -0.271563 0)
(1.91315 -0.271073 0)
(1.91481 -0.270393 0)
(1.91655 -0.269701 0)
(1.91844 -0.268862 0)
(1.9199 -0.26796 0)
(1.92119 -0.26703 0)
(1.92257 -0.265855 0)
(1.92368 -0.264736 0)
(1.9245 -0.264217 0)
(1.92538 -0.26332 0)
(1.92614 -0.262007 0)
(1.92666 -0.261251 0)
(1.92707 -0.260629 0)
(1.92802 -0.259749 0)
(1.9292 -0.25892 0)
(1.93033 -0.257987 0)
(1.93171 -0.256853 0)
(1.93305 -0.255756 0)
(1.93443 -0.254727 0)
(1.93585 -0.253712 0)
(1.9372 -0.252826 0)
(1.93861 -0.251982 0)
(1.94017 -0.251057 0)
(1.94164 -0.25025 0)
(1.94294 -0.24973 0)
(1.94411 -0.249347 0)
(1.94516 -0.248977 0)
(1.94608 -0.248652 0)
(1.94682 -0.248369 0)
(1.94732 -0.248084 0)
(1.94749 -0.24782 0)
(1.94735 -0.247505 0)
(1.94735 -0.24702 0)
(1.94812 -0.246465 0)
(1.94938 -0.245912 0)
(1.95074 -0.245257 0)
(1.95209 -0.244438 0)
(1.95366 -0.243922 0)
(1.95527 -0.243824 0)
(1.95679 -0.243783 0)
(1.95825 -0.243757 0)
(1.9596 -0.243675 0)
(1.96098 -0.243602 0)
(1.96235 -0.243545 0)
(1.96354 -0.243803 0)
(1.96461 -0.244145 0)
(1.96554 -0.244094 0)
(1.96633 -0.243989 0)
(1.96688 -0.243832 0)
(1.96711 -0.243332 0)
(1.96703 -0.242655 0)
(1.96675 -0.242236 0)
(1.96655 -0.241586 0)
(1.96633 -0.240974 0)
(1.96618 -0.240354 0)
(1.9661 -0.239601 0)
(1.96597 -0.238905 0)
(1.96571 -0.238611 0)
(1.96578 -0.237839 0)
(1.90293 -0.0361127 0)
(1.86719 -0.0963599 0)
(1.83358 -0.155787 0)
(1.82511 -0.171928 0)
(1.80372 -0.206424 0)
(1.77643 -0.253748 0)
(1.7704 -0.27133 0)
(1.77159 -0.26553 0)
(1.77472 -0.264727 0)
(1.7792 -0.268086 0)
(1.78197 -0.267638 0)
(1.78518 -0.266914 0)
(1.78687 -0.265889 0)
(1.78892 -0.264187 0)
(1.79166 -0.262383 0)
(1.79485 -0.259814 0)
(1.79737 -0.258328 0)
(1.79984 -0.25859 0)
(1.80152 -0.260476 0)
(1.80133 -0.26435 0)
(1.80019 -0.268202 0)
(1.80006 -0.270395 0)
(1.80129 -0.271242 0)
(1.80327 -0.271558 0)
(1.80552 -0.2719 0)
(1.80776 -0.272468 0)
(1.80994 -0.273016 0)
(1.81218 -0.27322 0)
(1.81475 -0.273067 0)
(1.81775 -0.272801 0)
(1.82084 -0.272503 0)
(1.82392 -0.272257 0)
(1.82694 -0.272268 0)
(1.82988 -0.272541 0)
(1.83265 -0.27292 0)
(1.8352 -0.273284 0)
(1.83749 -0.273616 0)
(1.83962 -0.273862 0)
(1.84173 -0.273891 0)
(1.84387 -0.273767 0)
(1.84596 -0.273694 0)
(1.84795 -0.273794 0)
(1.84986 -0.274086 0)
(1.85176 -0.274486 0)
(1.8538 -0.27487 0)
(1.85607 -0.275188 0)
(1.85854 -0.275479 0)
(1.86117 -0.275776 0)
(1.86385 -0.27603 0)
(1.86654 -0.276161 0)
(1.86921 -0.276221 0)
(1.87182 -0.276235 0)
(1.87446 -0.276034 0)
(1.87714 -0.27569 0)
(1.87976 -0.275361 0)
(1.8824 -0.274918 0)
(1.88498 -0.274377 0)
(1.8875 -0.273826 0)
(1.89 -0.273203 0)
(1.89231 -0.272598 0)
(1.89449 -0.27205 0)
(1.8966 -0.271476 0)
(1.89853 -0.270982 0)
(1.9003 -0.270669 0)
(1.90209 -0.270509 0)
(1.90376 -0.27038 0)
(1.90562 -0.270173 0)
(1.90763 -0.270135 0)
(1.90951 -0.27011 0)
(1.91151 -0.269959 0)
(1.91353 -0.269796 0)
(1.9153 -0.269555 0)
(1.91724 -0.269108 0)
(1.91938 -0.268491 0)
(1.92108 -0.267801 0)
(1.92279 -0.267107 0)
(1.92457 -0.266203 0)
(1.92609 -0.265266 0)
(1.9275 -0.264348 0)
(1.92887 -0.263304 0)
(1.93006 -0.262225 0)
(1.93097 -0.261693 0)
(1.93179 -0.261056 0)
(1.93253 -0.259883 0)
(1.93308 -0.259043 0)
(1.93358 -0.258543 0)
(1.93436 -0.257743 0)
(1.93558 -0.256955 0)
(1.9366 -0.256043 0)
(1.9378 -0.254919 0)
(1.93904 -0.253679 0)
(1.94027 -0.252445 0)
(1.94169 -0.251159 0)
(1.94304 -0.250039 0)
(1.94436 -0.249152 0)
(1.94589 -0.248204 0)
(1.94746 -0.247275 0)
(1.94888 -0.246619 0)
(1.95008 -0.24615 0)
(1.95108 -0.245747 0)
(1.95188 -0.245471 0)
(1.95245 -0.245336 0)
(1.95275 -0.2452 0)
(1.95268 -0.245102 0)
(1.95238 -0.245005 0)
(1.95251 -0.244493 0)
(1.95377 -0.243764 0)
(1.95514 -0.24314 0)
(1.95645 -0.242455 0)
(1.95783 -0.241555 0)
(1.95943 -0.240852 0)
(1.96103 -0.240396 0)
(1.96267 -0.240051 0)
(1.96428 -0.239818 0)
(1.9658 -0.239712 0)
(1.96723 -0.239543 0)
(1.96872 -0.239433 0)
(1.97003 -0.239642 0)
(1.97112 -0.239971 0)
(1.97201 -0.240165 0)
(1.97268 -0.240212 0)
(1.97308 -0.240057 0)
(1.97311 -0.239752 0)
(1.97298 -0.239521 0)
(1.97274 -0.239168 0)
(1.97217 -0.238468 0)
(1.97179 -0.237756 0)
(1.97167 -0.237162 0)
(1.97161 -0.236448 0)
(1.97153 -0.235516 0)
(1.97181 -0.234937 0)
(1.97204 -0.23424 0)
(1.81952 -0.181466 0)
(1.81571 -0.194404 0)
(1.78919 -0.228691 0)
(1.77071 -0.266522 0)
(1.76818 -0.27368 0)
(1.76944 -0.266923 0)
(1.77327 -0.267044 0)
(1.77794 -0.268092 0)
(1.7808 -0.267437 0)
(1.78414 -0.266902 0)
(1.78621 -0.265697 0)
(1.78861 -0.263426 0)
(1.7918 -0.260752 0)
(1.79532 -0.257676 0)
(1.79826 -0.256062 0)
(1.80111 -0.256105 0)
(1.80318 -0.25788 0)
(1.80328 -0.262015 0)
(1.80185 -0.266788 0)
(1.80107 -0.270034 0)
(1.80184 -0.2716 0)
(1.80359 -0.272283 0)
(1.80564 -0.27278 0)
(1.80759 -0.27353 0)
(1.8094 -0.274308 0)
(1.81133 -0.274525 0)
(1.81382 -0.274145 0)
(1.81684 -0.273523 0)
(1.82004 -0.27275 0)
(1.82322 -0.27203 0)
(1.82632 -0.271656 0)
(1.82934 -0.271565 0)
(1.83227 -0.271598 0)
(1.83501 -0.27172 0)
(1.83757 -0.271905 0)
(1.84001 -0.272034 0)
(1.84237 -0.27206 0)
(1.8446 -0.272056 0)
(1.84672 -0.272057 0)
(1.8487 -0.272132 0)
(1.8505 -0.272389 0)
(1.8522 -0.272736 0)
(1.85398 -0.273015 0)
(1.856 -0.27324 0)
(1.85831 -0.273405 0)
(1.8608 -0.273505 0)
(1.86336 -0.273629 0)
(1.86596 -0.273776 0)
(1.86862 -0.273843 0)
(1.87134 -0.273832 0)
(1.87409 -0.273802 0)
(1.87686 -0.273653 0)
(1.87973 -0.273286 0)
(1.88251 -0.272924 0)
(1.88524 -0.272561 0)
(1.88795 -0.272021 0)
(1.89043 -0.271575 0)
(1.8928 -0.271179 0)
(1.89518 -0.270499 0)
(1.89728 -0.269784 0)
(1.8992 -0.269282 0)
(1.90115 -0.268735 0)
(1.90305 -0.268161 0)
(1.90488 -0.267862 0)
(1.90679 -0.26787 0)
(1.90866 -0.267922 0)
(1.9108 -0.267772 0)
(1.91296 -0.267727 0)
(1.91498 -0.267744 0)
(1.91709 -0.267547 0)
(1.91925 -0.267218 0)
(1.92105 -0.266925 0)
(1.92298 -0.266514 0)
(1.9251 -0.265831 0)
(1.92684 -0.265106 0)
(1.92852 -0.264315 0)
(1.93017 -0.263352 0)
(1.93167 -0.262449 0)
(1.93315 -0.261592 0)
(1.93459 -0.260636 0)
(1.93584 -0.259608 0)
(1.93682 -0.259121 0)
(1.93765 -0.258729 0)
(1.93843 -0.257749 0)
(1.93911 -0.256965 0)
(1.93978 -0.256619 0)
(1.94061 -0.255962 0)
(1.94183 -0.255108 0)
(1.94279 -0.254151 0)
(1.94382 -0.25302 0)
(1.94494 -0.251711 0)
(1.946 -0.250314 0)
(1.94737 -0.248825 0)
(1.94877 -0.247306 0)
(1.95002 -0.246138 0)
(1.95138 -0.245159 0)
(1.95284 -0.244255 0)
(1.95427 -0.24353 0)
(1.95551 -0.243056 0)
(1.95643 -0.24276 0)
(1.95705 -0.242538 0)
(1.95741 -0.242546 0)
(1.95757 -0.242525 0)
(1.95753 -0.242273 0)
(1.95758 -0.24207 0)
(1.95808 -0.241504 0)
(1.95946 -0.240724 0)
(1.96103 -0.239957 0)
(1.96227 -0.239112 0)
(1.96357 -0.238035 0)
(1.96517 -0.237164 0)
(1.96672 -0.236625 0)
(1.96831 -0.236215 0)
(1.96995 -0.235915 0)
(1.97161 -0.235727 0)
(1.97324 -0.235654 0)
(1.97471 -0.235614 0)
(1.97606 -0.235768 0)
(1.97716 -0.236068 0)
(1.97801 -0.236212 0)
(1.97857 -0.236195 0)
(1.97875 -0.236119 0)
(1.97868 -0.236075 0)
(1.9785 -0.235915 0)
(1.978 -0.235364 0)
(1.97718 -0.234747 0)
(1.97669 -0.234263 0)
(1.97646 -0.233751 0)
(1.97665 -0.233211 0)
(1.97679 -0.232375 0)
(1.97711 -0.231673 0)
(1.97777 -0.230851 0)
(1.78076 -0.244393 0)
(1.76968 -0.272642 0)
(1.76787 -0.273751 0)
(1.76947 -0.268507 0)
(1.7739 -0.268919 0)
(1.77789 -0.268022 0)
(1.78062 -0.267782 0)
(1.78333 -0.267838 0)
(1.78534 -0.266471 0)
(1.7884 -0.263914 0)
(1.79195 -0.260731 0)
(1.79545 -0.25746 0)
(1.79866 -0.255648 0)
(1.8018 -0.255485 0)
(1.80399 -0.257093 0)
(1.80437 -0.260571 0)
(1.80319 -0.26484 0)
(1.80243 -0.26846 0)
(1.8031 -0.27073 0)
(1.80461 -0.272139 0)
(1.80644 -0.273208 0)
(1.80817 -0.274278 0)
(1.80967 -0.275305 0)
(1.81125 -0.275756 0)
(1.81362 -0.275466 0)
(1.81653 -0.274863 0)
(1.81955 -0.274048 0)
(1.8226 -0.273216 0)
(1.82564 -0.272557 0)
(1.8287 -0.271983 0)
(1.83166 -0.271471 0)
(1.83449 -0.271098 0)
(1.83728 -0.270798 0)
(1.83996 -0.27056 0)
(1.84248 -0.270451 0)
(1.84489 -0.270367 0)
(1.84718 -0.270255 0)
(1.84924 -0.270303 0)
(1.85107 -0.270538 0)
(1.85277 -0.2708 0)
(1.85443 -0.271108 0)
(1.85623 -0.271402 0)
(1.8583 -0.271512 0)
(1.86061 -0.27156 0)
(1.86303 -0.271606 0)
(1.86549 -0.271578 0)
(1.86796 -0.271561 0)
(1.87051 -0.271521 0)
(1.87324 -0.271362 0)
(1.87606 -0.27118 0)
(1.8789 -0.271004 0)
(1.88181 -0.270705 0)
(1.88471 -0.270328 0)
(1.88751 -0.270088 0)
(1.89024 -0.269806 0)
(1.89291 -0.269226 0)
(1.89533 -0.268721 0)
(1.89755 -0.26836 0)
(1.89978 -0.267558 0)
(1.90179 -0.266639 0)
(1.90358 -0.266252 0)
(1.90542 -0.26594 0)
(1.90736 -0.26541 0)
(1.9093 -0.265144 0)
(1.91132 -0.26532 0)
(1.91333 -0.265429 0)
(1.91572 -0.265163 0)
(1.91797 -0.265049 0)
(1.92006 -0.265081 0)
(1.92227 -0.264853 0)
(1.92451 -0.264384 0)
(1.92636 -0.264012 0)
(1.92823 -0.263598 0)
(1.93021 -0.262917 0)
)
;

boundaryField
{
    inlet
    {
        type            fixedValue;
        value           nonuniform 0();
    }
    outlet
    {
        type            inletOutlet;
        inletValue      uniform (2 0 0);
        value           nonuniform List<vector> 
18
(
(1.71744 -0.016169 0)
(1.77287 -0.114785 0)
(1.83228 -0.228256 0)
(1.85913 -0.26412 0)
(1.87354 -0.269384 0)
(1.88487 -0.267815 0)
(1.89401 -0.264361 0)
(1.90309 -0.261512 0)
(1.9121 -0.259032 0)
(1.92085 -0.256668 0)
(1.92925 -0.253828 0)
(1.93729 -0.250967 0)
(1.94488 -0.247744 0)
(1.95214 -0.244631 0)
(1.95906 -0.2412 0)
(1.96578 -0.237839 0)
(1.97204 -0.23424 0)
(1.97777 -0.230851 0)
)
;
    }
    bottom
    {
        type            symmetryPlane;
    }
    top
    {
        type            symmetryPlane;
    }
    obstacle
    {
        type            slip;
    }
    front
    {
        type            empty;
    }
    back
    {
        type            empty;
    }
    procBoundary15to7
    {
        type            processor;
        value           nonuniform List<vector> 
133
(
(2.00941 0.0282324 0)
(1.9958 0.0113922 0)
(1.96521 -0.0281045 0)
(1.90549 -0.104004 0)
(1.86101 -0.165973 0)
(1.78673 -0.24606 0)
(1.73021 -0.32386 0)
(1.71389 -0.329519 0)
(1.71245 -0.324906 0)
(1.71134 -0.332666 0)
(1.71273 -0.334569 0)
(1.7154 -0.332245 0)
(1.71613 -0.327767 0)
(1.71968 -0.324891 0)
(1.72377 -0.322927 0)
(1.72662 -0.319801 0)
(1.72953 -0.316339 0)
(1.73082 -0.313474 0)
(1.73094 -0.313234 0)
(1.73032 -0.31442 0)
(1.72907 -0.317098 0)
(1.72874 -0.318307 0)
(1.72851 -0.317625 0)
(1.72911 -0.315473 0)
(1.73047 -0.31312 0)
(1.73194 -0.311428 0)
(1.73273 -0.310171 0)
(1.73297 -0.30931 0)
(1.73326 -0.308641 0)
(1.73399 -0.307868 0)
(1.73546 -0.306645 0)
(1.73768 -0.30503 0)
(1.74013 -0.303766 0)
(1.74187 -0.303253 0)
(1.74263 -0.303064 0)
(1.74301 -0.303024 0)
(1.74352 -0.303182 0)
(1.74448 -0.303366 0)
(1.746 -0.303347 0)
(1.74772 -0.303184 0)
(1.74908 -0.303206 0)
(1.74996 -0.303502 0)
(1.75062 -0.303839 0)
(1.75142 -0.303899 0)
(1.75257 -0.303313 0)
(1.75413 -0.302095 0)
(1.75596 -0.301056 0)
(1.7577 -0.300848 0)
(1.75918 -0.30139 0)
(1.76053 -0.301887 0)
(1.76198 -0.301533 0)
(1.76376 -0.300142 0)
(1.76599 -0.298417 0)
(1.76841 -0.297003 0)
(1.77066 -0.296275 0)
(1.7725 -0.296409 0)
(1.77403 -0.296777 0)
(1.77545 -0.296896 0)
(1.77687 -0.296873 0)
(1.77828 -0.296899 0)
(1.77958 -0.296948 0)
(1.78063 -0.297233 0)
(1.78157 -0.297651 0)
(1.78269 -0.297933 0)
(1.78405 -0.298113 0)
(1.78563 -0.298206 0)
(1.78752 -0.298097 0)
(1.78958 -0.297568 0)
(1.79082 -0.297436 0)
(1.79242 -0.297185 0)
(1.79399 -0.296775 0)
(1.79565 -0.296477 0)
(1.79735 -0.296392 0)
(1.79898 -0.296469 0)
(1.80063 -0.296782 0)
(1.8019 -0.29622 0)
(1.80358 -0.29492 0)
(1.80388 -0.293011 0)
(1.80433 -0.290248 0)
(1.80499 -0.287149 0)
(1.80485 -0.281627 0)
(1.80289 -0.273373 0)
(1.79728 -0.260635 0)
(1.78848 -0.240732 0)
(1.77757 -0.214221 0)
(1.76535 -0.181898 0)
(1.74978 -0.143231 0)
(1.73799 -0.109915 0)
(1.72722 -0.0810094 0)
(1.71353 -0.0499004 0)
(1.70484 -0.02689 0)
(1.7014 -0.0121547 0)
(1.69358 0.00317678 0)
(1.68924 0.0152407 0)
(1.68366 0.0315799 0)
(2.04396 0.0670622 0)
(2.04835 0.0705241 0)
(2.05291 0.0728878 0)
(2.05815 0.0752607 0)
(2.06407 0.0783928 0)
(2.07031 0.081811 0)
(2.07674 0.0856032 0)
(2.08322 0.0900814 0)
(2.08958 0.0949473 0)
(2.09583 0.100785 0)
(2.10153 0.108488 0)
(2.10641 0.118495 0)
(2.11086 0.130897 0)
(2.11523 0.145413 0)
(2.11964 0.161355 0)
(2.12417 0.179118 0)
(2.12877 0.19515 0)
(2.13269 0.205939 0)
(2.13397 0.207634 0)
(2.13085 0.193967 0)
(2.12175 0.162449 0)
(2.11247 0.120423 0)
(2.10438 0.0912812 0)
(2.09507 0.0821981 0)
(2.08653 0.079408 0)
(2.07912 0.077157 0)
(2.07348 0.074441 0)
(2.07148 0.0730295 0)
(2.06932 0.0703833 0)
(2.06602 0.0667137 0)
(2.06344 0.0630732 0)
(2.05934 0.0595798 0)
(2.05419 0.0567685 0)
(2.05006 0.0532663 0)
(2.04471 0.0490126 0)
(2.03707 0.0408589 0)
(2.02361 0.023527 0)
(2.02361 0.023527 0)
)
;
    }
    procBoundary15to14
    {
        type            processor;
        value           nonuniform List<vector> 
17
(
(2.03501 0.0580563 0)
(2.02928 0.0571251 0)
(2.02239 0.0566024 0)
(2.01376 0.0582768 0)
(2.00329 0.059154 0)
(1.99172 0.0594614 0)
(1.9808 0.0589475 0)
(1.97151 0.0554163 0)
(1.96439 0.0553047 0)
(1.96007 0.0515088 0)
(1.95671 0.0502993 0)
(1.95514 0.0491887 0)
(1.95409 0.0503879 0)
(1.9539 0.0523891 0)
(1.95071 0.0497865 0)
(1.9205 -0.0028149 0)
(1.84297 -0.141082 0)
)
;
    }
    procBoundary15to22
    {
        type            processor;
        value           uniform (1.80628 -0.213312 0);
    }
    procBoundary15to23
    {
        type            processor;
        value           nonuniform List<vector> 
133
(
(1.93199 -0.262186 0)
(1.93371 -0.261326 0)
(1.93532 -0.260384 0)
(1.93678 -0.259669 0)
(1.93826 -0.259054 0)
(1.93975 -0.258228 0)
(1.94103 -0.25725 0)
(1.94208 -0.256753 0)
(1.94291 -0.25657 0)
(1.94378 -0.255729 0)
(1.94476 -0.25478 0)
(1.94565 -0.254392 0)
(1.94659 -0.253792 0)
(1.94786 -0.25283 0)
(1.94885 -0.251801 0)
(1.94969 -0.25073 0)
(1.95081 -0.249464 0)
(1.95179 -0.248086 0)
(1.95298 -0.246612 0)
(1.95437 -0.244994 0)
(1.95559 -0.243699 0)
(1.95685 -0.242719 0)
(1.95803 -0.241838 0)
(1.95918 -0.241056 0)
(1.96027 -0.240393 0)
(1.96104 -0.239959 0)
(1.9614 -0.239585 0)
(1.96162 -0.239565 0)
(1.96184 -0.239678 0)
(1.96225 -0.239203 0)
(1.96296 -0.238767 0)
(1.96391 -0.238398 0)
(1.96526 -0.237614 0)
(1.9669 -0.236938 0)
(1.96824 -0.235964 0)
(1.96944 -0.234871 0)
(1.971 -0.23387 0)
(1.97249 -0.233228 0)
(1.97396 -0.232721 0)
(1.97552 -0.232389 0)
(1.97717 -0.232139 0)
(1.97879 -0.231862 0)
(1.98027 -0.231708 0)
(1.98154 -0.231761 0)
(1.98258 -0.231916 0)
(1.98336 -0.232018 0)
(1.98384 -0.232064 0)
(1.98407 -0.232111 0)
(1.98399 -0.232159 0)
(1.98349 -0.232038 0)
(1.98259 -0.231706 0)
(1.98165 -0.231399 0)
(1.98126 -0.231061 0)
(1.98112 -0.23051 0)
(1.98131 -0.229912 0)
(1.98163 -0.229084 0)
(1.98205 -0.228296 0)
(1.98309 -0.227459 0)
(1.76886 -0.272257 0)
(1.77107 -0.268199 0)
(1.77604 -0.268008 0)
(1.77949 -0.267044 0)
(1.78199 -0.267428 0)
(1.78398 -0.268677 0)
(1.78531 -0.268078 0)
(1.78805 -0.265839 0)
(1.79169 -0.262767 0)
(1.79547 -0.259467 0)
(1.79898 -0.257552 0)
(1.80215 -0.257172 0)
(1.80408 -0.258335 0)
(1.80464 -0.260761 0)
(1.80422 -0.263829 0)
(1.80374 -0.267101 0)
(1.80428 -0.26956 0)
(1.80569 -0.271167 0)
(1.80745 -0.272551 0)
(1.80916 -0.273946 0)
(1.81065 -0.275239 0)
(1.81202 -0.27606 0)
(1.81385 -0.276109 0)
(1.81671 -0.275626 0)
(1.81971 -0.274883 0)
(1.8226 -0.274165 0)
(1.82547 -0.273506 0)
(1.8283 -0.272783 0)
(1.83108 -0.272068 0)
(1.83396 -0.27132 0)
(1.83683 -0.270609 0)
(1.83953 -0.270103 0)
(1.8422 -0.269663 0)
(1.84482 -0.269159 0)
(1.84719 -0.268873 0)
(1.84931 -0.268863 0)
(1.85131 -0.268842 0)
(1.85312 -0.268927 0)
(1.85476 -0.269261 0)
(1.85645 -0.269553 0)
(1.85834 -0.26971 0)
(1.86045 -0.269795 0)
(1.86276 -0.269743 0)
(1.86514 -0.269659 0)
(1.86748 -0.269613 0)
(1.86988 -0.269421 0)
(1.87241 -0.269114 0)
(1.87507 -0.268773 0)
(1.87787 -0.268368 0)
(1.88069 -0.268028 0)
(1.88352 -0.267783 0)
(1.8864 -0.267463 0)
(1.88923 -0.267152 0)
(1.89197 -0.266985 0)
(1.89463 -0.266716 0)
(1.8972 -0.266172 0)
(1.8996 -0.265682 0)
(1.9018 -0.265384 0)
(1.90393 -0.264728 0)
(1.90594 -0.263835 0)
(1.90779 -0.263526 0)
(1.90963 -0.263487 0)
(1.91164 -0.263066 0)
(1.9137 -0.262687 0)
(1.91578 -0.262811 0)
(1.91786 -0.262877 0)
(1.92036 -0.262478 0)
(1.92268 -0.262204 0)
(1.92479 -0.262181 0)
(1.92699 -0.261892 0)
(1.92923 -0.261334 0)
(1.93116 -0.260836 0)
(1.933 -0.260367 0)
(1.93199 -0.262186 0)
(1.93482 -0.25984 0)
)
;
    }
}


// ************************************************************************* //
