/*--------------------------------*- C++ -*----------------------------------*\
  =========                 |
  \\      /  F ield         | OpenFOAM: The Open Source CFD Toolbox
   \\    /   O peration     | Website:  https://openfoam.org
    \\  /    A nd           | Version:  7
     \\/     M anipulation  |
\*---------------------------------------------------------------------------*/
FoamFile
{
    version     2.0;
    format      ascii;
    class       faceList;
    location    "constant/polyMesh";
    object      faces;
}
// * * * * * * * * * * * * * * * * * * * * * * * * * * * * * * * * * * * * * //


4111
(
4(1 65 1153 1089)
4(64 1152 1153 65)
4(2 66 1154 1090)
4(65 1153 1154 66)
4(3 67 1155 1091)
4(66 1154 1155 67)
4(4 68 1156 1092)
4(67 1155 1156 68)
4(5 69 1157 1093)
4(68 1156 1157 69)
4(6 70 1158 1094)
4(69 1157 1158 70)
4(7 71 1159 1095)
4(70 1158 1159 71)
4(8 72 1160 1096)
4(71 1159 1160 72)
4(9 73 1161 1097)
4(72 1160 1161 73)
4(10 74 1162 1098)
4(73 1161 1162 74)
4(11 75 1163 1099)
4(74 1162 1163 75)
4(12 76 1164 1100)
4(75 1163 1164 76)
4(13 77 1165 1101)
4(76 1164 1165 77)
4(14 78 1166 1102)
4(77 1165 1166 78)
4(15 79 1167 1103)
4(78 1166 1167 79)
4(16 80 1168 1104)
4(79 1167 1168 80)
4(17 81 1169 1105)
4(80 1168 1169 81)
4(18 82 1170 1106)
4(81 1169 1170 82)
4(19 83 1171 1107)
4(82 1170 1171 83)
4(20 84 1172 1108)
4(83 1171 1172 84)
4(21 85 1173 1109)
4(84 1172 1173 85)
4(22 86 1174 1110)
4(85 1173 1174 86)
4(23 87 1175 1111)
4(86 1174 1175 87)
4(24 88 1176 1112)
4(87 1175 1176 88)
4(25 89 1177 1113)
4(88 1176 1177 89)
4(26 90 1178 1114)
4(89 1177 1178 90)
4(27 91 1179 1115)
4(90 1178 1179 91)
4(28 92 1180 1116)
4(91 1179 1180 92)
4(29 93 1181 1117)
4(92 1180 1181 93)
4(30 94 1182 1118)
4(93 1181 1182 94)
4(31 95 1183 1119)
4(94 1182 1183 95)
4(32 96 1184 1120)
4(95 1183 1184 96)
4(33 97 1185 1121)
4(96 1184 1185 97)
4(34 98 1186 1122)
4(97 1185 1186 98)
4(35 99 1187 1123)
4(98 1186 1187 99)
4(36 100 1188 1124)
4(99 1187 1188 100)
4(37 101 1189 1125)
4(100 1188 1189 101)
4(38 102 1190 1126)
4(101 1189 1190 102)
4(39 103 1191 1127)
4(102 1190 1191 103)
4(40 104 1192 1128)
4(103 1191 1192 104)
4(41 105 1193 1129)
4(104 1192 1193 105)
4(42 106 1194 1130)
4(105 1193 1194 106)
4(43 107 1195 1131)
4(106 1194 1195 107)
4(44 108 1196 1132)
4(107 1195 1196 108)
4(45 109 1197 1133)
4(108 1196 1197 109)
4(46 110 1198 1134)
4(109 1197 1198 110)
4(47 111 1199 1135)
4(110 1198 1199 111)
4(48 112 1200 1136)
4(111 1199 1200 112)
4(49 113 1201 1137)
4(112 1200 1201 113)
4(50 114 1202 1138)
4(113 1201 1202 114)
4(51 115 1203 1139)
4(114 1202 1203 115)
4(52 116 1204 1140)
4(115 1203 1204 116)
4(53 117 1205 1141)
4(116 1204 1205 117)
4(54 118 1206 1142)
4(117 1205 1206 118)
4(55 119 1207 1143)
4(118 1206 1207 119)
4(56 120 1208 1144)
4(119 1207 1208 120)
4(57 121 1209 1145)
4(120 1208 1209 121)
4(58 122 1210 1146)
4(121 1209 1210 122)
4(59 123 1211 1147)
4(122 1210 1211 123)
4(60 124 1212 1148)
4(123 1211 1212 124)
4(61 125 1213 1149)
4(124 1212 1213 125)
4(62 126 1214 1150)
4(125 1213 1214 126)
4(126 1214 1215 127)
4(65 129 1217 1153)
4(128 1216 1217 129)
4(66 130 1218 1154)
4(129 1217 1218 130)
4(67 131 1219 1155)
4(130 1218 1219 131)
4(68 132 1220 1156)
4(131 1219 1220 132)
4(69 133 1221 1157)
4(132 1220 1221 133)
4(70 134 1222 1158)
4(133 1221 1222 134)
4(71 135 1223 1159)
4(134 1222 1223 135)
4(72 136 1224 1160)
4(135 1223 1224 136)
4(73 137 1225 1161)
4(136 1224 1225 137)
4(74 138 1226 1162)
4(137 1225 1226 138)
4(75 139 1227 1163)
4(138 1226 1227 139)
4(76 140 1228 1164)
4(139 1227 1228 140)
4(77 141 1229 1165)
4(140 1228 1229 141)
4(78 142 1230 1166)
4(141 1229 1230 142)
4(79 143 1231 1167)
4(142 1230 1231 143)
4(80 144 1232 1168)
4(143 1231 1232 144)
4(81 145 1233 1169)
4(144 1232 1233 145)
4(82 146 1234 1170)
4(145 1233 1234 146)
4(83 147 1235 1171)
4(146 1234 1235 147)
4(84 148 1236 1172)
4(147 1235 1236 148)
4(85 149 1237 1173)
4(148 1236 1237 149)
4(86 150 1238 1174)
4(149 1237 1238 150)
4(87 151 1239 1175)
4(150 1238 1239 151)
4(88 152 1240 1176)
4(151 1239 1240 152)
4(89 153 1241 1177)
4(152 1240 1241 153)
4(90 154 1242 1178)
4(153 1241 1242 154)
4(91 155 1243 1179)
4(154 1242 1243 155)
4(92 156 1244 1180)
4(155 1243 1244 156)
4(93 157 1245 1181)
4(156 1244 1245 157)
4(94 158 1246 1182)
4(157 1245 1246 158)
4(95 159 1247 1183)
4(158 1246 1247 159)
4(96 160 1248 1184)
4(159 1247 1248 160)
4(97 161 1249 1185)
4(160 1248 1249 161)
4(98 162 1250 1186)
4(161 1249 1250 162)
4(99 163 1251 1187)
4(162 1250 1251 163)
4(100 164 1252 1188)
4(163 1251 1252 164)
4(101 165 1253 1189)
4(164 1252 1253 165)
4(102 166 1254 1190)
4(165 1253 1254 166)
4(103 167 1255 1191)
4(166 1254 1255 167)
4(104 168 1256 1192)
4(167 1255 1256 168)
4(105 169 1257 1193)
4(168 1256 1257 169)
4(106 170 1258 1194)
4(169 1257 1258 170)
4(107 171 1259 1195)
4(170 1258 1259 171)
4(108 172 1260 1196)
4(171 1259 1260 172)
4(109 173 1261 1197)
4(172 1260 1261 173)
4(110 174 1262 1198)
4(173 1261 1262 174)
4(111 175 1263 1199)
4(174 1262 1263 175)
4(112 176 1264 1200)
4(175 1263 1264 176)
4(113 177 1265 1201)
4(176 1264 1265 177)
4(114 178 1266 1202)
4(177 1265 1266 178)
4(115 179 1267 1203)
4(178 1266 1267 179)
4(116 180 1268 1204)
4(179 1267 1268 180)
4(117 181 1269 1205)
4(180 1268 1269 181)
4(118 182 1270 1206)
4(181 1269 1270 182)
4(119 183 1271 1207)
4(182 1270 1271 183)
4(120 184 1272 1208)
4(183 1271 1272 184)
4(121 185 1273 1209)
4(184 1272 1273 185)
4(122 186 1274 1210)
4(185 1273 1274 186)
4(123 187 1275 1211)
4(186 1274 1275 187)
4(124 188 1276 1212)
4(187 1275 1276 188)
4(125 189 1277 1213)
4(188 1276 1277 189)
4(126 190 1278 1214)
4(189 1277 1278 190)
4(190 1278 1279 191)
4(129 193 1281 1217)
4(192 1280 1281 193)
4(130 194 1282 1218)
4(193 1281 1282 194)
4(131 195 1283 1219)
4(194 1282 1283 195)
4(132 196 1284 1220)
4(195 1283 1284 196)
4(133 197 1285 1221)
4(196 1284 1285 197)
4(134 198 1286 1222)
4(197 1285 1286 198)
4(135 199 1287 1223)
4(198 1286 1287 199)
4(136 200 1288 1224)
4(199 1287 1288 200)
4(137 201 1289 1225)
4(200 1288 1289 201)
4(138 202 1290 1226)
4(201 1289 1290 202)
4(139 203 1291 1227)
4(202 1290 1291 203)
4(140 204 1292 1228)
4(203 1291 1292 204)
4(141 205 1293 1229)
4(204 1292 1293 205)
4(142 206 1294 1230)
4(205 1293 1294 206)
4(143 207 1295 1231)
4(206 1294 1295 207)
4(144 208 1296 1232)
4(207 1295 1296 208)
4(145 209 1297 1233)
4(208 1296 1297 209)
4(146 210 1298 1234)
4(209 1297 1298 210)
4(147 211 1299 1235)
4(210 1298 1299 211)
4(148 212 1300 1236)
4(211 1299 1300 212)
4(149 213 1301 1237)
4(212 1300 1301 213)
4(150 214 1302 1238)
4(213 1301 1302 214)
4(151 215 1303 1239)
4(214 1302 1303 215)
4(152 216 1304 1240)
4(215 1303 1304 216)
4(153 217 1305 1241)
4(216 1304 1305 217)
4(154 218 1306 1242)
4(217 1305 1306 218)
4(155 219 1307 1243)
4(218 1306 1307 219)
4(156 220 1308 1244)
4(219 1307 1308 220)
4(157 221 1309 1245)
4(220 1308 1309 221)
4(158 222 1310 1246)
4(221 1309 1310 222)
4(159 223 1311 1247)
4(222 1310 1311 223)
4(160 224 1312 1248)
4(223 1311 1312 224)
4(161 225 1313 1249)
4(224 1312 1313 225)
4(162 226 1314 1250)
4(225 1313 1314 226)
4(163 227 1315 1251)
4(226 1314 1315 227)
4(164 228 1316 1252)
4(227 1315 1316 228)
4(165 229 1317 1253)
4(228 1316 1317 229)
4(166 230 1318 1254)
4(229 1317 1318 230)
4(167 231 1319 1255)
4(230 1318 1319 231)
4(168 232 1320 1256)
4(231 1319 1320 232)
4(169 233 1321 1257)
4(232 1320 1321 233)
4(170 234 1322 1258)
4(233 1321 1322 234)
4(171 235 1323 1259)
4(234 1322 1323 235)
4(172 236 1324 1260)
4(235 1323 1324 236)
4(173 237 1325 1261)
4(236 1324 1325 237)
4(174 238 1326 1262)
4(237 1325 1326 238)
4(175 239 1327 1263)
4(238 1326 1327 239)
4(176 240 1328 1264)
4(239 1327 1328 240)
4(177 241 1329 1265)
4(240 1328 1329 241)
4(178 242 1330 1266)
4(241 1329 1330 242)
4(179 243 1331 1267)
4(242 1330 1331 243)
4(180 244 1332 1268)
4(243 1331 1332 244)
4(181 245 1333 1269)
4(244 1332 1333 245)
4(182 246 1334 1270)
4(245 1333 1334 246)
4(183 247 1335 1271)
4(246 1334 1335 247)
4(184 248 1336 1272)
4(247 1335 1336 248)
4(185 249 1337 1273)
4(248 1336 1337 249)
4(186 250 1338 1274)
4(249 1337 1338 250)
4(187 251 1339 1275)
4(250 1338 1339 251)
4(188 252 1340 1276)
4(251 1339 1340 252)
4(189 253 1341 1277)
4(252 1340 1341 253)
4(190 254 1342 1278)
4(253 1341 1342 254)
4(254 1342 1343 255)
4(193 257 1345 1281)
4(256 1344 1345 257)
4(194 258 1346 1282)
4(257 1345 1346 258)
4(195 259 1347 1283)
4(258 1346 1347 259)
4(196 260 1348 1284)
4(259 1347 1348 260)
4(197 261 1349 1285)
4(260 1348 1349 261)
4(198 262 1350 1286)
4(261 1349 1350 262)
4(199 263 1351 1287)
4(262 1350 1351 263)
4(200 264 1352 1288)
4(263 1351 1352 264)
4(201 265 1353 1289)
4(264 1352 1353 265)
4(202 266 1354 1290)
4(265 1353 1354 266)
4(203 267 1355 1291)
4(266 1354 1355 267)
4(204 268 1356 1292)
4(267 1355 1356 268)
4(205 269 1357 1293)
4(268 1356 1357 269)
4(206 270 1358 1294)
4(269 1357 1358 270)
4(207 271 1359 1295)
4(270 1358 1359 271)
4(208 272 1360 1296)
4(271 1359 1360 272)
4(209 273 1361 1297)
4(272 1360 1361 273)
4(210 274 1362 1298)
4(273 1361 1362 274)
4(211 275 1363 1299)
4(274 1362 1363 275)
4(212 276 1364 1300)
4(275 1363 1364 276)
4(213 277 1365 1301)
4(276 1364 1365 277)
4(214 278 1366 1302)
4(277 1365 1366 278)
4(215 279 1367 1303)
4(278 1366 1367 279)
4(216 280 1368 1304)
4(279 1367 1368 280)
4(217 281 1369 1305)
4(280 1368 1369 281)
4(218 282 1370 1306)
4(281 1369 1370 282)
4(219 283 1371 1307)
4(282 1370 1371 283)
4(220 284 1372 1308)
4(283 1371 1372 284)
4(221 285 1373 1309)
4(284 1372 1373 285)
4(222 286 1374 1310)
4(285 1373 1374 286)
4(223 287 1375 1311)
4(286 1374 1375 287)
4(224 288 1376 1312)
4(287 1375 1376 288)
4(225 289 1377 1313)
4(288 1376 1377 289)
4(226 290 1378 1314)
4(289 1377 1378 290)
4(227 291 1379 1315)
4(290 1378 1379 291)
4(228 292 1380 1316)
4(291 1379 1380 292)
4(229 293 1381 1317)
4(292 1380 1381 293)
4(230 294 1382 1318)
4(293 1381 1382 294)
4(231 295 1383 1319)
4(294 1382 1383 295)
4(232 296 1384 1320)
4(295 1383 1384 296)
4(233 297 1385 1321)
4(296 1384 1385 297)
4(234 298 1386 1322)
4(297 1385 1386 298)
4(235 299 1387 1323)
4(298 1386 1387 299)
4(236 300 1388 1324)
4(299 1387 1388 300)
4(237 301 1389 1325)
4(300 1388 1389 301)
4(238 302 1390 1326)
4(301 1389 1390 302)
4(239 303 1391 1327)
4(302 1390 1391 303)
4(240 304 1392 1328)
4(303 1391 1392 304)
4(241 305 1393 1329)
4(304 1392 1393 305)
4(242 306 1394 1330)
4(305 1393 1394 306)
4(243 307 1395 1331)
4(306 1394 1395 307)
4(244 308 1396 1332)
4(307 1395 1396 308)
4(245 309 1397 1333)
4(308 1396 1397 309)
4(246 310 1398 1334)
4(309 1397 1398 310)
4(247 311 1399 1335)
4(310 1398 1399 311)
4(248 312 1400 1336)
4(311 1399 1400 312)
4(249 313 1401 1337)
4(312 1400 1401 313)
4(250 314 1402 1338)
4(313 1401 1402 314)
4(251 315 1403 1339)
4(314 1402 1403 315)
4(252 316 1404 1340)
4(315 1403 1404 316)
4(253 317 1405 1341)
4(316 1404 1405 317)
4(254 318 1406 1342)
4(317 1405 1406 318)
4(318 1406 1407 319)
4(257 321 1409 1345)
4(320 1408 1409 321)
4(258 322 1410 1346)
4(321 1409 1410 322)
4(259 323 1411 1347)
4(322 1410 1411 323)
4(260 324 1412 1348)
4(323 1411 1412 324)
4(261 325 1413 1349)
4(324 1412 1413 325)
4(262 326 1414 1350)
4(325 1413 1414 326)
4(263 327 1415 1351)
4(326 1414 1415 327)
4(264 328 1416 1352)
4(327 1415 1416 328)
4(265 329 1417 1353)
4(328 1416 1417 329)
4(266 330 1418 1354)
4(329 1417 1418 330)
4(267 331 1419 1355)
4(330 1418 1419 331)
4(268 332 1420 1356)
4(331 1419 1420 332)
4(269 333 1421 1357)
4(332 1420 1421 333)
4(270 334 1422 1358)
4(333 1421 1422 334)
4(271 335 1423 1359)
4(334 1422 1423 335)
4(272 336 1424 1360)
4(335 1423 1424 336)
4(273 337 1425 1361)
4(336 1424 1425 337)
4(274 338 1426 1362)
4(337 1425 1426 338)
4(275 339 1427 1363)
4(338 1426 1427 339)
4(276 340 1428 1364)
4(339 1427 1428 340)
4(277 341 1429 1365)
4(340 1428 1429 341)
4(278 342 1430 1366)
4(341 1429 1430 342)
4(279 343 1431 1367)
4(342 1430 1431 343)
4(280 344 1432 1368)
4(343 1431 1432 344)
4(281 345 1433 1369)
4(344 1432 1433 345)
4(282 346 1434 1370)
4(345 1433 1434 346)
4(283 347 1435 1371)
4(346 1434 1435 347)
4(284 348 1436 1372)
4(347 1435 1436 348)
4(285 349 1437 1373)
4(348 1436 1437 349)
4(286 350 1438 1374)
4(349 1437 1438 350)
4(287 351 1439 1375)
4(350 1438 1439 351)
4(288 352 1440 1376)
4(351 1439 1440 352)
4(289 353 1441 1377)
4(352 1440 1441 353)
4(290 354 1442 1378)
4(353 1441 1442 354)
4(291 355 1443 1379)
4(354 1442 1443 355)
4(292 356 1444 1380)
4(355 1443 1444 356)
4(293 357 1445 1381)
4(356 1444 1445 357)
4(294 358 1446 1382)
4(357 1445 1446 358)
4(295 359 1447 1383)
4(358 1446 1447 359)
4(296 360 1448 1384)
4(359 1447 1448 360)
4(297 361 1449 1385)
4(360 1448 1449 361)
4(298 362 1450 1386)
4(361 1449 1450 362)
4(299 363 1451 1387)
4(362 1450 1451 363)
4(300 364 1452 1388)
4(363 1451 1452 364)
4(301 365 1453 1389)
4(364 1452 1453 365)
4(302 366 1454 1390)
4(365 1453 1454 366)
4(303 367 1455 1391)
4(366 1454 1455 367)
4(304 368 1456 1392)
4(367 1455 1456 368)
4(305 369 1457 1393)
4(368 1456 1457 369)
4(306 370 1458 1394)
4(369 1457 1458 370)
4(307 371 1459 1395)
4(370 1458 1459 371)
4(308 372 1460 1396)
4(371 1459 1460 372)
4(309 373 1461 1397)
4(372 1460 1461 373)
4(310 374 1462 1398)
4(373 1461 1462 374)
4(311 375 1463 1399)
4(374 1462 1463 375)
4(312 376 1464 1400)
4(375 1463 1464 376)
4(313 377 1465 1401)
4(376 1464 1465 377)
4(314 378 1466 1402)
4(377 1465 1466 378)
4(315 379 1467 1403)
4(378 1466 1467 379)
4(316 380 1468 1404)
4(379 1467 1468 380)
4(317 381 1469 1405)
4(380 1468 1469 381)
4(318 382 1470 1406)
4(381 1469 1470 382)
4(382 1470 1471 383)
4(321 385 1473 1409)
4(384 1472 1473 385)
4(322 386 1474 1410)
4(385 1473 1474 386)
4(323 387 1475 1411)
4(386 1474 1475 387)
4(324 388 1476 1412)
4(387 1475 1476 388)
4(325 389 1477 1413)
4(388 1476 1477 389)
4(326 390 1478 1414)
4(389 1477 1478 390)
4(327 391 1479 1415)
4(390 1478 1479 391)
4(328 392 1480 1416)
4(391 1479 1480 392)
4(329 393 1481 1417)
4(392 1480 1481 393)
4(330 394 1482 1418)
4(393 1481 1482 394)
4(331 395 1483 1419)
4(394 1482 1483 395)
4(332 396 1484 1420)
4(395 1483 1484 396)
4(333 397 1485 1421)
4(396 1484 1485 397)
4(334 398 1486 1422)
4(397 1485 1486 398)
4(335 399 1487 1423)
4(398 1486 1487 399)
4(336 400 1488 1424)
4(399 1487 1488 400)
4(337 401 1489 1425)
4(400 1488 1489 401)
4(338 402 1490 1426)
4(401 1489 1490 402)
4(339 403 1491 1427)
4(402 1490 1491 403)
4(340 404 1492 1428)
4(403 1491 1492 404)
4(341 405 1493 1429)
4(404 1492 1493 405)
4(342 406 1494 1430)
4(405 1493 1494 406)
4(343 407 1495 1431)
4(406 1494 1495 407)
4(344 408 1496 1432)
4(407 1495 1496 408)
4(345 409 1497 1433)
4(408 1496 1497 409)
4(346 410 1498 1434)
4(409 1497 1498 410)
4(347 411 1499 1435)
4(410 1498 1499 411)
4(348 412 1500 1436)
4(411 1499 1500 412)
4(349 413 1501 1437)
4(412 1500 1501 413)
4(350 414 1502 1438)
4(413 1501 1502 414)
4(351 415 1503 1439)
4(414 1502 1503 415)
4(352 416 1504 1440)
4(415 1503 1504 416)
4(353 417 1505 1441)
4(416 1504 1505 417)
4(354 418 1506 1442)
4(417 1505 1506 418)
4(355 419 1507 1443)
4(418 1506 1507 419)
4(356 420 1508 1444)
4(419 1507 1508 420)
4(357 421 1509 1445)
4(420 1508 1509 421)
4(358 422 1510 1446)
4(421 1509 1510 422)
4(359 423 1511 1447)
4(422 1510 1511 423)
4(360 424 1512 1448)
4(423 1511 1512 424)
4(361 425 1513 1449)
4(424 1512 1513 425)
4(362 426 1514 1450)
4(425 1513 1514 426)
4(363 427 1515 1451)
4(426 1514 1515 427)
4(364 428 1516 1452)
4(427 1515 1516 428)
4(365 429 1517 1453)
4(428 1516 1517 429)
4(366 430 1518 1454)
4(429 1517 1518 430)
4(367 431 1519 1455)
4(430 1518 1519 431)
4(368 432 1520 1456)
4(431 1519 1520 432)
4(369 433 1521 1457)
4(432 1520 1521 433)
4(370 434 1522 1458)
4(433 1521 1522 434)
4(371 435 1523 1459)
4(434 1522 1523 435)
4(372 436 1524 1460)
4(435 1523 1524 436)
4(373 437 1525 1461)
4(436 1524 1525 437)
4(374 438 1526 1462)
4(437 1525 1526 438)
4(375 439 1527 1463)
4(438 1526 1527 439)
4(376 440 1528 1464)
4(439 1527 1528 440)
4(377 441 1529 1465)
4(440 1528 1529 441)
4(378 442 1530 1466)
4(441 1529 1530 442)
4(379 443 1531 1467)
4(442 1530 1531 443)
4(380 444 1532 1468)
4(443 1531 1532 444)
4(381 445 1533 1469)
4(444 1532 1533 445)
4(382 446 1534 1470)
4(445 1533 1534 446)
4(446 1534 1535 447)
4(385 449 1537 1473)
4(448 1536 1537 449)
4(386 450 1538 1474)
4(449 1537 1538 450)
4(387 451 1539 1475)
4(450 1538 1539 451)
4(388 452 1540 1476)
4(451 1539 1540 452)
4(389 453 1541 1477)
4(452 1540 1541 453)
4(390 454 1542 1478)
4(453 1541 1542 454)
4(391 455 1543 1479)
4(454 1542 1543 455)
4(392 456 1544 1480)
4(455 1543 1544 456)
4(393 457 1545 1481)
4(456 1544 1545 457)
4(394 458 1546 1482)
4(457 1545 1546 458)
4(395 459 1547 1483)
4(458 1546 1547 459)
4(396 460 1548 1484)
4(459 1547 1548 460)
4(397 461 1549 1485)
4(460 1548 1549 461)
4(398 462 1550 1486)
4(461 1549 1550 462)
4(399 463 1551 1487)
4(462 1550 1551 463)
4(400 464 1552 1488)
4(463 1551 1552 464)
4(401 465 1553 1489)
4(464 1552 1553 465)
4(402 466 1554 1490)
4(465 1553 1554 466)
4(403 467 1555 1491)
4(466 1554 1555 467)
4(404 468 1556 1492)
4(467 1555 1556 468)
4(405 469 1557 1493)
4(468 1556 1557 469)
4(406 470 1558 1494)
4(469 1557 1558 470)
4(407 471 1559 1495)
4(470 1558 1559 471)
4(408 472 1560 1496)
4(471 1559 1560 472)
4(409 473 1561 1497)
4(472 1560 1561 473)
4(410 474 1562 1498)
4(473 1561 1562 474)
4(411 475 1563 1499)
4(474 1562 1563 475)
4(412 476 1564 1500)
4(475 1563 1564 476)
4(413 477 1565 1501)
4(476 1564 1565 477)
4(414 478 1566 1502)
4(477 1565 1566 478)
4(415 479 1567 1503)
4(478 1566 1567 479)
4(416 480 1568 1504)
4(479 1567 1568 480)
4(417 481 1569 1505)
4(480 1568 1569 481)
4(418 482 1570 1506)
4(481 1569 1570 482)
4(419 483 1571 1507)
4(482 1570 1571 483)
4(420 484 1572 1508)
4(483 1571 1572 484)
4(421 485 1573 1509)
4(484 1572 1573 485)
4(422 486 1574 1510)
4(485 1573 1574 486)
4(423 487 1575 1511)
4(486 1574 1575 487)
4(424 488 1576 1512)
4(487 1575 1576 488)
4(425 489 1577 1513)
4(488 1576 1577 489)
4(426 490 1578 1514)
4(489 1577 1578 490)
4(427 491 1579 1515)
4(490 1578 1579 491)
4(428 492 1580 1516)
4(491 1579 1580 492)
4(429 493 1581 1517)
4(492 1580 1581 493)
4(430 494 1582 1518)
4(493 1581 1582 494)
4(431 495 1583 1519)
4(494 1582 1583 495)
4(432 496 1584 1520)
4(495 1583 1584 496)
4(433 497 1585 1521)
4(496 1584 1585 497)
4(434 498 1586 1522)
4(497 1585 1586 498)
4(435 499 1587 1523)
4(498 1586 1587 499)
4(436 500 1588 1524)
4(499 1587 1588 500)
4(437 501 1589 1525)
4(500 1588 1589 501)
4(438 502 1590 1526)
4(501 1589 1590 502)
4(439 503 1591 1527)
4(502 1590 1591 503)
4(440 504 1592 1528)
4(503 1591 1592 504)
4(441 505 1593 1529)
4(504 1592 1593 505)
4(442 506 1594 1530)
4(505 1593 1594 506)
4(443 507 1595 1531)
4(506 1594 1595 507)
4(444 508 1596 1532)
4(507 1595 1596 508)
4(445 509 1597 1533)
4(508 1596 1597 509)
4(446 510 1598 1534)
4(509 1597 1598 510)
4(510 1598 1599 511)
4(449 513 1601 1537)
4(512 1600 1601 513)
4(450 514 1602 1538)
4(513 1601 1602 514)
4(451 515 1603 1539)
4(514 1602 1603 515)
4(452 516 1604 1540)
4(515 1603 1604 516)
4(453 517 1605 1541)
4(516 1604 1605 517)
4(454 518 1606 1542)
4(517 1605 1606 518)
4(455 519 1607 1543)
4(518 1606 1607 519)
4(456 520 1608 1544)
4(519 1607 1608 520)
4(457 521 1609 1545)
4(520 1608 1609 521)
4(458 522 1610 1546)
4(521 1609 1610 522)
4(459 523 1611 1547)
4(522 1610 1611 523)
4(460 524 1612 1548)
4(523 1611 1612 524)
4(461 525 1613 1549)
4(524 1612 1613 525)
4(462 526 1614 1550)
4(525 1613 1614 526)
4(463 527 1615 1551)
4(526 1614 1615 527)
4(464 528 1616 1552)
4(527 1615 1616 528)
4(465 529 1617 1553)
4(528 1616 1617 529)
4(466 530 1618 1554)
4(529 1617 1618 530)
4(467 531 1619 1555)
4(530 1618 1619 531)
4(468 532 1620 1556)
4(531 1619 1620 532)
4(469 533 1621 1557)
4(532 1620 1621 533)
4(470 534 1622 1558)
4(533 1621 1622 534)
4(471 535 1623 1559)
4(534 1622 1623 535)
4(472 536 1624 1560)
4(535 1623 1624 536)
4(473 537 1625 1561)
4(536 1624 1625 537)
4(474 538 1626 1562)
4(537 1625 1626 538)
4(475 539 1627 1563)
4(538 1626 1627 539)
4(476 540 1628 1564)
4(539 1627 1628 540)
4(477 541 1629 1565)
4(540 1628 1629 541)
4(478 542 1630 1566)
4(541 1629 1630 542)
4(479 543 1631 1567)
4(542 1630 1631 543)
4(480 544 1632 1568)
4(543 1631 1632 544)
4(481 545 1633 1569)
4(544 1632 1633 545)
4(482 546 1634 1570)
4(545 1633 1634 546)
4(483 547 1635 1571)
4(546 1634 1635 547)
4(484 548 1636 1572)
4(547 1635 1636 548)
4(485 549 1637 1573)
4(548 1636 1637 549)
4(486 550 1638 1574)
4(549 1637 1638 550)
4(487 551 1639 1575)
4(550 1638 1639 551)
4(488 552 1640 1576)
4(551 1639 1640 552)
4(489 553 1641 1577)
4(552 1640 1641 553)
4(490 554 1642 1578)
4(553 1641 1642 554)
4(491 555 1643 1579)
4(554 1642 1643 555)
4(492 556 1644 1580)
4(555 1643 1644 556)
4(493 557 1645 1581)
4(556 1644 1645 557)
4(494 558 1646 1582)
4(557 1645 1646 558)
4(495 559 1647 1583)
4(558 1646 1647 559)
4(496 560 1648 1584)
4(559 1647 1648 560)
4(497 561 1649 1585)
4(560 1648 1649 561)
4(498 562 1650 1586)
4(561 1649 1650 562)
4(499 563 1651 1587)
4(562 1650 1651 563)
4(500 564 1652 1588)
4(563 1651 1652 564)
4(501 565 1653 1589)
4(564 1652 1653 565)
4(502 566 1654 1590)
4(565 1653 1654 566)
4(503 567 1655 1591)
4(566 1654 1655 567)
4(504 568 1656 1592)
4(567 1655 1656 568)
4(505 569 1657 1593)
4(568 1656 1657 569)
4(506 570 1658 1594)
4(569 1657 1658 570)
4(507 571 1659 1595)
4(570 1658 1659 571)
4(508 572 1660 1596)
4(571 1659 1660 572)
4(509 573 1661 1597)
4(572 1660 1661 573)
4(510 574 1662 1598)
4(573 1661 1662 574)
4(574 1662 1663 575)
4(513 577 1665 1601)
4(576 1664 1665 577)
4(514 578 1666 1602)
4(577 1665 1666 578)
4(515 579 1667 1603)
4(578 1666 1667 579)
4(516 580 1668 1604)
4(579 1667 1668 580)
4(517 581 1669 1605)
4(580 1668 1669 581)
4(518 582 1670 1606)
4(581 1669 1670 582)
4(519 583 1671 1607)
4(582 1670 1671 583)
4(520 584 1672 1608)
4(583 1671 1672 584)
4(521 585 1673 1609)
4(584 1672 1673 585)
4(522 586 1674 1610)
4(585 1673 1674 586)
4(523 587 1675 1611)
4(586 1674 1675 587)
4(524 588 1676 1612)
4(587 1675 1676 588)
4(525 589 1677 1613)
4(588 1676 1677 589)
4(526 590 1678 1614)
4(589 1677 1678 590)
4(527 591 1679 1615)
4(590 1678 1679 591)
4(528 592 1680 1616)
4(591 1679 1680 592)
4(529 593 1681 1617)
4(592 1680 1681 593)
4(530 594 1682 1618)
4(593 1681 1682 594)
4(531 595 1683 1619)
4(594 1682 1683 595)
4(532 596 1684 1620)
4(595 1683 1684 596)
4(533 597 1685 1621)
4(596 1684 1685 597)
4(534 598 1686 1622)
4(597 1685 1686 598)
4(535 599 1687 1623)
4(598 1686 1687 599)
4(536 600 1688 1624)
4(599 1687 1688 600)
4(537 601 1689 1625)
4(600 1688 1689 601)
4(538 602 1690 1626)
4(601 1689 1690 602)
4(539 603 1691 1627)
4(602 1690 1691 603)
4(540 604 1692 1628)
4(603 1691 1692 604)
4(541 605 1693 1629)
4(604 1692 1693 605)
4(542 606 1694 1630)
4(605 1693 1694 606)
4(543 607 1695 1631)
4(606 1694 1695 607)
4(544 608 1696 1632)
4(607 1695 1696 608)
4(545 609 1697 1633)
4(608 1696 1697 609)
4(546 610 1698 1634)
4(609 1697 1698 610)
4(547 611 1699 1635)
4(610 1698 1699 611)
4(548 612 1700 1636)
4(611 1699 1700 612)
4(549 613 1701 1637)
4(612 1700 1701 613)
4(550 614 1702 1638)
4(613 1701 1702 614)
4(551 615 1703 1639)
4(614 1702 1703 615)
4(552 616 1704 1640)
4(615 1703 1704 616)
4(553 617 1705 1641)
4(616 1704 1705 617)
4(554 618 1706 1642)
4(617 1705 1706 618)
4(555 619 1707 1643)
4(618 1706 1707 619)
4(556 620 1708 1644)
4(619 1707 1708 620)
4(557 621 1709 1645)
4(620 1708 1709 621)
4(558 622 1710 1646)
4(621 1709 1710 622)
4(559 623 1711 1647)
4(622 1710 1711 623)
4(560 624 1712 1648)
4(623 1711 1712 624)
4(561 625 1713 1649)
4(624 1712 1713 625)
4(562 626 1714 1650)
4(625 1713 1714 626)
4(563 627 1715 1651)
4(626 1714 1715 627)
4(564 628 1716 1652)
4(627 1715 1716 628)
4(565 629 1717 1653)
4(628 1716 1717 629)
4(566 630 1718 1654)
4(629 1717 1718 630)
4(567 631 1719 1655)
4(630 1718 1719 631)
4(568 632 1720 1656)
4(631 1719 1720 632)
4(569 633 1721 1657)
4(632 1720 1721 633)
4(570 634 1722 1658)
4(633 1721 1722 634)
4(571 635 1723 1659)
4(634 1722 1723 635)
4(572 636 1724 1660)
4(635 1723 1724 636)
4(573 637 1725 1661)
4(636 1724 1725 637)
4(574 638 1726 1662)
4(637 1725 1726 638)
4(638 1726 1727 639)
4(577 641 1729 1665)
4(640 1728 1729 641)
4(578 642 1730 1666)
4(641 1729 1730 642)
4(579 643 1731 1667)
4(642 1730 1731 643)
4(580 644 1732 1668)
4(643 1731 1732 644)
4(581 645 1733 1669)
4(644 1732 1733 645)
4(582 646 1734 1670)
4(645 1733 1734 646)
4(583 647 1735 1671)
4(646 1734 1735 647)
4(584 648 1736 1672)
4(647 1735 1736 648)
4(585 649 1737 1673)
4(648 1736 1737 649)
4(586 650 1738 1674)
4(649 1737 1738 650)
4(587 651 1739 1675)
4(650 1738 1739 651)
4(588 652 1740 1676)
4(651 1739 1740 652)
4(589 653 1741 1677)
4(652 1740 1741 653)
4(590 654 1742 1678)
4(653 1741 1742 654)
4(591 655 1743 1679)
4(654 1742 1743 655)
4(592 656 1744 1680)
4(655 1743 1744 656)
4(593 657 1745 1681)
4(656 1744 1745 657)
4(594 658 1746 1682)
4(657 1745 1746 658)
4(595 659 1747 1683)
4(658 1746 1747 659)
4(596 660 1748 1684)
4(659 1747 1748 660)
4(597 661 1749 1685)
4(660 1748 1749 661)
4(598 662 1750 1686)
4(661 1749 1750 662)
4(599 663 1751 1687)
4(662 1750 1751 663)
4(600 664 1752 1688)
4(663 1751 1752 664)
4(601 665 1753 1689)
4(664 1752 1753 665)
4(602 666 1754 1690)
4(665 1753 1754 666)
4(603 667 1755 1691)
4(666 1754 1755 667)
4(604 668 1756 1692)
4(667 1755 1756 668)
4(605 669 1757 1693)
4(668 1756 1757 669)
4(606 670 1758 1694)
4(669 1757 1758 670)
4(607 671 1759 1695)
4(670 1758 1759 671)
4(608 672 1760 1696)
4(671 1759 1760 672)
4(609 673 1761 1697)
4(672 1760 1761 673)
4(610 674 1762 1698)
4(673 1761 1762 674)
4(611 675 1763 1699)
4(674 1762 1763 675)
4(612 676 1764 1700)
4(675 1763 1764 676)
4(613 677 1765 1701)
4(676 1764 1765 677)
4(614 678 1766 1702)
4(677 1765 1766 678)
4(615 679 1767 1703)
4(678 1766 1767 679)
4(616 680 1768 1704)
4(679 1767 1768 680)
4(617 681 1769 1705)
4(680 1768 1769 681)
4(618 682 1770 1706)
4(681 1769 1770 682)
4(619 683 1771 1707)
4(682 1770 1771 683)
4(620 684 1772 1708)
4(683 1771 1772 684)
4(621 685 1773 1709)
4(684 1772 1773 685)
4(622 686 1774 1710)
4(685 1773 1774 686)
4(623 687 1775 1711)
4(686 1774 1775 687)
4(624 688 1776 1712)
4(687 1775 1776 688)
4(625 689 1777 1713)
4(688 1776 1777 689)
4(626 690 1778 1714)
4(689 1777 1778 690)
4(627 691 1779 1715)
4(690 1778 1779 691)
4(628 692 1780 1716)
4(691 1779 1780 692)
4(629 693 1781 1717)
4(692 1780 1781 693)
4(630 694 1782 1718)
4(693 1781 1782 694)
4(631 695 1783 1719)
4(694 1782 1783 695)
4(632 696 1784 1720)
4(695 1783 1784 696)
4(633 697 1785 1721)
4(696 1784 1785 697)
4(634 698 1786 1722)
4(697 1785 1786 698)
4(635 699 1787 1723)
4(698 1786 1787 699)
4(636 700 1788 1724)
4(699 1787 1788 700)
4(637 701 1789 1725)
4(700 1788 1789 701)
4(638 702 1790 1726)
4(701 1789 1790 702)
4(702 1790 1791 703)
4(641 705 1793 1729)
4(704 1792 1793 705)
4(642 706 1794 1730)
4(705 1793 1794 706)
4(643 707 1795 1731)
4(706 1794 1795 707)
4(644 708 1796 1732)
4(707 1795 1796 708)
4(645 709 1797 1733)
4(708 1796 1797 709)
4(646 710 1798 1734)
4(709 1797 1798 710)
4(647 711 1799 1735)
4(710 1798 1799 711)
4(648 712 1800 1736)
4(711 1799 1800 712)
4(649 713 1801 1737)
4(712 1800 1801 713)
4(650 714 1802 1738)
4(713 1801 1802 714)
4(651 715 1803 1739)
4(714 1802 1803 715)
4(652 716 1804 1740)
4(715 1803 1804 716)
4(653 717 1805 1741)
4(716 1804 1805 717)
4(654 718 1806 1742)
4(717 1805 1806 718)
4(655 719 1807 1743)
4(718 1806 1807 719)
4(656 720 1808 1744)
4(719 1807 1808 720)
4(657 721 1809 1745)
4(720 1808 1809 721)
4(658 722 1810 1746)
4(721 1809 1810 722)
4(659 723 1811 1747)
4(722 1810 1811 723)
4(660 724 1812 1748)
4(723 1811 1812 724)
4(661 725 1813 1749)
4(724 1812 1813 725)
4(662 726 1814 1750)
4(725 1813 1814 726)
4(663 727 1815 1751)
4(726 1814 1815 727)
4(664 728 1816 1752)
4(727 1815 1816 728)
4(665 729 1817 1753)
4(728 1816 1817 729)
4(666 730 1818 1754)
4(729 1817 1818 730)
4(667 731 1819 1755)
4(730 1818 1819 731)
4(668 732 1820 1756)
4(731 1819 1820 732)
4(669 733 1821 1757)
4(732 1820 1821 733)
4(670 734 1822 1758)
4(733 1821 1822 734)
4(671 735 1823 1759)
4(734 1822 1823 735)
4(672 736 1824 1760)
4(735 1823 1824 736)
4(673 737 1825 1761)
4(736 1824 1825 737)
4(674 738 1826 1762)
4(737 1825 1826 738)
4(675 739 1827 1763)
4(738 1826 1827 739)
4(676 740 1828 1764)
4(739 1827 1828 740)
4(677 741 1829 1765)
4(740 1828 1829 741)
4(678 742 1830 1766)
4(741 1829 1830 742)
4(679 743 1831 1767)
4(742 1830 1831 743)
4(680 744 1832 1768)
4(743 1831 1832 744)
4(681 745 1833 1769)
4(744 1832 1833 745)
4(682 746 1834 1770)
4(745 1833 1834 746)
4(683 747 1835 1771)
4(746 1834 1835 747)
4(684 748 1836 1772)
4(747 1835 1836 748)
4(685 749 1837 1773)
4(748 1836 1837 749)
4(686 750 1838 1774)
4(749 1837 1838 750)
4(687 751 1839 1775)
4(750 1838 1839 751)
4(688 752 1840 1776)
4(751 1839 1840 752)
4(689 753 1841 1777)
4(752 1840 1841 753)
4(690 754 1842 1778)
4(753 1841 1842 754)
4(691 755 1843 1779)
4(754 1842 1843 755)
4(692 756 1844 1780)
4(755 1843 1844 756)
4(693 757 1845 1781)
4(756 1844 1845 757)
4(694 758 1846 1782)
4(757 1845 1846 758)
4(695 759 1847 1783)
4(758 1846 1847 759)
4(696 760 1848 1784)
4(759 1847 1848 760)
4(697 761 1849 1785)
4(760 1848 1849 761)
4(698 762 1850 1786)
4(761 1849 1850 762)
4(699 763 1851 1787)
4(762 1850 1851 763)
4(700 764 1852 1788)
4(763 1851 1852 764)
4(701 765 1853 1789)
4(764 1852 1853 765)
4(702 766 1854 1790)
4(765 1853 1854 766)
4(766 1854 1855 767)
4(705 769 1857 1793)
4(768 1856 1857 769)
4(706 770 1858 1794)
4(769 1857 1858 770)
4(707 771 1859 1795)
4(770 1858 1859 771)
4(708 772 1860 1796)
4(771 1859 1860 772)
4(709 773 1861 1797)
4(772 1860 1861 773)
4(710 774 1862 1798)
4(773 1861 1862 774)
4(711 775 1863 1799)
4(774 1862 1863 775)
4(712 776 1864 1800)
4(775 1863 1864 776)
4(713 777 1865 1801)
4(776 1864 1865 777)
4(714 778 1866 1802)
4(777 1865 1866 778)
4(715 779 1867 1803)
4(778 1866 1867 779)
4(716 780 1868 1804)
4(779 1867 1868 780)
4(717 781 1869 1805)
4(780 1868 1869 781)
4(718 782 1870 1806)
4(781 1869 1870 782)
4(719 783 1871 1807)
4(782 1870 1871 783)
4(720 784 1872 1808)
4(783 1871 1872 784)
4(721 785 1873 1809)
4(784 1872 1873 785)
4(722 786 1874 1810)
4(785 1873 1874 786)
4(723 787 1875 1811)
4(786 1874 1875 787)
4(724 788 1876 1812)
4(787 1875 1876 788)
4(725 789 1877 1813)
4(788 1876 1877 789)
4(726 790 1878 1814)
4(789 1877 1878 790)
4(727 791 1879 1815)
4(790 1878 1879 791)
4(728 792 1880 1816)
4(791 1879 1880 792)
4(729 793 1881 1817)
4(792 1880 1881 793)
4(730 794 1882 1818)
4(793 1881 1882 794)
4(731 795 1883 1819)
4(794 1882 1883 795)
4(732 796 1884 1820)
4(795 1883 1884 796)
4(733 797 1885 1821)
4(796 1884 1885 797)
4(734 798 1886 1822)
4(797 1885 1886 798)
4(735 799 1887 1823)
4(798 1886 1887 799)
4(736 800 1888 1824)
4(799 1887 1888 800)
4(737 801 1889 1825)
4(800 1888 1889 801)
4(738 802 1890 1826)
4(801 1889 1890 802)
4(739 803 1891 1827)
4(802 1890 1891 803)
4(740 804 1892 1828)
4(803 1891 1892 804)
4(741 805 1893 1829)
4(804 1892 1893 805)
4(742 806 1894 1830)
4(805 1893 1894 806)
4(743 807 1895 1831)
4(806 1894 1895 807)
4(744 808 1896 1832)
4(807 1895 1896 808)
4(745 809 1897 1833)
4(808 1896 1897 809)
4(746 810 1898 1834)
4(809 1897 1898 810)
4(747 811 1899 1835)
4(810 1898 1899 811)
4(748 812 1900 1836)
4(811 1899 1900 812)
4(749 813 1901 1837)
4(812 1900 1901 813)
4(750 814 1902 1838)
4(813 1901 1902 814)
4(751 815 1903 1839)
4(814 1902 1903 815)
4(752 816 1904 1840)
4(815 1903 1904 816)
4(753 817 1905 1841)
4(816 1904 1905 817)
4(754 818 1906 1842)
4(817 1905 1906 818)
4(755 819 1907 1843)
4(818 1906 1907 819)
4(756 820 1908 1844)
4(819 1907 1908 820)
4(757 821 1909 1845)
4(820 1908 1909 821)
4(758 822 1910 1846)
4(821 1909 1910 822)
4(759 823 1911 1847)
4(822 1910 1911 823)
4(760 824 1912 1848)
4(823 1911 1912 824)
4(761 825 1913 1849)
4(824 1912 1913 825)
4(762 826 1914 1850)
4(825 1913 1914 826)
4(763 827 1915 1851)
4(826 1914 1915 827)
4(764 828 1916 1852)
4(827 1915 1916 828)
4(765 829 1917 1853)
4(828 1916 1917 829)
4(766 830 1918 1854)
4(829 1917 1918 830)
4(830 1918 1919 831)
4(769 833 1921 1857)
4(832 1920 1921 833)
4(770 834 1922 1858)
4(833 1921 1922 834)
4(771 835 1923 1859)
4(834 1922 1923 835)
4(772 836 1924 1860)
4(835 1923 1924 836)
4(773 837 1925 1861)
4(836 1924 1925 837)
4(774 838 1926 1862)
4(837 1925 1926 838)
4(775 839 1927 1863)
4(838 1926 1927 839)
4(776 840 1928 1864)
4(839 1927 1928 840)
4(777 841 1929 1865)
4(840 1928 1929 841)
4(778 842 1930 1866)
4(841 1929 1930 842)
4(779 843 1931 1867)
4(842 1930 1931 843)
4(780 844 1932 1868)
4(843 1931 1932 844)
4(781 845 1933 1869)
4(844 1932 1933 845)
4(782 846 1934 1870)
4(845 1933 1934 846)
4(783 847 1935 1871)
4(846 1934 1935 847)
4(784 848 1936 1872)
4(847 1935 1936 848)
4(785 849 1937 1873)
4(848 1936 1937 849)
4(786 850 1938 1874)
4(849 1937 1938 850)
4(787 851 1939 1875)
4(850 1938 1939 851)
4(788 852 1940 1876)
4(851 1939 1940 852)
4(789 853 1941 1877)
4(852 1940 1941 853)
4(790 854 1942 1878)
4(853 1941 1942 854)
4(791 855 1943 1879)
4(854 1942 1943 855)
4(792 856 1944 1880)
4(855 1943 1944 856)
4(793 857 1945 1881)
4(856 1944 1945 857)
4(794 858 1946 1882)
4(857 1945 1946 858)
4(795 859 1947 1883)
4(858 1946 1947 859)
4(796 860 1948 1884)
4(859 1947 1948 860)
4(797 861 1949 1885)
4(860 1948 1949 861)
4(798 862 1950 1886)
4(861 1949 1950 862)
4(799 863 1951 1887)
4(862 1950 1951 863)
4(800 864 1952 1888)
4(863 1951 1952 864)
4(801 865 1953 1889)
4(864 1952 1953 865)
4(802 866 1954 1890)
4(865 1953 1954 866)
4(803 867 1955 1891)
4(866 1954 1955 867)
4(804 868 1956 1892)
4(867 1955 1956 868)
4(805 869 1957 1893)
4(868 1956 1957 869)
4(806 870 1958 1894)
4(869 1957 1958 870)
4(807 871 1959 1895)
4(870 1958 1959 871)
4(808 872 1960 1896)
4(871 1959 1960 872)
4(809 873 1961 1897)
4(872 1960 1961 873)
4(810 874 1962 1898)
4(873 1961 1962 874)
4(811 875 1963 1899)
4(874 1962 1963 875)
4(812 876 1964 1900)
4(875 1963 1964 876)
4(813 877 1965 1901)
4(876 1964 1965 877)
4(814 878 1966 1902)
4(877 1965 1966 878)
4(815 879 1967 1903)
4(878 1966 1967 879)
4(816 880 1968 1904)
4(879 1967 1968 880)
4(817 881 1969 1905)
4(880 1968 1969 881)
4(818 882 1970 1906)
4(881 1969 1970 882)
4(819 883 1971 1907)
4(882 1970 1971 883)
4(820 884 1972 1908)
4(883 1971 1972 884)
4(821 885 1973 1909)
4(884 1972 1973 885)
4(822 886 1974 1910)
4(885 1973 1974 886)
4(823 887 1975 1911)
4(886 1974 1975 887)
4(824 888 1976 1912)
4(887 1975 1976 888)
4(825 889 1977 1913)
4(888 1976 1977 889)
4(826 890 1978 1914)
4(889 1977 1978 890)
4(827 891 1979 1915)
4(890 1978 1979 891)
4(828 892 1980 1916)
4(891 1979 1980 892)
4(829 893 1981 1917)
4(892 1980 1981 893)
4(830 894 1982 1918)
4(893 1981 1982 894)
4(894 1982 1983 895)
4(833 897 1985 1921)
4(896 1984 1985 897)
4(834 898 1986 1922)
4(897 1985 1986 898)
4(835 899 1987 1923)
4(898 1986 1987 899)
4(836 900 1988 1924)
4(899 1987 1988 900)
4(837 901 1989 1925)
4(900 1988 1989 901)
4(838 902 1990 1926)
4(901 1989 1990 902)
4(839 903 1991 1927)
4(902 1990 1991 903)
4(840 904 1992 1928)
4(903 1991 1992 904)
4(841 905 1993 1929)
4(904 1992 1993 905)
4(842 906 1994 1930)
4(905 1993 1994 906)
4(843 907 1995 1931)
4(906 1994 1995 907)
4(844 908 1996 1932)
4(907 1995 1996 908)
4(845 909 1997 1933)
4(908 1996 1997 909)
4(846 910 1998 1934)
4(909 1997 1998 910)
4(847 911 1999 1935)
4(910 1998 1999 911)
4(848 912 2000 1936)
4(911 1999 2000 912)
4(849 913 2001 1937)
4(912 2000 2001 913)
4(850 914 2002 1938)
4(913 2001 2002 914)
4(851 915 2003 1939)
4(914 2002 2003 915)
4(852 916 2004 1940)
4(915 2003 2004 916)
4(853 917 2005 1941)
4(916 2004 2005 917)
4(854 918 2006 1942)
4(917 2005 2006 918)
4(855 919 2007 1943)
4(918 2006 2007 919)
4(856 920 2008 1944)
4(919 2007 2008 920)
4(857 921 2009 1945)
4(920 2008 2009 921)
4(858 922 2010 1946)
4(921 2009 2010 922)
4(859 923 2011 1947)
4(922 2010 2011 923)
4(860 924 2012 1948)
4(923 2011 2012 924)
4(861 925 2013 1949)
4(924 2012 2013 925)
4(862 926 2014 1950)
4(925 2013 2014 926)
4(863 927 2015 1951)
4(926 2014 2015 927)
4(864 928 2016 1952)
4(927 2015 2016 928)
4(865 929 2017 1953)
4(928 2016 2017 929)
4(866 930 2018 1954)
4(929 2017 2018 930)
4(867 931 2019 1955)
4(930 2018 2019 931)
4(868 932 2020 1956)
4(931 2019 2020 932)
4(869 933 2021 1957)
4(932 2020 2021 933)
4(870 934 2022 1958)
4(933 2021 2022 934)
4(871 935 2023 1959)
4(934 2022 2023 935)
4(872 936 2024 1960)
4(935 2023 2024 936)
4(873 937 2025 1961)
4(936 2024 2025 937)
4(874 938 2026 1962)
4(937 2025 2026 938)
4(875 939 2027 1963)
4(938 2026 2027 939)
4(876 940 2028 1964)
4(939 2027 2028 940)
4(877 941 2029 1965)
4(940 2028 2029 941)
4(878 942 2030 1966)
4(941 2029 2030 942)
4(879 943 2031 1967)
4(942 2030 2031 943)
4(880 944 2032 1968)
4(943 2031 2032 944)
4(881 945 2033 1969)
4(944 2032 2033 945)
4(882 946 2034 1970)
4(945 2033 2034 946)
4(883 947 2035 1971)
4(946 2034 2035 947)
4(884 948 2036 1972)
4(947 2035 2036 948)
4(885 949 2037 1973)
4(948 2036 2037 949)
4(886 950 2038 1974)
4(949 2037 2038 950)
4(887 951 2039 1975)
4(950 2038 2039 951)
4(888 952 2040 1976)
4(951 2039 2040 952)
4(889 953 2041 1977)
4(952 2040 2041 953)
4(890 954 2042 1978)
4(953 2041 2042 954)
4(891 955 2043 1979)
4(954 2042 2043 955)
4(892 956 2044 1980)
4(955 2043 2044 956)
4(893 957 2045 1981)
4(956 2044 2045 957)
4(894 958 2046 1982)
4(957 2045 2046 958)
4(958 2046 2047 959)
4(897 961 2049 1985)
4(960 2048 2049 961)
4(898 962 2050 1986)
4(961 2049 2050 962)
4(899 963 2051 1987)
4(962 2050 2051 963)
4(900 964 2052 1988)
4(963 2051 2052 964)
4(901 965 2053 1989)
4(964 2052 2053 965)
4(902 966 2054 1990)
4(965 2053 2054 966)
4(903 967 2055 1991)
4(966 2054 2055 967)
4(904 968 2056 1992)
4(967 2055 2056 968)
4(905 969 2057 1993)
4(968 2056 2057 969)
4(906 970 2058 1994)
4(969 2057 2058 970)
4(907 971 2059 1995)
4(970 2058 2059 971)
4(908 972 2060 1996)
4(971 2059 2060 972)
4(909 973 2061 1997)
4(972 2060 2061 973)
4(910 974 2062 1998)
4(973 2061 2062 974)
4(911 975 2063 1999)
4(974 2062 2063 975)
4(912 976 2064 2000)
4(975 2063 2064 976)
4(913 977 2065 2001)
4(976 2064 2065 977)
4(914 978 2066 2002)
4(977 2065 2066 978)
4(915 979 2067 2003)
4(978 2066 2067 979)
4(916 980 2068 2004)
4(979 2067 2068 980)
4(917 981 2069 2005)
4(980 2068 2069 981)
4(918 982 2070 2006)
4(981 2069 2070 982)
4(919 983 2071 2007)
4(982 2070 2071 983)
4(920 984 2072 2008)
4(983 2071 2072 984)
4(921 985 2073 2009)
4(984 2072 2073 985)
4(922 986 2074 2010)
4(985 2073 2074 986)
4(923 987 2075 2011)
4(986 2074 2075 987)
4(924 988 2076 2012)
4(987 2075 2076 988)
4(925 989 2077 2013)
4(988 2076 2077 989)
4(926 990 2078 2014)
4(989 2077 2078 990)
4(927 991 2079 2015)
4(990 2078 2079 991)
4(928 992 2080 2016)
4(991 2079 2080 992)
4(929 993 2081 2017)
4(992 2080 2081 993)
4(930 994 2082 2018)
4(993 2081 2082 994)
4(931 995 2083 2019)
4(994 2082 2083 995)
4(932 996 2084 2020)
4(995 2083 2084 996)
4(933 997 2085 2021)
4(996 2084 2085 997)
4(934 998 2086 2022)
4(997 2085 2086 998)
4(935 999 2087 2023)
4(998 2086 2087 999)
4(936 1000 2088 2024)
4(999 2087 2088 1000)
4(937 1001 2089 2025)
4(1000 2088 2089 1001)
4(938 1002 2090 2026)
4(1001 2089 2090 1002)
4(939 1003 2091 2027)
4(1002 2090 2091 1003)
4(940 1004 2092 2028)
4(1003 2091 2092 1004)
4(941 1005 2093 2029)
4(1004 2092 2093 1005)
4(942 1006 2094 2030)
4(1005 2093 2094 1006)
4(943 1007 2095 2031)
4(1006 2094 2095 1007)
4(944 1008 2096 2032)
4(1007 2095 2096 1008)
4(945 1009 2097 2033)
4(1008 2096 2097 1009)
4(946 1010 2098 2034)
4(1009 2097 2098 1010)
4(947 1011 2099 2035)
4(1010 2098 2099 1011)
4(948 1012 2100 2036)
4(1011 2099 2100 1012)
4(949 1013 2101 2037)
4(1012 2100 2101 1013)
4(950 1014 2102 2038)
4(1013 2101 2102 1014)
4(951 1015 2103 2039)
4(1014 2102 2103 1015)
4(952 1016 2104 2040)
4(1015 2103 2104 1016)
4(953 1017 2105 2041)
4(1016 2104 2105 1017)
4(954 1018 2106 2042)
4(1017 2105 2106 1018)
4(955 1019 2107 2043)
4(1018 2106 2107 1019)
4(956 1020 2108 2044)
4(1019 2107 2108 1020)
4(957 1021 2109 2045)
4(1020 2108 2109 1021)
4(958 1022 2110 2046)
4(1021 2109 2110 1022)
4(1022 2110 2111 1023)
4(961 1025 2113 2049)
4(962 1026 2114 2050)
4(963 1027 2115 2051)
4(964 1028 2116 2052)
4(965 1029 2117 2053)
4(966 1030 2118 2054)
4(967 1031 2119 2055)
4(968 1032 2120 2056)
4(969 1033 2121 2057)
4(970 1034 2122 2058)
4(971 1035 2123 2059)
4(972 1036 2124 2060)
4(973 1037 2125 2061)
4(974 1038 2126 2062)
4(975 1039 2127 2063)
4(976 1040 2128 2064)
4(977 1041 2129 2065)
4(978 1042 2130 2066)
4(979 1043 2131 2067)
4(980 1044 2132 2068)
4(981 1045 2133 2069)
4(982 1046 2134 2070)
4(983 1047 2135 2071)
4(984 1048 2136 2072)
4(985 1049 2137 2073)
4(986 1050 2138 2074)
4(987 1051 2139 2075)
4(988 1052 2140 2076)
4(989 1053 2141 2077)
4(990 1054 2142 2078)
4(991 1055 2143 2079)
4(992 1056 2144 2080)
4(993 1057 2145 2081)
4(994 1058 2146 2082)
4(995 1059 2147 2083)
4(996 1060 2148 2084)
4(997 1061 2149 2085)
4(998 1062 2150 2086)
4(999 1063 2151 2087)
4(1000 1064 2152 2088)
4(1001 1065 2153 2089)
4(1002 1066 2154 2090)
4(1003 1067 2155 2091)
4(1004 1068 2156 2092)
4(1005 1069 2157 2093)
4(1006 1070 2158 2094)
4(1007 1071 2159 2095)
4(1008 1072 2160 2096)
4(1009 1073 2161 2097)
4(1010 1074 2162 2098)
4(1011 1075 2163 2099)
4(1012 1076 2164 2100)
4(1013 1077 2165 2101)
4(1014 1078 2166 2102)
4(1015 1079 2167 2103)
4(1016 1080 2168 2104)
4(1017 1081 2169 2105)
4(1018 1082 2170 2106)
4(1019 1083 2171 2107)
4(1020 1084 2172 2108)
4(1021 1085 2173 2109)
4(1022 1086 2174 2110)
4(63 127 1215 1151)
4(127 191 1279 1215)
4(191 255 1343 1279)
4(255 319 1407 1343)
4(319 383 1471 1407)
4(383 447 1535 1471)
4(447 511 1599 1535)
4(511 575 1663 1599)
4(575 639 1727 1663)
4(639 703 1791 1727)
4(703 767 1855 1791)
4(767 831 1919 1855)
4(831 895 1983 1919)
4(895 959 2047 1983)
4(959 1023 2111 2047)
4(1023 1087 2175 2111)
4(1024 2112 2113 1025)
4(1025 2113 2114 1026)
4(1026 2114 2115 1027)
4(1027 2115 2116 1028)
4(1028 2116 2117 1029)
4(1029 2117 2118 1030)
4(1030 2118 2119 1031)
4(1031 2119 2120 1032)
4(1032 2120 2121 1033)
4(1033 2121 2122 1034)
4(1034 2122 2123 1035)
4(1035 2123 2124 1036)
4(1036 2124 2125 1037)
4(1037 2125 2126 1038)
4(1038 2126 2127 1039)
4(1039 2127 2128 1040)
4(1040 2128 2129 1041)
4(1041 2129 2130 1042)
4(1042 2130 2131 1043)
4(1043 2131 2132 1044)
4(1044 2132 2133 1045)
4(1045 2133 2134 1046)
4(1046 2134 2135 1047)
4(1047 2135 2136 1048)
4(1048 2136 2137 1049)
4(1049 2137 2138 1050)
4(1050 2138 2139 1051)
4(1051 2139 2140 1052)
4(1052 2140 2141 1053)
4(1053 2141 2142 1054)
4(1054 2142 2143 1055)
4(1055 2143 2144 1056)
4(1056 2144 2145 1057)
4(1057 2145 2146 1058)
4(1058 2146 2147 1059)
4(1059 2147 2148 1060)
4(1060 2148 2149 1061)
4(1061 2149 2150 1062)
4(1062 2150 2151 1063)
4(1063 2151 2152 1064)
4(1064 2152 2153 1065)
4(1065 2153 2154 1066)
4(1066 2154 2155 1067)
4(1067 2155 2156 1068)
4(1068 2156 2157 1069)
4(1069 2157 2158 1070)
4(1070 2158 2159 1071)
4(1071 2159 2160 1072)
4(1072 2160 2161 1073)
4(1073 2161 2162 1074)
4(1074 2162 2163 1075)
4(1075 2163 2164 1076)
4(1076 2164 2165 1077)
4(1077 2165 2166 1078)
4(1078 2166 2167 1079)
4(1079 2167 2168 1080)
4(1080 2168 2169 1081)
4(1081 2169 2170 1082)
4(1082 2170 2171 1083)
4(1083 2171 2172 1084)
4(1084 2172 2173 1085)
4(1085 2173 2174 1086)
4(1086 2174 2175 1087)
4(0 64 65 1)
4(64 128 129 65)
4(128 192 193 129)
4(192 256 257 193)
4(256 320 321 257)
4(320 384 385 321)
4(384 448 449 385)
4(448 512 513 449)
4(512 576 577 513)
4(576 640 641 577)
4(640 704 705 641)
4(704 768 769 705)
4(768 832 833 769)
4(832 896 897 833)
4(896 960 961 897)
4(960 1024 1025 961)
4(1 65 66 2)
4(65 129 130 66)
4(129 193 194 130)
4(193 257 258 194)
4(257 321 322 258)
4(321 385 386 322)
4(385 449 450 386)
4(449 513 514 450)
4(513 577 578 514)
4(577 641 642 578)
4(641 705 706 642)
4(705 769 770 706)
4(769 833 834 770)
4(833 897 898 834)
4(897 961 962 898)
4(961 1025 1026 962)
4(2 66 67 3)
4(66 130 131 67)
4(130 194 195 131)
4(194 258 259 195)
4(258 322 323 259)
4(322 386 387 323)
4(386 450 451 387)
4(450 514 515 451)
4(514 578 579 515)
4(578 642 643 579)
4(642 706 707 643)
4(706 770 771 707)
4(770 834 835 771)
4(834 898 899 835)
4(898 962 963 899)
4(962 1026 1027 963)
4(3 67 68 4)
4(67 131 132 68)
4(131 195 196 132)
4(195 259 260 196)
4(259 323 324 260)
4(323 387 388 324)
4(387 451 452 388)
4(451 515 516 452)
4(515 579 580 516)
4(579 643 644 580)
4(643 707 708 644)
4(707 771 772 708)
4(771 835 836 772)
4(835 899 900 836)
4(899 963 964 900)
4(963 1027 1028 964)
4(4 68 69 5)
4(68 132 133 69)
4(132 196 197 133)
4(196 260 261 197)
4(260 324 325 261)
4(324 388 389 325)
4(388 452 453 389)
4(452 516 517 453)
4(516 580 581 517)
4(580 644 645 581)
4(644 708 709 645)
4(708 772 773 709)
4(772 836 837 773)
4(836 900 901 837)
4(900 964 965 901)
4(964 1028 1029 965)
4(5 69 70 6)
4(69 133 134 70)
4(133 197 198 134)
4(197 261 262 198)
4(261 325 326 262)
4(325 389 390 326)
4(389 453 454 390)
4(453 517 518 454)
4(517 581 582 518)
4(581 645 646 582)
4(645 709 710 646)
4(709 773 774 710)
4(773 837 838 774)
4(837 901 902 838)
4(901 965 966 902)
4(965 1029 1030 966)
4(6 70 71 7)
4(70 134 135 71)
4(134 198 199 135)
4(198 262 263 199)
4(262 326 327 263)
4(326 390 391 327)
4(390 454 455 391)
4(454 518 519 455)
4(518 582 583 519)
4(582 646 647 583)
4(646 710 711 647)
4(710 774 775 711)
4(774 838 839 775)
4(838 902 903 839)
4(902 966 967 903)
4(966 1030 1031 967)
4(7 71 72 8)
4(71 135 136 72)
4(135 199 200 136)
4(199 263 264 200)
4(263 327 328 264)
4(327 391 392 328)
4(391 455 456 392)
4(455 519 520 456)
4(519 583 584 520)
4(583 647 648 584)
4(647 711 712 648)
4(711 775 776 712)
4(775 839 840 776)
4(839 903 904 840)
4(903 967 968 904)
4(967 1031 1032 968)
4(8 72 73 9)
4(72 136 137 73)
4(136 200 201 137)
4(200 264 265 201)
4(264 328 329 265)
4(328 392 393 329)
4(392 456 457 393)
4(456 520 521 457)
4(520 584 585 521)
4(584 648 649 585)
4(648 712 713 649)
4(712 776 777 713)
4(776 840 841 777)
4(840 904 905 841)
4(904 968 969 905)
4(968 1032 1033 969)
4(9 73 74 10)
4(73 137 138 74)
4(137 201 202 138)
4(201 265 266 202)
4(265 329 330 266)
4(329 393 394 330)
4(393 457 458 394)
4(457 521 522 458)
4(521 585 586 522)
4(585 649 650 586)
4(649 713 714 650)
4(713 777 778 714)
4(777 841 842 778)
4(841 905 906 842)
4(905 969 970 906)
4(969 1033 1034 970)
4(10 74 75 11)
4(74 138 139 75)
4(138 202 203 139)
4(202 266 267 203)
4(266 330 331 267)
4(330 394 395 331)
4(394 458 459 395)
4(458 522 523 459)
4(522 586 587 523)
4(586 650 651 587)
4(650 714 715 651)
4(714 778 779 715)
4(778 842 843 779)
4(842 906 907 843)
4(906 970 971 907)
4(970 1034 1035 971)
4(11 75 76 12)
4(75 139 140 76)
4(139 203 204 140)
4(203 267 268 204)
4(267 331 332 268)
4(331 395 396 332)
4(395 459 460 396)
4(459 523 524 460)
4(523 587 588 524)
4(587 651 652 588)
4(651 715 716 652)
4(715 779 780 716)
4(779 843 844 780)
4(843 907 908 844)
4(907 971 972 908)
4(971 1035 1036 972)
4(12 76 77 13)
4(76 140 141 77)
4(140 204 205 141)
4(204 268 269 205)
4(268 332 333 269)
4(332 396 397 333)
4(396 460 461 397)
4(460 524 525 461)
4(524 588 589 525)
4(588 652 653 589)
4(652 716 717 653)
4(716 780 781 717)
4(780 844 845 781)
4(844 908 909 845)
4(908 972 973 909)
4(972 1036 1037 973)
4(13 77 78 14)
4(77 141 142 78)
4(141 205 206 142)
4(205 269 270 206)
4(269 333 334 270)
4(333 397 398 334)
4(397 461 462 398)
4(461 525 526 462)
4(525 589 590 526)
4(589 653 654 590)
4(653 717 718 654)
4(717 781 782 718)
4(781 845 846 782)
4(845 909 910 846)
4(909 973 974 910)
4(973 1037 1038 974)
4(14 78 79 15)
4(78 142 143 79)
4(142 206 207 143)
4(206 270 271 207)
4(270 334 335 271)
4(334 398 399 335)
4(398 462 463 399)
4(462 526 527 463)
4(526 590 591 527)
4(590 654 655 591)
4(654 718 719 655)
4(718 782 783 719)
4(782 846 847 783)
4(846 910 911 847)
4(910 974 975 911)
4(974 1038 1039 975)
4(15 79 80 16)
4(79 143 144 80)
4(143 207 208 144)
4(207 271 272 208)
4(271 335 336 272)
4(335 399 400 336)
4(399 463 464 400)
4(463 527 528 464)
4(527 591 592 528)
4(591 655 656 592)
4(655 719 720 656)
4(719 783 784 720)
4(783 847 848 784)
4(847 911 912 848)
4(911 975 976 912)
4(975 1039 1040 976)
4(16 80 81 17)
4(80 144 145 81)
4(144 208 209 145)
4(208 272 273 209)
4(272 336 337 273)
4(336 400 401 337)
4(400 464 465 401)
4(464 528 529 465)
4(528 592 593 529)
4(592 656 657 593)
4(656 720 721 657)
4(720 784 785 721)
4(784 848 849 785)
4(848 912 913 849)
4(912 976 977 913)
4(976 1040 1041 977)
4(17 81 82 18)
4(81 145 146 82)
4(145 209 210 146)
4(209 273 274 210)
4(273 337 338 274)
4(337 401 402 338)
4(401 465 466 402)
4(465 529 530 466)
4(529 593 594 530)
4(593 657 658 594)
4(657 721 722 658)
4(721 785 786 722)
4(785 849 850 786)
4(849 913 914 850)
4(913 977 978 914)
4(977 1041 1042 978)
4(18 82 83 19)
4(82 146 147 83)
4(146 210 211 147)
4(210 274 275 211)
4(274 338 339 275)
4(338 402 403 339)
4(402 466 467 403)
4(466 530 531 467)
4(530 594 595 531)
4(594 658 659 595)
4(658 722 723 659)
4(722 786 787 723)
4(786 850 851 787)
4(850 914 915 851)
4(914 978 979 915)
4(978 1042 1043 979)
4(19 83 84 20)
4(83 147 148 84)
4(147 211 212 148)
4(211 275 276 212)
4(275 339 340 276)
4(339 403 404 340)
4(403 467 468 404)
4(467 531 532 468)
4(531 595 596 532)
4(595 659 660 596)
4(659 723 724 660)
4(723 787 788 724)
4(787 851 852 788)
4(851 915 916 852)
4(915 979 980 916)
4(979 1043 1044 980)
4(20 84 85 21)
4(84 148 149 85)
4(148 212 213 149)
4(212 276 277 213)
4(276 340 341 277)
4(340 404 405 341)
4(404 468 469 405)
4(468 532 533 469)
4(532 596 597 533)
4(596 660 661 597)
4(660 724 725 661)
4(724 788 789 725)
4(788 852 853 789)
4(852 916 917 853)
4(916 980 981 917)
4(980 1044 1045 981)
4(21 85 86 22)
4(85 149 150 86)
4(149 213 214 150)
4(213 277 278 214)
4(277 341 342 278)
4(341 405 406 342)
4(405 469 470 406)
4(469 533 534 470)
4(533 597 598 534)
4(597 661 662 598)
4(661 725 726 662)
4(725 789 790 726)
4(789 853 854 790)
4(853 917 918 854)
4(917 981 982 918)
4(981 1045 1046 982)
4(22 86 87 23)
4(86 150 151 87)
4(150 214 215 151)
4(214 278 279 215)
4(278 342 343 279)
4(342 406 407 343)
4(406 470 471 407)
4(470 534 535 471)
4(534 598 599 535)
4(598 662 663 599)
4(662 726 727 663)
4(726 790 791 727)
4(790 854 855 791)
4(854 918 919 855)
4(918 982 983 919)
4(982 1046 1047 983)
4(23 87 88 24)
4(87 151 152 88)
4(151 215 216 152)
4(215 279 280 216)
4(279 343 344 280)
4(343 407 408 344)
4(407 471 472 408)
4(471 535 536 472)
4(535 599 600 536)
4(599 663 664 600)
4(663 727 728 664)
4(727 791 792 728)
4(791 855 856 792)
4(855 919 920 856)
4(919 983 984 920)
4(983 1047 1048 984)
4(24 88 89 25)
4(88 152 153 89)
4(152 216 217 153)
4(216 280 281 217)
4(280 344 345 281)
4(344 408 409 345)
4(408 472 473 409)
4(472 536 537 473)
4(536 600 601 537)
4(600 664 665 601)
4(664 728 729 665)
4(728 792 793 729)
4(792 856 857 793)
4(856 920 921 857)
4(920 984 985 921)
4(984 1048 1049 985)
4(25 89 90 26)
4(89 153 154 90)
4(153 217 218 154)
4(217 281 282 218)
4(281 345 346 282)
4(345 409 410 346)
4(409 473 474 410)
4(473 537 538 474)
4(537 601 602 538)
4(601 665 666 602)
4(665 729 730 666)
4(729 793 794 730)
4(793 857 858 794)
4(857 921 922 858)
4(921 985 986 922)
4(985 1049 1050 986)
4(26 90 91 27)
4(90 154 155 91)
4(154 218 219 155)
4(218 282 283 219)
4(282 346 347 283)
4(346 410 411 347)
4(410 474 475 411)
4(474 538 539 475)
4(538 602 603 539)
4(602 666 667 603)
4(666 730 731 667)
4(730 794 795 731)
4(794 858 859 795)
4(858 922 923 859)
4(922 986 987 923)
4(986 1050 1051 987)
4(27 91 92 28)
4(91 155 156 92)
4(155 219 220 156)
4(219 283 284 220)
4(283 347 348 284)
4(347 411 412 348)
4(411 475 476 412)
4(475 539 540 476)
4(539 603 604 540)
4(603 667 668 604)
4(667 731 732 668)
4(731 795 796 732)
4(795 859 860 796)
4(859 923 924 860)
4(923 987 988 924)
4(987 1051 1052 988)
4(28 92 93 29)
4(92 156 157 93)
4(156 220 221 157)
4(220 284 285 221)
4(284 348 349 285)
4(348 412 413 349)
4(412 476 477 413)
4(476 540 541 477)
4(540 604 605 541)
4(604 668 669 605)
4(668 732 733 669)
4(732 796 797 733)
4(796 860 861 797)
4(860 924 925 861)
4(924 988 989 925)
4(988 1052 1053 989)
4(29 93 94 30)
4(93 157 158 94)
4(157 221 222 158)
4(221 285 286 222)
4(285 349 350 286)
4(349 413 414 350)
4(413 477 478 414)
4(477 541 542 478)
4(541 605 606 542)
4(605 669 670 606)
4(669 733 734 670)
4(733 797 798 734)
4(797 861 862 798)
4(861 925 926 862)
4(925 989 990 926)
4(989 1053 1054 990)
4(30 94 95 31)
4(94 158 159 95)
4(158 222 223 159)
4(222 286 287 223)
4(286 350 351 287)
4(350 414 415 351)
4(414 478 479 415)
4(478 542 543 479)
4(542 606 607 543)
4(606 670 671 607)
4(670 734 735 671)
4(734 798 799 735)
4(798 862 863 799)
4(862 926 927 863)
4(926 990 991 927)
4(990 1054 1055 991)
4(31 95 96 32)
4(95 159 160 96)
4(159 223 224 160)
4(223 287 288 224)
4(287 351 352 288)
4(351 415 416 352)
4(415 479 480 416)
4(479 543 544 480)
4(543 607 608 544)
4(607 671 672 608)
4(671 735 736 672)
4(735 799 800 736)
4(799 863 864 800)
4(863 927 928 864)
4(927 991 992 928)
4(991 1055 1056 992)
4(32 96 97 33)
4(96 160 161 97)
4(160 224 225 161)
4(224 288 289 225)
4(288 352 353 289)
4(352 416 417 353)
4(416 480 481 417)
4(480 544 545 481)
4(544 608 609 545)
4(608 672 673 609)
4(672 736 737 673)
4(736 800 801 737)
4(800 864 865 801)
4(864 928 929 865)
4(928 992 993 929)
4(992 1056 1057 993)
4(33 97 98 34)
4(97 161 162 98)
4(161 225 226 162)
4(225 289 290 226)
4(289 353 354 290)
4(353 417 418 354)
4(417 481 482 418)
4(481 545 546 482)
4(545 609 610 546)
4(609 673 674 610)
4(673 737 738 674)
4(737 801 802 738)
4(801 865 866 802)
4(865 929 930 866)
4(929 993 994 930)
4(993 1057 1058 994)
4(34 98 99 35)
4(98 162 163 99)
4(162 226 227 163)
4(226 290 291 227)
4(290 354 355 291)
4(354 418 419 355)
4(418 482 483 419)
4(482 546 547 483)
4(546 610 611 547)
4(610 674 675 611)
4(674 738 739 675)
4(738 802 803 739)
4(802 866 867 803)
4(866 930 931 867)
4(930 994 995 931)
4(994 1058 1059 995)
4(35 99 100 36)
4(99 163 164 100)
4(163 227 228 164)
4(227 291 292 228)
4(291 355 356 292)
4(355 419 420 356)
4(419 483 484 420)
4(483 547 548 484)
4(547 611 612 548)
4(611 675 676 612)
4(675 739 740 676)
4(739 803 804 740)
4(803 867 868 804)
4(867 931 932 868)
4(931 995 996 932)
4(995 1059 1060 996)
4(36 100 101 37)
4(100 164 165 101)
4(164 228 229 165)
4(228 292 293 229)
4(292 356 357 293)
4(356 420 421 357)
4(420 484 485 421)
4(484 548 549 485)
4(548 612 613 549)
4(612 676 677 613)
4(676 740 741 677)
4(740 804 805 741)
4(804 868 869 805)
4(868 932 933 869)
4(932 996 997 933)
4(996 1060 1061 997)
4(37 101 102 38)
4(101 165 166 102)
4(165 229 230 166)
4(229 293 294 230)
4(293 357 358 294)
4(357 421 422 358)
4(421 485 486 422)
4(485 549 550 486)
4(549 613 614 550)
4(613 677 678 614)
4(677 741 742 678)
4(741 805 806 742)
4(805 869 870 806)
4(869 933 934 870)
4(933 997 998 934)
4(997 1061 1062 998)
4(38 102 103 39)
4(102 166 167 103)
4(166 230 231 167)
4(230 294 295 231)
4(294 358 359 295)
4(358 422 423 359)
4(422 486 487 423)
4(486 550 551 487)
4(550 614 615 551)
4(614 678 679 615)
4(678 742 743 679)
4(742 806 807 743)
4(806 870 871 807)
4(870 934 935 871)
4(934 998 999 935)
4(998 1062 1063 999)
4(39 103 104 40)
4(103 167 168 104)
4(167 231 232 168)
4(231 295 296 232)
4(295 359 360 296)
4(359 423 424 360)
4(423 487 488 424)
4(487 551 552 488)
4(551 615 616 552)
4(615 679 680 616)
4(679 743 744 680)
4(743 807 808 744)
4(807 871 872 808)
4(871 935 936 872)
4(935 999 1000 936)
4(999 1063 1064 1000)
4(40 104 105 41)
4(104 168 169 105)
4(168 232 233 169)
4(232 296 297 233)
4(296 360 361 297)
4(360 424 425 361)
4(424 488 489 425)
4(488 552 553 489)
4(552 616 617 553)
4(616 680 681 617)
4(680 744 745 681)
4(744 808 809 745)
4(808 872 873 809)
4(872 936 937 873)
4(936 1000 1001 937)
4(1000 1064 1065 1001)
4(41 105 106 42)
4(105 169 170 106)
4(169 233 234 170)
4(233 297 298 234)
4(297 361 362 298)
4(361 425 426 362)
4(425 489 490 426)
4(489 553 554 490)
4(553 617 618 554)
4(617 681 682 618)
4(681 745 746 682)
4(745 809 810 746)
4(809 873 874 810)
4(873 937 938 874)
4(937 1001 1002 938)
4(1001 1065 1066 1002)
4(42 106 107 43)
4(106 170 171 107)
4(170 234 235 171)
4(234 298 299 235)
4(298 362 363 299)
4(362 426 427 363)
4(426 490 491 427)
4(490 554 555 491)
4(554 618 619 555)
4(618 682 683 619)
4(682 746 747 683)
4(746 810 811 747)
4(810 874 875 811)
4(874 938 939 875)
4(938 1002 1003 939)
4(1002 1066 1067 1003)
4(43 107 108 44)
4(107 171 172 108)
4(171 235 236 172)
4(235 299 300 236)
4(299 363 364 300)
4(363 427 428 364)
4(427 491 492 428)
4(491 555 556 492)
4(555 619 620 556)
4(619 683 684 620)
4(683 747 748 684)
4(747 811 812 748)
4(811 875 876 812)
4(875 939 940 876)
4(939 1003 1004 940)
4(1003 1067 1068 1004)
4(44 108 109 45)
4(108 172 173 109)
4(172 236 237 173)
4(236 300 301 237)
4(300 364 365 301)
4(364 428 429 365)
4(428 492 493 429)
4(492 556 557 493)
4(556 620 621 557)
4(620 684 685 621)
4(684 748 749 685)
4(748 812 813 749)
4(812 876 877 813)
4(876 940 941 877)
4(940 1004 1005 941)
4(1004 1068 1069 1005)
4(45 109 110 46)
4(109 173 174 110)
4(173 237 238 174)
4(237 301 302 238)
4(301 365 366 302)
4(365 429 430 366)
4(429 493 494 430)
4(493 557 558 494)
4(557 621 622 558)
4(621 685 686 622)
4(685 749 750 686)
4(749 813 814 750)
4(813 877 878 814)
4(877 941 942 878)
4(941 1005 1006 942)
4(1005 1069 1070 1006)
4(46 110 111 47)
4(110 174 175 111)
4(174 238 239 175)
4(238 302 303 239)
4(302 366 367 303)
4(366 430 431 367)
4(430 494 495 431)
4(494 558 559 495)
4(558 622 623 559)
4(622 686 687 623)
4(686 750 751 687)
4(750 814 815 751)
4(814 878 879 815)
4(878 942 943 879)
4(942 1006 1007 943)
4(1006 1070 1071 1007)
4(47 111 112 48)
4(111 175 176 112)
4(175 239 240 176)
4(239 303 304 240)
4(303 367 368 304)
4(367 431 432 368)
4(431 495 496 432)
4(495 559 560 496)
4(559 623 624 560)
4(623 687 688 624)
4(687 751 752 688)
4(751 815 816 752)
4(815 879 880 816)
4(879 943 944 880)
4(943 1007 1008 944)
4(1007 1071 1072 1008)
4(48 112 113 49)
4(112 176 177 113)
4(176 240 241 177)
4(240 304 305 241)
4(304 368 369 305)
4(368 432 433 369)
4(432 496 497 433)
4(496 560 561 497)
4(560 624 625 561)
4(624 688 689 625)
4(688 752 753 689)
4(752 816 817 753)
4(816 880 881 817)
4(880 944 945 881)
4(944 1008 1009 945)
4(1008 1072 1073 1009)
4(49 113 114 50)
4(113 177 178 114)
4(177 241 242 178)
4(241 305 306 242)
4(305 369 370 306)
4(369 433 434 370)
4(433 497 498 434)
4(497 561 562 498)
4(561 625 626 562)
4(625 689 690 626)
4(689 753 754 690)
4(753 817 818 754)
4(817 881 882 818)
4(881 945 946 882)
4(945 1009 1010 946)
4(1009 1073 1074 1010)
4(50 114 115 51)
4(114 178 179 115)
4(178 242 243 179)
4(242 306 307 243)
4(306 370 371 307)
4(370 434 435 371)
4(434 498 499 435)
4(498 562 563 499)
4(562 626 627 563)
4(626 690 691 627)
4(690 754 755 691)
4(754 818 819 755)
4(818 882 883 819)
4(882 946 947 883)
4(946 1010 1011 947)
4(1010 1074 1075 1011)
4(51 115 116 52)
4(115 179 180 116)
4(179 243 244 180)
4(243 307 308 244)
4(307 371 372 308)
4(371 435 436 372)
4(435 499 500 436)
4(499 563 564 500)
4(563 627 628 564)
4(627 691 692 628)
4(691 755 756 692)
4(755 819 820 756)
4(819 883 884 820)
4(883 947 948 884)
4(947 1011 1012 948)
4(1011 1075 1076 1012)
4(52 116 117 53)
4(116 180 181 117)
4(180 244 245 181)
4(244 308 309 245)
4(308 372 373 309)
4(372 436 437 373)
4(436 500 501 437)
4(500 564 565 501)
4(564 628 629 565)
4(628 692 693 629)
4(692 756 757 693)
4(756 820 821 757)
4(820 884 885 821)
4(884 948 949 885)
4(948 1012 1013 949)
4(1012 1076 1077 1013)
4(53 117 118 54)
4(117 181 182 118)
4(181 245 246 182)
4(245 309 310 246)
4(309 373 374 310)
4(373 437 438 374)
4(437 501 502 438)
4(501 565 566 502)
4(565 629 630 566)
4(629 693 694 630)
4(693 757 758 694)
4(757 821 822 758)
4(821 885 886 822)
4(885 949 950 886)
4(949 1013 1014 950)
4(1013 1077 1078 1014)
4(54 118 119 55)
4(118 182 183 119)
4(182 246 247 183)
4(246 310 311 247)
4(310 374 375 311)
4(374 438 439 375)
4(438 502 503 439)
4(502 566 567 503)
4(566 630 631 567)
4(630 694 695 631)
4(694 758 759 695)
4(758 822 823 759)
4(822 886 887 823)
4(886 950 951 887)
4(950 1014 1015 951)
4(1014 1078 1079 1015)
4(55 119 120 56)
4(119 183 184 120)
4(183 247 248 184)
4(247 311 312 248)
4(311 375 376 312)
4(375 439 440 376)
4(439 503 504 440)
4(503 567 568 504)
4(567 631 632 568)
4(631 695 696 632)
4(695 759 760 696)
4(759 823 824 760)
4(823 887 888 824)
4(887 951 952 888)
4(951 1015 1016 952)
4(1015 1079 1080 1016)
4(56 120 121 57)
4(120 184 185 121)
4(184 248 249 185)
4(248 312 313 249)
4(312 376 377 313)
4(376 440 441 377)
4(440 504 505 441)
4(504 568 569 505)
4(568 632 633 569)
4(632 696 697 633)
4(696 760 761 697)
4(760 824 825 761)
4(824 888 889 825)
4(888 952 953 889)
4(952 1016 1017 953)
4(1016 1080 1081 1017)
4(57 121 122 58)
4(121 185 186 122)
4(185 249 250 186)
4(249 313 314 250)
4(313 377 378 314)
4(377 441 442 378)
4(441 505 506 442)
4(505 569 570 506)
4(569 633 634 570)
4(633 697 698 634)
4(697 761 762 698)
4(761 825 826 762)
4(825 889 890 826)
4(889 953 954 890)
4(953 1017 1018 954)
4(1017 1081 1082 1018)
4(58 122 123 59)
4(122 186 187 123)
4(186 250 251 187)
4(250 314 315 251)
4(314 378 379 315)
4(378 442 443 379)
4(442 506 507 443)
4(506 570 571 507)
4(570 634 635 571)
4(634 698 699 635)
4(698 762 763 699)
4(762 826 827 763)
4(826 890 891 827)
4(890 954 955 891)
4(954 1018 1019 955)
4(1018 1082 1083 1019)
4(59 123 124 60)
4(123 187 188 124)
4(187 251 252 188)
4(251 315 316 252)
4(315 379 380 316)
4(379 443 444 380)
4(443 507 508 444)
4(507 571 572 508)
4(571 635 636 572)
4(635 699 700 636)
4(699 763 764 700)
4(763 827 828 764)
4(827 891 892 828)
4(891 955 956 892)
4(955 1019 1020 956)
4(1019 1083 1084 1020)
4(60 124 125 61)
4(124 188 189 125)
4(188 252 253 189)
4(252 316 317 253)
4(316 380 381 317)
4(380 444 445 381)
4(444 508 509 445)
4(508 572 573 509)
4(572 636 637 573)
4(636 700 701 637)
4(700 764 765 701)
4(764 828 829 765)
4(828 892 893 829)
4(892 956 957 893)
4(956 1020 1021 957)
4(1020 1084 1085 1021)
4(61 125 126 62)
4(125 189 190 126)
4(189 253 254 190)
4(253 317 318 254)
4(317 381 382 318)
4(381 445 446 382)
4(445 509 510 446)
4(509 573 574 510)
4(573 637 638 574)
4(637 701 702 638)
4(701 765 766 702)
4(765 829 830 766)
4(829 893 894 830)
4(893 957 958 894)
4(957 1021 1022 958)
4(1021 1085 1086 1022)
4(62 126 127 63)
4(126 190 191 127)
4(190 254 255 191)
4(254 318 319 255)
4(318 382 383 319)
4(382 446 447 383)
4(446 510 511 447)
4(510 574 575 511)
4(574 638 639 575)
4(638 702 703 639)
4(702 766 767 703)
4(766 830 831 767)
4(830 894 895 831)
4(894 958 959 895)
4(958 1022 1023 959)
4(1022 1086 1087 1023)
4(1088 1089 1153 1152)
4(1152 1153 1217 1216)
4(1216 1217 1281 1280)
4(1280 1281 1345 1344)
4(1344 1345 1409 1408)
4(1408 1409 1473 1472)
4(1472 1473 1537 1536)
4(1536 1537 1601 1600)
4(1600 1601 1665 1664)
4(1664 1665 1729 1728)
4(1728 1729 1793 1792)
4(1792 1793 1857 1856)
4(1856 1857 1921 1920)
4(1920 1921 1985 1984)
4(1984 1985 2049 2048)
4(2048 2049 2113 2112)
4(1089 1090 1154 1153)
4(1153 1154 1218 1217)
4(1217 1218 1282 1281)
4(1281 1282 1346 1345)
4(1345 1346 1410 1409)
4(1409 1410 1474 1473)
4(1473 1474 1538 1537)
4(1537 1538 1602 1601)
4(1601 1602 1666 1665)
4(1665 1666 1730 1729)
4(1729 1730 1794 1793)
4(1793 1794 1858 1857)
4(1857 1858 1922 1921)
4(1921 1922 1986 1985)
4(1985 1986 2050 2049)
4(2049 2050 2114 2113)
4(1090 1091 1155 1154)
4(1154 1155 1219 1218)
4(1218 1219 1283 1282)
4(1282 1283 1347 1346)
4(1346 1347 1411 1410)
4(1410 1411 1475 1474)
4(1474 1475 1539 1538)
4(1538 1539 1603 1602)
4(1602 1603 1667 1666)
4(1666 1667 1731 1730)
4(1730 1731 1795 1794)
4(1794 1795 1859 1858)
4(1858 1859 1923 1922)
4(1922 1923 1987 1986)
4(1986 1987 2051 2050)
4(2050 2051 2115 2114)
4(1091 1092 1156 1155)
4(1155 1156 1220 1219)
4(1219 1220 1284 1283)
4(1283 1284 1348 1347)
4(1347 1348 1412 1411)
4(1411 1412 1476 1475)
4(1475 1476 1540 1539)
4(1539 1540 1604 1603)
4(1603 1604 1668 1667)
4(1667 1668 1732 1731)
4(1731 1732 1796 1795)
4(1795 1796 1860 1859)
4(1859 1860 1924 1923)
4(1923 1924 1988 1987)
4(1987 1988 2052 2051)
4(2051 2052 2116 2115)
4(1092 1093 1157 1156)
4(1156 1157 1221 1220)
4(1220 1221 1285 1284)
4(1284 1285 1349 1348)
4(1348 1349 1413 1412)
4(1412 1413 1477 1476)
4(1476 1477 1541 1540)
4(1540 1541 1605 1604)
4(1604 1605 1669 1668)
4(1668 1669 1733 1732)
4(1732 1733 1797 1796)
4(1796 1797 1861 1860)
4(1860 1861 1925 1924)
4(1924 1925 1989 1988)
4(1988 1989 2053 2052)
4(2052 2053 2117 2116)
4(1093 1094 1158 1157)
4(1157 1158 1222 1221)
4(1221 1222 1286 1285)
4(1285 1286 1350 1349)
4(1349 1350 1414 1413)
4(1413 1414 1478 1477)
4(1477 1478 1542 1541)
4(1541 1542 1606 1605)
4(1605 1606 1670 1669)
4(1669 1670 1734 1733)
4(1733 1734 1798 1797)
4(1797 1798 1862 1861)
4(1861 1862 1926 1925)
4(1925 1926 1990 1989)
4(1989 1990 2054 2053)
4(2053 2054 2118 2117)
4(1094 1095 1159 1158)
4(1158 1159 1223 1222)
4(1222 1223 1287 1286)
4(1286 1287 1351 1350)
4(1350 1351 1415 1414)
4(1414 1415 1479 1478)
4(1478 1479 1543 1542)
4(1542 1543 1607 1606)
4(1606 1607 1671 1670)
4(1670 1671 1735 1734)
4(1734 1735 1799 1798)
4(1798 1799 1863 1862)
4(1862 1863 1927 1926)
4(1926 1927 1991 1990)
4(1990 1991 2055 2054)
4(2054 2055 2119 2118)
4(1095 1096 1160 1159)
4(1159 1160 1224 1223)
4(1223 1224 1288 1287)
4(1287 1288 1352 1351)
4(1351 1352 1416 1415)
4(1415 1416 1480 1479)
4(1479 1480 1544 1543)
4(1543 1544 1608 1607)
4(1607 1608 1672 1671)
4(1671 1672 1736 1735)
4(1735 1736 1800 1799)
4(1799 1800 1864 1863)
4(1863 1864 1928 1927)
4(1927 1928 1992 1991)
4(1991 1992 2056 2055)
4(2055 2056 2120 2119)
4(1096 1097 1161 1160)
4(1160 1161 1225 1224)
4(1224 1225 1289 1288)
4(1288 1289 1353 1352)
4(1352 1353 1417 1416)
4(1416 1417 1481 1480)
4(1480 1481 1545 1544)
4(1544 1545 1609 1608)
4(1608 1609 1673 1672)
4(1672 1673 1737 1736)
4(1736 1737 1801 1800)
4(1800 1801 1865 1864)
4(1864 1865 1929 1928)
4(1928 1929 1993 1992)
4(1992 1993 2057 2056)
4(2056 2057 2121 2120)
4(1097 1098 1162 1161)
4(1161 1162 1226 1225)
4(1225 1226 1290 1289)
4(1289 1290 1354 1353)
4(1353 1354 1418 1417)
4(1417 1418 1482 1481)
4(1481 1482 1546 1545)
4(1545 1546 1610 1609)
4(1609 1610 1674 1673)
4(1673 1674 1738 1737)
4(1737 1738 1802 1801)
4(1801 1802 1866 1865)
4(1865 1866 1930 1929)
4(1929 1930 1994 1993)
4(1993 1994 2058 2057)
4(2057 2058 2122 2121)
4(1098 1099 1163 1162)
4(1162 1163 1227 1226)
4(1226 1227 1291 1290)
4(1290 1291 1355 1354)
4(1354 1355 1419 1418)
4(1418 1419 1483 1482)
4(1482 1483 1547 1546)
4(1546 1547 1611 1610)
4(1610 1611 1675 1674)
4(1674 1675 1739 1738)
4(1738 1739 1803 1802)
4(1802 1803 1867 1866)
4(1866 1867 1931 1930)
4(1930 1931 1995 1994)
4(1994 1995 2059 2058)
4(2058 2059 2123 2122)
4(1099 1100 1164 1163)
4(1163 1164 1228 1227)
4(1227 1228 1292 1291)
4(1291 1292 1356 1355)
4(1355 1356 1420 1419)
4(1419 1420 1484 1483)
4(1483 1484 1548 1547)
4(1547 1548 1612 1611)
4(1611 1612 1676 1675)
4(1675 1676 1740 1739)
4(1739 1740 1804 1803)
4(1803 1804 1868 1867)
4(1867 1868 1932 1931)
4(1931 1932 1996 1995)
4(1995 1996 2060 2059)
4(2059 2060 2124 2123)
4(1100 1101 1165 1164)
4(1164 1165 1229 1228)
4(1228 1229 1293 1292)
4(1292 1293 1357 1356)
4(1356 1357 1421 1420)
4(1420 1421 1485 1484)
4(1484 1485 1549 1548)
4(1548 1549 1613 1612)
4(1612 1613 1677 1676)
4(1676 1677 1741 1740)
4(1740 1741 1805 1804)
4(1804 1805 1869 1868)
4(1868 1869 1933 1932)
4(1932 1933 1997 1996)
4(1996 1997 2061 2060)
4(2060 2061 2125 2124)
4(1101 1102 1166 1165)
4(1165 1166 1230 1229)
4(1229 1230 1294 1293)
4(1293 1294 1358 1357)
4(1357 1358 1422 1421)
4(1421 1422 1486 1485)
4(1485 1486 1550 1549)
4(1549 1550 1614 1613)
4(1613 1614 1678 1677)
4(1677 1678 1742 1741)
4(1741 1742 1806 1805)
4(1805 1806 1870 1869)
4(1869 1870 1934 1933)
4(1933 1934 1998 1997)
4(1997 1998 2062 2061)
4(2061 2062 2126 2125)
4(1102 1103 1167 1166)
4(1166 1167 1231 1230)
4(1230 1231 1295 1294)
4(1294 1295 1359 1358)
4(1358 1359 1423 1422)
4(1422 1423 1487 1486)
4(1486 1487 1551 1550)
4(1550 1551 1615 1614)
4(1614 1615 1679 1678)
4(1678 1679 1743 1742)
4(1742 1743 1807 1806)
4(1806 1807 1871 1870)
4(1870 1871 1935 1934)
4(1934 1935 1999 1998)
4(1998 1999 2063 2062)
4(2062 2063 2127 2126)
4(1103 1104 1168 1167)
4(1167 1168 1232 1231)
4(1231 1232 1296 1295)
4(1295 1296 1360 1359)
4(1359 1360 1424 1423)
4(1423 1424 1488 1487)
4(1487 1488 1552 1551)
4(1551 1552 1616 1615)
4(1615 1616 1680 1679)
4(1679 1680 1744 1743)
4(1743 1744 1808 1807)
4(1807 1808 1872 1871)
4(1871 1872 1936 1935)
4(1935 1936 2000 1999)
4(1999 2000 2064 2063)
4(2063 2064 2128 2127)
4(1104 1105 1169 1168)
4(1168 1169 1233 1232)
4(1232 1233 1297 1296)
4(1296 1297 1361 1360)
4(1360 1361 1425 1424)
4(1424 1425 1489 1488)
4(1488 1489 1553 1552)
4(1552 1553 1617 1616)
4(1616 1617 1681 1680)
4(1680 1681 1745 1744)
4(1744 1745 1809 1808)
4(1808 1809 1873 1872)
4(1872 1873 1937 1936)
4(1936 1937 2001 2000)
4(2000 2001 2065 2064)
4(2064 2065 2129 2128)
4(1105 1106 1170 1169)
4(1169 1170 1234 1233)
4(1233 1234 1298 1297)
4(1297 1298 1362 1361)
4(1361 1362 1426 1425)
4(1425 1426 1490 1489)
4(1489 1490 1554 1553)
4(1553 1554 1618 1617)
4(1617 1618 1682 1681)
4(1681 1682 1746 1745)
4(1745 1746 1810 1809)
4(1809 1810 1874 1873)
4(1873 1874 1938 1937)
4(1937 1938 2002 2001)
4(2001 2002 2066 2065)
4(2065 2066 2130 2129)
4(1106 1107 1171 1170)
4(1170 1171 1235 1234)
4(1234 1235 1299 1298)
4(1298 1299 1363 1362)
4(1362 1363 1427 1426)
4(1426 1427 1491 1490)
4(1490 1491 1555 1554)
4(1554 1555 1619 1618)
4(1618 1619 1683 1682)
4(1682 1683 1747 1746)
4(1746 1747 1811 1810)
4(1810 1811 1875 1874)
4(1874 1875 1939 1938)
4(1938 1939 2003 2002)
4(2002 2003 2067 2066)
4(2066 2067 2131 2130)
4(1107 1108 1172 1171)
4(1171 1172 1236 1235)
4(1235 1236 1300 1299)
4(1299 1300 1364 1363)
4(1363 1364 1428 1427)
4(1427 1428 1492 1491)
4(1491 1492 1556 1555)
4(1555 1556 1620 1619)
4(1619 1620 1684 1683)
4(1683 1684 1748 1747)
4(1747 1748 1812 1811)
4(1811 1812 1876 1875)
4(1875 1876 1940 1939)
4(1939 1940 2004 2003)
4(2003 2004 2068 2067)
4(2067 2068 2132 2131)
4(1108 1109 1173 1172)
4(1172 1173 1237 1236)
4(1236 1237 1301 1300)
4(1300 1301 1365 1364)
4(1364 1365 1429 1428)
4(1428 1429 1493 1492)
4(1492 1493 1557 1556)
4(1556 1557 1621 1620)
4(1620 1621 1685 1684)
4(1684 1685 1749 1748)
4(1748 1749 1813 1812)
4(1812 1813 1877 1876)
4(1876 1877 1941 1940)
4(1940 1941 2005 2004)
4(2004 2005 2069 2068)
4(2068 2069 2133 2132)
4(1109 1110 1174 1173)
4(1173 1174 1238 1237)
4(1237 1238 1302 1301)
4(1301 1302 1366 1365)
4(1365 1366 1430 1429)
4(1429 1430 1494 1493)
4(1493 1494 1558 1557)
4(1557 1558 1622 1621)
4(1621 1622 1686 1685)
4(1685 1686 1750 1749)
4(1749 1750 1814 1813)
4(1813 1814 1878 1877)
4(1877 1878 1942 1941)
4(1941 1942 2006 2005)
4(2005 2006 2070 2069)
4(2069 2070 2134 2133)
4(1110 1111 1175 1174)
4(1174 1175 1239 1238)
4(1238 1239 1303 1302)
4(1302 1303 1367 1366)
4(1366 1367 1431 1430)
4(1430 1431 1495 1494)
4(1494 1495 1559 1558)
4(1558 1559 1623 1622)
4(1622 1623 1687 1686)
4(1686 1687 1751 1750)
4(1750 1751 1815 1814)
4(1814 1815 1879 1878)
4(1878 1879 1943 1942)
4(1942 1943 2007 2006)
4(2006 2007 2071 2070)
4(2070 2071 2135 2134)
4(1111 1112 1176 1175)
4(1175 1176 1240 1239)
4(1239 1240 1304 1303)
4(1303 1304 1368 1367)
4(1367 1368 1432 1431)
4(1431 1432 1496 1495)
4(1495 1496 1560 1559)
4(1559 1560 1624 1623)
4(1623 1624 1688 1687)
4(1687 1688 1752 1751)
4(1751 1752 1816 1815)
4(1815 1816 1880 1879)
4(1879 1880 1944 1943)
4(1943 1944 2008 2007)
4(2007 2008 2072 2071)
4(2071 2072 2136 2135)
4(1112 1113 1177 1176)
4(1176 1177 1241 1240)
4(1240 1241 1305 1304)
4(1304 1305 1369 1368)
4(1368 1369 1433 1432)
4(1432 1433 1497 1496)
4(1496 1497 1561 1560)
4(1560 1561 1625 1624)
4(1624 1625 1689 1688)
4(1688 1689 1753 1752)
4(1752 1753 1817 1816)
4(1816 1817 1881 1880)
4(1880 1881 1945 1944)
4(1944 1945 2009 2008)
4(2008 2009 2073 2072)
4(2072 2073 2137 2136)
4(1113 1114 1178 1177)
4(1177 1178 1242 1241)
4(1241 1242 1306 1305)
4(1305 1306 1370 1369)
4(1369 1370 1434 1433)
4(1433 1434 1498 1497)
4(1497 1498 1562 1561)
4(1561 1562 1626 1625)
4(1625 1626 1690 1689)
4(1689 1690 1754 1753)
4(1753 1754 1818 1817)
4(1817 1818 1882 1881)
4(1881 1882 1946 1945)
4(1945 1946 2010 2009)
4(2009 2010 2074 2073)
4(2073 2074 2138 2137)
4(1114 1115 1179 1178)
4(1178 1179 1243 1242)
4(1242 1243 1307 1306)
4(1306 1307 1371 1370)
4(1370 1371 1435 1434)
4(1434 1435 1499 1498)
4(1498 1499 1563 1562)
4(1562 1563 1627 1626)
4(1626 1627 1691 1690)
4(1690 1691 1755 1754)
4(1754 1755 1819 1818)
4(1818 1819 1883 1882)
4(1882 1883 1947 1946)
4(1946 1947 2011 2010)
4(2010 2011 2075 2074)
4(2074 2075 2139 2138)
4(1115 1116 1180 1179)
4(1179 1180 1244 1243)
4(1243 1244 1308 1307)
4(1307 1308 1372 1371)
4(1371 1372 1436 1435)
4(1435 1436 1500 1499)
4(1499 1500 1564 1563)
4(1563 1564 1628 1627)
4(1627 1628 1692 1691)
4(1691 1692 1756 1755)
4(1755 1756 1820 1819)
4(1819 1820 1884 1883)
4(1883 1884 1948 1947)
4(1947 1948 2012 2011)
4(2011 2012 2076 2075)
4(2075 2076 2140 2139)
4(1116 1117 1181 1180)
4(1180 1181 1245 1244)
4(1244 1245 1309 1308)
4(1308 1309 1373 1372)
4(1372 1373 1437 1436)
4(1436 1437 1501 1500)
4(1500 1501 1565 1564)
4(1564 1565 1629 1628)
4(1628 1629 1693 1692)
4(1692 1693 1757 1756)
4(1756 1757 1821 1820)
4(1820 1821 1885 1884)
4(1884 1885 1949 1948)
4(1948 1949 2013 2012)
4(2012 2013 2077 2076)
4(2076 2077 2141 2140)
4(1117 1118 1182 1181)
4(1181 1182 1246 1245)
4(1245 1246 1310 1309)
4(1309 1310 1374 1373)
4(1373 1374 1438 1437)
4(1437 1438 1502 1501)
4(1501 1502 1566 1565)
4(1565 1566 1630 1629)
4(1629 1630 1694 1693)
4(1693 1694 1758 1757)
4(1757 1758 1822 1821)
4(1821 1822 1886 1885)
4(1885 1886 1950 1949)
4(1949 1950 2014 2013)
4(2013 2014 2078 2077)
4(2077 2078 2142 2141)
4(1118 1119 1183 1182)
4(1182 1183 1247 1246)
4(1246 1247 1311 1310)
4(1310 1311 1375 1374)
4(1374 1375 1439 1438)
4(1438 1439 1503 1502)
4(1502 1503 1567 1566)
4(1566 1567 1631 1630)
4(1630 1631 1695 1694)
4(1694 1695 1759 1758)
4(1758 1759 1823 1822)
4(1822 1823 1887 1886)
4(1886 1887 1951 1950)
4(1950 1951 2015 2014)
4(2014 2015 2079 2078)
4(2078 2079 2143 2142)
4(1119 1120 1184 1183)
4(1183 1184 1248 1247)
4(1247 1248 1312 1311)
4(1311 1312 1376 1375)
4(1375 1376 1440 1439)
4(1439 1440 1504 1503)
4(1503 1504 1568 1567)
4(1567 1568 1632 1631)
4(1631 1632 1696 1695)
4(1695 1696 1760 1759)
4(1759 1760 1824 1823)
4(1823 1824 1888 1887)
4(1887 1888 1952 1951)
4(1951 1952 2016 2015)
4(2015 2016 2080 2079)
4(2079 2080 2144 2143)
4(1120 1121 1185 1184)
4(1184 1185 1249 1248)
4(1248 1249 1313 1312)
4(1312 1313 1377 1376)
4(1376 1377 1441 1440)
4(1440 1441 1505 1504)
4(1504 1505 1569 1568)
4(1568 1569 1633 1632)
4(1632 1633 1697 1696)
4(1696 1697 1761 1760)
4(1760 1761 1825 1824)
4(1824 1825 1889 1888)
4(1888 1889 1953 1952)
4(1952 1953 2017 2016)
4(2016 2017 2081 2080)
4(2080 2081 2145 2144)
4(1121 1122 1186 1185)
4(1185 1186 1250 1249)
4(1249 1250 1314 1313)
4(1313 1314 1378 1377)
4(1377 1378 1442 1441)
4(1441 1442 1506 1505)
4(1505 1506 1570 1569)
4(1569 1570 1634 1633)
4(1633 1634 1698 1697)
4(1697 1698 1762 1761)
4(1761 1762 1826 1825)
4(1825 1826 1890 1889)
4(1889 1890 1954 1953)
4(1953 1954 2018 2017)
4(2017 2018 2082 2081)
4(2081 2082 2146 2145)
4(1122 1123 1187 1186)
4(1186 1187 1251 1250)
4(1250 1251 1315 1314)
4(1314 1315 1379 1378)
4(1378 1379 1443 1442)
4(1442 1443 1507 1506)
4(1506 1507 1571 1570)
4(1570 1571 1635 1634)
4(1634 1635 1699 1698)
4(1698 1699 1763 1762)
4(1762 1763 1827 1826)
4(1826 1827 1891 1890)
4(1890 1891 1955 1954)
4(1954 1955 2019 2018)
4(2018 2019 2083 2082)
4(2082 2083 2147 2146)
4(1123 1124 1188 1187)
4(1187 1188 1252 1251)
4(1251 1252 1316 1315)
4(1315 1316 1380 1379)
4(1379 1380 1444 1443)
4(1443 1444 1508 1507)
4(1507 1508 1572 1571)
4(1571 1572 1636 1635)
4(1635 1636 1700 1699)
4(1699 1700 1764 1763)
4(1763 1764 1828 1827)
4(1827 1828 1892 1891)
4(1891 1892 1956 1955)
4(1955 1956 2020 2019)
4(2019 2020 2084 2083)
4(2083 2084 2148 2147)
4(1124 1125 1189 1188)
4(1188 1189 1253 1252)
4(1252 1253 1317 1316)
4(1316 1317 1381 1380)
4(1380 1381 1445 1444)
4(1444 1445 1509 1508)
4(1508 1509 1573 1572)
4(1572 1573 1637 1636)
4(1636 1637 1701 1700)
4(1700 1701 1765 1764)
4(1764 1765 1829 1828)
4(1828 1829 1893 1892)
4(1892 1893 1957 1956)
4(1956 1957 2021 2020)
4(2020 2021 2085 2084)
4(2084 2085 2149 2148)
4(1125 1126 1190 1189)
4(1189 1190 1254 1253)
4(1253 1254 1318 1317)
4(1317 1318 1382 1381)
4(1381 1382 1446 1445)
4(1445 1446 1510 1509)
4(1509 1510 1574 1573)
4(1573 1574 1638 1637)
4(1637 1638 1702 1701)
4(1701 1702 1766 1765)
4(1765 1766 1830 1829)
4(1829 1830 1894 1893)
4(1893 1894 1958 1957)
4(1957 1958 2022 2021)
4(2021 2022 2086 2085)
4(2085 2086 2150 2149)
4(1126 1127 1191 1190)
4(1190 1191 1255 1254)
4(1254 1255 1319 1318)
4(1318 1319 1383 1382)
4(1382 1383 1447 1446)
4(1446 1447 1511 1510)
4(1510 1511 1575 1574)
4(1574 1575 1639 1638)
4(1638 1639 1703 1702)
4(1702 1703 1767 1766)
4(1766 1767 1831 1830)
4(1830 1831 1895 1894)
4(1894 1895 1959 1958)
4(1958 1959 2023 2022)
4(2022 2023 2087 2086)
4(2086 2087 2151 2150)
4(1127 1128 1192 1191)
4(1191 1192 1256 1255)
4(1255 1256 1320 1319)
4(1319 1320 1384 1383)
4(1383 1384 1448 1447)
4(1447 1448 1512 1511)
4(1511 1512 1576 1575)
4(1575 1576 1640 1639)
4(1639 1640 1704 1703)
4(1703 1704 1768 1767)
4(1767 1768 1832 1831)
4(1831 1832 1896 1895)
4(1895 1896 1960 1959)
4(1959 1960 2024 2023)
4(2023 2024 2088 2087)
4(2087 2088 2152 2151)
4(1128 1129 1193 1192)
4(1192 1193 1257 1256)
4(1256 1257 1321 1320)
4(1320 1321 1385 1384)
4(1384 1385 1449 1448)
4(1448 1449 1513 1512)
4(1512 1513 1577 1576)
4(1576 1577 1641 1640)
4(1640 1641 1705 1704)
4(1704 1705 1769 1768)
4(1768 1769 1833 1832)
4(1832 1833 1897 1896)
4(1896 1897 1961 1960)
4(1960 1961 2025 2024)
4(2024 2025 2089 2088)
4(2088 2089 2153 2152)
4(1129 1130 1194 1193)
4(1193 1194 1258 1257)
4(1257 1258 1322 1321)
4(1321 1322 1386 1385)
4(1385 1386 1450 1449)
4(1449 1450 1514 1513)
4(1513 1514 1578 1577)
4(1577 1578 1642 1641)
4(1641 1642 1706 1705)
4(1705 1706 1770 1769)
4(1769 1770 1834 1833)
4(1833 1834 1898 1897)
4(1897 1898 1962 1961)
4(1961 1962 2026 2025)
4(2025 2026 2090 2089)
4(2089 2090 2154 2153)
4(1130 1131 1195 1194)
4(1194 1195 1259 1258)
4(1258 1259 1323 1322)
4(1322 1323 1387 1386)
4(1386 1387 1451 1450)
4(1450 1451 1515 1514)
4(1514 1515 1579 1578)
4(1578 1579 1643 1642)
4(1642 1643 1707 1706)
4(1706 1707 1771 1770)
4(1770 1771 1835 1834)
4(1834 1835 1899 1898)
4(1898 1899 1963 1962)
4(1962 1963 2027 2026)
4(2026 2027 2091 2090)
4(2090 2091 2155 2154)
4(1131 1132 1196 1195)
4(1195 1196 1260 1259)
4(1259 1260 1324 1323)
4(1323 1324 1388 1387)
4(1387 1388 1452 1451)
4(1451 1452 1516 1515)
4(1515 1516 1580 1579)
4(1579 1580 1644 1643)
4(1643 1644 1708 1707)
4(1707 1708 1772 1771)
4(1771 1772 1836 1835)
4(1835 1836 1900 1899)
4(1899 1900 1964 1963)
4(1963 1964 2028 2027)
4(2027 2028 2092 2091)
4(2091 2092 2156 2155)
4(1132 1133 1197 1196)
4(1196 1197 1261 1260)
4(1260 1261 1325 1324)
4(1324 1325 1389 1388)
4(1388 1389 1453 1452)
4(1452 1453 1517 1516)
4(1516 1517 1581 1580)
4(1580 1581 1645 1644)
4(1644 1645 1709 1708)
4(1708 1709 1773 1772)
4(1772 1773 1837 1836)
4(1836 1837 1901 1900)
4(1900 1901 1965 1964)
4(1964 1965 2029 2028)
4(2028 2029 2093 2092)
4(2092 2093 2157 2156)
4(1133 1134 1198 1197)
4(1197 1198 1262 1261)
4(1261 1262 1326 1325)
4(1325 1326 1390 1389)
4(1389 1390 1454 1453)
4(1453 1454 1518 1517)
4(1517 1518 1582 1581)
4(1581 1582 1646 1645)
4(1645 1646 1710 1709)
4(1709 1710 1774 1773)
4(1773 1774 1838 1837)
4(1837 1838 1902 1901)
4(1901 1902 1966 1965)
4(1965 1966 2030 2029)
4(2029 2030 2094 2093)
4(2093 2094 2158 2157)
4(1134 1135 1199 1198)
4(1198 1199 1263 1262)
4(1262 1263 1327 1326)
4(1326 1327 1391 1390)
4(1390 1391 1455 1454)
4(1454 1455 1519 1518)
4(1518 1519 1583 1582)
4(1582 1583 1647 1646)
4(1646 1647 1711 1710)
4(1710 1711 1775 1774)
4(1774 1775 1839 1838)
4(1838 1839 1903 1902)
4(1902 1903 1967 1966)
4(1966 1967 2031 2030)
4(2030 2031 2095 2094)
4(2094 2095 2159 2158)
4(1135 1136 1200 1199)
4(1199 1200 1264 1263)
4(1263 1264 1328 1327)
4(1327 1328 1392 1391)
4(1391 1392 1456 1455)
4(1455 1456 1520 1519)
4(1519 1520 1584 1583)
4(1583 1584 1648 1647)
4(1647 1648 1712 1711)
4(1711 1712 1776 1775)
4(1775 1776 1840 1839)
4(1839 1840 1904 1903)
4(1903 1904 1968 1967)
4(1967 1968 2032 2031)
4(2031 2032 2096 2095)
4(2095 2096 2160 2159)
4(1136 1137 1201 1200)
4(1200 1201 1265 1264)
4(1264 1265 1329 1328)
4(1328 1329 1393 1392)
4(1392 1393 1457 1456)
4(1456 1457 1521 1520)
4(1520 1521 1585 1584)
4(1584 1585 1649 1648)
4(1648 1649 1713 1712)
4(1712 1713 1777 1776)
4(1776 1777 1841 1840)
4(1840 1841 1905 1904)
4(1904 1905 1969 1968)
4(1968 1969 2033 2032)
4(2032 2033 2097 2096)
4(2096 2097 2161 2160)
4(1137 1138 1202 1201)
4(1201 1202 1266 1265)
4(1265 1266 1330 1329)
4(1329 1330 1394 1393)
4(1393 1394 1458 1457)
4(1457 1458 1522 1521)
4(1521 1522 1586 1585)
4(1585 1586 1650 1649)
4(1649 1650 1714 1713)
4(1713 1714 1778 1777)
4(1777 1778 1842 1841)
4(1841 1842 1906 1905)
4(1905 1906 1970 1969)
4(1969 1970 2034 2033)
4(2033 2034 2098 2097)
4(2097 2098 2162 2161)
4(1138 1139 1203 1202)
4(1202 1203 1267 1266)
4(1266 1267 1331 1330)
4(1330 1331 1395 1394)
4(1394 1395 1459 1458)
4(1458 1459 1523 1522)
4(1522 1523 1587 1586)
4(1586 1587 1651 1650)
4(1650 1651 1715 1714)
4(1714 1715 1779 1778)
4(1778 1779 1843 1842)
4(1842 1843 1907 1906)
4(1906 1907 1971 1970)
4(1970 1971 2035 2034)
4(2034 2035 2099 2098)
4(2098 2099 2163 2162)
4(1139 1140 1204 1203)
4(1203 1204 1268 1267)
4(1267 1268 1332 1331)
4(1331 1332 1396 1395)
4(1395 1396 1460 1459)
4(1459 1460 1524 1523)
4(1523 1524 1588 1587)
4(1587 1588 1652 1651)
4(1651 1652 1716 1715)
4(1715 1716 1780 1779)
4(1779 1780 1844 1843)
4(1843 1844 1908 1907)
4(1907 1908 1972 1971)
4(1971 1972 2036 2035)
4(2035 2036 2100 2099)
4(2099 2100 2164 2163)
4(1140 1141 1205 1204)
4(1204 1205 1269 1268)
4(1268 1269 1333 1332)
4(1332 1333 1397 1396)
4(1396 1397 1461 1460)
4(1460 1461 1525 1524)
4(1524 1525 1589 1588)
4(1588 1589 1653 1652)
4(1652 1653 1717 1716)
4(1716 1717 1781 1780)
4(1780 1781 1845 1844)
4(1844 1845 1909 1908)
4(1908 1909 1973 1972)
4(1972 1973 2037 2036)
4(2036 2037 2101 2100)
4(2100 2101 2165 2164)
4(1141 1142 1206 1205)
4(1205 1206 1270 1269)
4(1269 1270 1334 1333)
4(1333 1334 1398 1397)
4(1397 1398 1462 1461)
4(1461 1462 1526 1525)
4(1525 1526 1590 1589)
4(1589 1590 1654 1653)
4(1653 1654 1718 1717)
4(1717 1718 1782 1781)
4(1781 1782 1846 1845)
4(1845 1846 1910 1909)
4(1909 1910 1974 1973)
4(1973 1974 2038 2037)
4(2037 2038 2102 2101)
4(2101 2102 2166 2165)
4(1142 1143 1207 1206)
4(1206 1207 1271 1270)
4(1270 1271 1335 1334)
4(1334 1335 1399 1398)
4(1398 1399 1463 1462)
4(1462 1463 1527 1526)
4(1526 1527 1591 1590)
4(1590 1591 1655 1654)
4(1654 1655 1719 1718)
4(1718 1719 1783 1782)
4(1782 1783 1847 1846)
4(1846 1847 1911 1910)
4(1910 1911 1975 1974)
4(1974 1975 2039 2038)
4(2038 2039 2103 2102)
4(2102 2103 2167 2166)
4(1143 1144 1208 1207)
4(1207 1208 1272 1271)
4(1271 1272 1336 1335)
4(1335 1336 1400 1399)
4(1399 1400 1464 1463)
4(1463 1464 1528 1527)
4(1527 1528 1592 1591)
4(1591 1592 1656 1655)
4(1655 1656 1720 1719)
4(1719 1720 1784 1783)
4(1783 1784 1848 1847)
4(1847 1848 1912 1911)
4(1911 1912 1976 1975)
4(1975 1976 2040 2039)
4(2039 2040 2104 2103)
4(2103 2104 2168 2167)
4(1144 1145 1209 1208)
4(1208 1209 1273 1272)
4(1272 1273 1337 1336)
4(1336 1337 1401 1400)
4(1400 1401 1465 1464)
4(1464 1465 1529 1528)
4(1528 1529 1593 1592)
4(1592 1593 1657 1656)
4(1656 1657 1721 1720)
4(1720 1721 1785 1784)
4(1784 1785 1849 1848)
4(1848 1849 1913 1912)
4(1912 1913 1977 1976)
4(1976 1977 2041 2040)
4(2040 2041 2105 2104)
4(2104 2105 2169 2168)
4(1145 1146 1210 1209)
4(1209 1210 1274 1273)
4(1273 1274 1338 1337)
4(1337 1338 1402 1401)
4(1401 1402 1466 1465)
4(1465 1466 1530 1529)
4(1529 1530 1594 1593)
4(1593 1594 1658 1657)
4(1657 1658 1722 1721)
4(1721 1722 1786 1785)
4(1785 1786 1850 1849)
4(1849 1850 1914 1913)
4(1913 1914 1978 1977)
4(1977 1978 2042 2041)
4(2041 2042 2106 2105)
4(2105 2106 2170 2169)
4(1146 1147 1211 1210)
4(1210 1211 1275 1274)
4(1274 1275 1339 1338)
4(1338 1339 1403 1402)
4(1402 1403 1467 1466)
4(1466 1467 1531 1530)
4(1530 1531 1595 1594)
4(1594 1595 1659 1658)
4(1658 1659 1723 1722)
4(1722 1723 1787 1786)
4(1786 1787 1851 1850)
4(1850 1851 1915 1914)
4(1914 1915 1979 1978)
4(1978 1979 2043 2042)
4(2042 2043 2107 2106)
4(2106 2107 2171 2170)
4(1147 1148 1212 1211)
4(1211 1212 1276 1275)
4(1275 1276 1340 1339)
4(1339 1340 1404 1403)
4(1403 1404 1468 1467)
4(1467 1468 1532 1531)
4(1531 1532 1596 1595)
4(1595 1596 1660 1659)
4(1659 1660 1724 1723)
4(1723 1724 1788 1787)
4(1787 1788 1852 1851)
4(1851 1852 1916 1915)
4(1915 1916 1980 1979)
4(1979 1980 2044 2043)
4(2043 2044 2108 2107)
4(2107 2108 2172 2171)
4(1148 1149 1213 1212)
4(1212 1213 1277 1276)
4(1276 1277 1341 1340)
4(1340 1341 1405 1404)
4(1404 1405 1469 1468)
4(1468 1469 1533 1532)
4(1532 1533 1597 1596)
4(1596 1597 1661 1660)
4(1660 1661 1725 1724)
4(1724 1725 1789 1788)
4(1788 1789 1853 1852)
4(1852 1853 1917 1916)
4(1916 1917 1981 1980)
4(1980 1981 2045 2044)
4(2044 2045 2109 2108)
4(2108 2109 2173 2172)
4(1149 1150 1214 1213)
4(1213 1214 1278 1277)
4(1277 1278 1342 1341)
4(1341 1342 1406 1405)
4(1405 1406 1470 1469)
4(1469 1470 1534 1533)
4(1533 1534 1598 1597)
4(1597 1598 1662 1661)
4(1661 1662 1726 1725)
4(1725 1726 1790 1789)
4(1789 1790 1854 1853)
4(1853 1854 1918 1917)
4(1917 1918 1982 1981)
4(1981 1982 2046 2045)
4(2045 2046 2110 2109)
4(2109 2110 2174 2173)
4(1150 1151 1215 1214)
4(1214 1215 1279 1278)
4(1278 1279 1343 1342)
4(1342 1343 1407 1406)
4(1406 1407 1471 1470)
4(1470 1471 1535 1534)
4(1534 1535 1599 1598)
4(1598 1599 1663 1662)
4(1662 1663 1727 1726)
4(1726 1727 1791 1790)
4(1790 1791 1855 1854)
4(1854 1855 1919 1918)
4(1918 1919 1983 1982)
4(1982 1983 2047 2046)
4(2046 2047 2111 2110)
4(2110 2111 2175 2174)
4(0 1 1089 1088)
4(1 2 1090 1089)
4(2 3 1091 1090)
4(3 4 1092 1091)
4(4 5 1093 1092)
4(5 6 1094 1093)
4(6 7 1095 1094)
4(7 8 1096 1095)
4(8 9 1097 1096)
4(9 10 1098 1097)
4(10 11 1099 1098)
4(11 12 1100 1099)
4(12 13 1101 1100)
4(13 14 1102 1101)
4(14 15 1103 1102)
4(15 16 1104 1103)
4(16 17 1105 1104)
4(17 18 1106 1105)
4(18 19 1107 1106)
4(19 20 1108 1107)
4(20 21 1109 1108)
4(21 22 1110 1109)
4(22 23 1111 1110)
4(23 24 1112 1111)
4(24 25 1113 1112)
4(25 26 1114 1113)
4(26 27 1115 1114)
4(27 28 1116 1115)
4(28 29 1117 1116)
4(29 30 1118 1117)
4(30 31 1119 1118)
4(31 32 1120 1119)
4(32 33 1121 1120)
4(33 34 1122 1121)
4(34 35 1123 1122)
4(35 36 1124 1123)
4(36 37 1125 1124)
4(37 38 1126 1125)
4(38 39 1127 1126)
4(39 40 1128 1127)
4(40 41 1129 1128)
4(41 42 1130 1129)
4(42 43 1131 1130)
4(43 44 1132 1131)
4(44 45 1133 1132)
4(45 46 1134 1133)
4(46 47 1135 1134)
4(47 48 1136 1135)
4(48 49 1137 1136)
4(49 50 1138 1137)
4(50 51 1139 1138)
4(51 52 1140 1139)
4(52 53 1141 1140)
4(53 54 1142 1141)
4(54 55 1143 1142)
4(55 56 1144 1143)
4(56 57 1145 1144)
4(57 58 1146 1145)
4(58 59 1147 1146)
4(59 60 1148 1147)
4(60 61 1149 1148)
4(61 62 1150 1149)
4(62 63 1151 1150)
4(0 1088 1152 64)
4(64 1152 1216 128)
4(128 1216 1280 192)
4(192 1280 1344 256)
4(256 1344 1408 320)
4(320 1408 1472 384)
4(384 1472 1536 448)
4(448 1536 1600 512)
4(512 1600 1664 576)
4(576 1664 1728 640)
4(640 1728 1792 704)
4(704 1792 1856 768)
4(768 1856 1920 832)
4(832 1920 1984 896)
4(896 1984 2048 960)
4(960 2048 2112 1024)
)


// ************************************************************************* //
