/*--------------------------------*- C++ -*----------------------------------*\
  =========                 |
  \\      /  F ield         | OpenFOAM: The Open Source CFD Toolbox
   \\    /   O peration     | Website:  https://openfoam.org
    \\  /    A nd           | Version:  7
     \\/     M anipulation  |
\*---------------------------------------------------------------------------*/
FoamFile
{
    version     2.0;
    format      ascii;
    class       volVectorField;
    location    "3.5";
    object      U;
}
// * * * * * * * * * * * * * * * * * * * * * * * * * * * * * * * * * * * * * //

dimensions      [0 1 -1 0 0 0 0];

internalField   nonuniform List<vector> 
2413
(
(1.37007 -0.042051 0)
(1.37135 -0.0425288 0)
(1.37246 -0.0430769 0)
(1.37308 -0.0436227 0)
(1.37304 -0.0441004 0)
(1.37366 -0.0444659 0)
(1.37488 -0.0447223 0)
(1.3762 -0.0449877 0)
(1.37756 -0.0453785 0)
(1.37891 -0.0459116 0)
(1.38015 -0.0465276 0)
(1.38114 -0.0471942 0)
(1.38138 -0.0479552 0)
(1.38143 -0.048636 0)
(1.38256 -0.0489247 0)
(1.38383 -0.0490858 0)
(1.38526 -0.0493277 0)
(1.38698 -0.0497484 0)
(1.38865 -0.0503466 0)
(1.39024 -0.051146 0)
(1.39172 -0.05219 0)
(1.39297 -0.0531072 0)
(1.39393 -0.053819 0)
(1.39447 -0.0544376 0)
(1.39531 -0.0548733 0)
(1.39657 -0.0550831 0)
(1.39788 -0.0553085 0)
(1.39923 -0.0557123 0)
(1.40061 -0.0562373 0)
(1.40207 -0.0569007 0)
(1.40351 -0.0576522 0)
(1.40482 -0.05826 0)
(1.40604 -0.0586868 0)
(1.4071 -0.0590298 0)
(1.40762 -0.0594009 0)
(1.40753 -0.0598093 0)
(1.40855 -0.0600939 0)
(1.40987 -0.0604139 0)
(1.41123 -0.0611966 0)
(1.41278 -0.0626295 0)
(1.41475 -0.0646574 0)
(1.41632 -0.0660072 0)
(1.41765 -0.0663324 0)
(1.41886 -0.0664898 0)
(1.41992 -0.0665785 0)
(1.42078 -0.0666038 0)
(1.42126 -0.0666713 0)
(1.42121 -0.0669949 0)
(1.4217 -0.0675823 0)
(1.4229 -0.0680464 0)
(1.42416 -0.0685252 0)
(1.42538 -0.0691305 0)
(1.42634 -0.070078 0)
(1.42708 -0.0711702 0)
(1.42811 -0.0718137 0)
(1.42935 -0.0722058 0)
(1.43063 -0.0725511 0)
(1.43194 -0.0729126 0)
(1.29829 -0.0160163 0)
(1.29898 -0.0160023 0)
(1.29995 -0.0161382 0)
(1.30099 -0.0163538 0)
(1.30204 -0.016544 0)
(1.30313 -0.01677 0)
(1.30417 -0.0170323 0)
(1.30506 -0.0172677 0)
(1.30575 -0.0175455 0)
(1.30651 -0.017782 0)
(1.30746 -0.0178773 0)
(1.30848 -0.0179327 0)
(1.30945 -0.0180312 0)
(1.31021 -0.0182902 0)
(1.31112 -0.0186972 0)
(1.31222 -0.0190905 0)
(1.31329 -0.0194256 0)
(1.31431 -0.0196284 0)
(1.31527 -0.019764 0)
(1.31613 -0.0199159 0)
(1.31686 -0.0201545 0)
(1.31758 -0.0205055 0)
(1.31855 -0.0208539 0)
(1.31974 -0.021076 0)
(1.32094 -0.0212948 0)
(1.32212 -0.0215424 0)
(1.32325 -0.0218143 0)
(1.32434 -0.0220979 0)
(1.32533 -0.0224066 0)
(1.32609 -0.0228033 0)
(1.32697 -0.0231946 0)
(1.32811 -0.023407 0)
(1.32931 -0.0235885 0)
(1.33049 -0.0237332 0)
(1.33166 -0.0238547 0)
(1.33284 -0.0239977 0)
(1.33399 -0.0241553 0)
(1.33505 -0.0243238 0)
(1.33572 -0.0245466 0)
(1.33549 -0.0248416 0)
(1.33574 -0.0250639 0)
(1.33676 -0.0251274 0)
(1.33782 -0.025194 0)
(1.33899 -0.0253414 0)
(1.34009 -0.0255305 0)
(1.34118 -0.025801 0)
(1.34222 -0.0261588 0)
(1.34309 -0.0265511 0)
(1.34334 -0.0269936 0)
(1.34282 -0.0274944 0)
(1.34339 -0.0278112 0)
(1.34452 -0.0279644 0)
(1.34569 -0.0281734 0)
(1.34692 -0.0284953 0)
(1.34824 -0.0288991 0)
(1.34955 -0.0293118 0)
(1.35077 -0.0296326 0)
(1.35196 -0.0299016 0)
(1.3531 -0.0301736 0)
(1.35416 -0.0304813 0)
(1.35493 -0.0308874 0)
(1.35503 -0.0315512 0)
(1.35552 -0.0323134 0)
(1.35673 -0.0328037 0)
(1.358 -0.0332359 0)
(1.35929 -0.0335878 0)
(1.36056 -0.0338684 0)
(1.3618 -0.0341438 0)
(1.36297 -0.0344397 0)
(1.36398 -0.0347779 0)
(1.36446 -0.0352678 0)
(1.36481 -0.035921 0)
(1.36592 -0.0363957 0)
(1.36715 -0.0367725 0)
(1.3684 -0.0371353 0)
(1.36961 -0.0374574 0)
(1.37076 -0.0377538 0)
(1.37176 -0.0380422 0)
(1.37228 -0.0383484 0)
(1.37229 -0.0387754 0)
(1.37309 -0.039238 0)
(1.37436 -0.0396299 0)
(1.37569 -0.040199 0)
(1.37694 -0.0408054 0)
(1.37808 -0.0412505 0)
(1.37901 -0.0415845 0)
(1.37927 -0.0418823 0)
(1.37915 -0.0422053 0)
(1.38014 -0.0425235 0)
(1.38139 -0.0428692 0)
(1.38281 -0.0434871 0)
(1.38458 -0.0445696 0)
(1.38645 -0.0459325 0)
(1.3878 -0.0466746 0)
(1.38898 -0.0470576 0)
(1.3899 -0.0473693 0)
(1.39067 -0.0476196 0)
(1.3918 -0.0477332 0)
(1.39303 -0.0477697 0)
(1.3943 -0.0478213 0)
(1.39564 -0.0480062 0)
(1.39693 -0.0483409 0)
(1.39828 -0.0489115 0)
(1.3998 -0.0498663 0)
(1.40122 -0.0509017 0)
(1.40245 -0.0516151 0)
(1.40349 -0.0521061 0)
(1.40401 -0.0525512 0)
(1.40416 -0.0531723 0)
(1.40517 -0.0537786 0)
(1.40638 -0.0545017 0)
(1.40778 -0.0556936 0)
(1.40958 -0.0571675 0)
(1.41125 -0.0581854 0)
(1.41256 -0.0584608 0)
(1.41378 -0.0585996 0)
(1.4149 -0.0586629 0)
(1.41594 -0.0586823 0)
(1.41679 -0.0587417 0)
(1.41706 -0.0589392 0)
(1.41695 -0.0593871 0)
(1.41786 -0.0598279 0)
(1.41912 -0.0601532 0)
(1.42056 -0.0607656 0)
(1.42209 -0.0617948 0)
(1.42337 -0.0627375 0)
(1.4244 -0.0634293 0)
(1.42487 -0.0639947 0)
(1.4249 -0.0645534 0)
(1.42576 -0.0650224 0)
(1.427 -0.0653797 0)
(1.42836 -0.0658054 0)
(1.29977 -0.0132584 0)
(1.30074 -0.0133062 0)
(1.30179 -0.0133988 0)
(1.30286 -0.0135208 0)
(1.30395 -0.0136435 0)
(1.30497 -0.0138092 0)
(1.30581 -0.0140077 0)
(1.30638 -0.0141902 0)
(1.30687 -0.0143468 0)
(1.30762 -0.0144413 0)
(1.30858 -0.0145042 0)
(1.3096 -0.0145901 0)
(1.31062 -0.0147368 0)
(1.31162 -0.0149496 0)
(1.31261 -0.0151597 0)
(1.31356 -0.0153457 0)
(1.31442 -0.0155223 0)
(1.31506 -0.0157085 0)
(1.31549 -0.0159062 0)
(1.31607 -0.0161033 0)
(1.31693 -0.0162863 0)
(1.31803 -0.0164009 0)
(1.3192 -0.016456 0)
(1.32036 -0.0165357 0)
(1.32149 -0.0166575 0)
(1.32256 -0.0168379 0)
(1.3235 -0.0170785 0)
(1.32417 -0.0173879 0)
(1.32495 -0.0176825 0)
(1.32599 -0.0178424 0)
(1.32707 -0.0179579 0)
(1.32827 -0.0180934 0)
(1.32965 -0.0182725 0)
(1.33081 -0.0184217 0)
(1.33193 -0.0185445 0)
(1.33301 -0.0186788 0)
(1.33399 -0.0188242 0)
(1.33457 -0.0190178 0)
(1.33413 -0.0193467 0)
(1.33408 -0.0196537 0)
(1.33501 -0.0197333 0)
(1.33602 -0.0197866 0)
(1.33705 -0.0198382 0)
(1.33807 -0.0198804 0)
(1.33907 -0.0200094 0)
(1.33998 -0.0202957 0)
(1.34049 -0.0207773 0)
(1.34026 -0.0214008 0)
(1.34044 -0.0219264 0)
(1.34145 -0.0221391 0)
(1.34256 -0.0222371 0)
(1.34368 -0.0223733 0)
(1.3447 -0.0225995 0)
(1.34568 -0.0229464 0)
(1.34677 -0.0233243 0)
(1.34789 -0.0237195 0)
(1.34897 -0.0241056 0)
(1.34998 -0.0244439 0)
(1.35084 -0.0247519 0)
(1.35141 -0.0251232 0)
(1.35176 -0.0257127 0)
(1.35255 -0.0264013 0)
(1.35376 -0.0269243 0)
(1.35508 -0.0275189 0)
(1.35633 -0.027951 0)
(1.35755 -0.0281939 0)
(1.35877 -0.0284075 0)
(1.35998 -0.0286658 0)
(1.36115 -0.0289781 0)
(1.36217 -0.029359 0)
(1.36274 -0.0300049 0)
(1.36324 -0.0307879 0)
(1.36425 -0.0312159 0)
(1.36538 -0.0314634 0)
(1.36655 -0.0316961 0)
(1.36776 -0.0319564 0)
(1.36898 -0.0322845 0)
(1.37017 -0.0327134 0)
(1.37125 -0.0331865 0)
(1.37213 -0.0335882 0)
(1.37262 -0.0338872 0)
(1.3728 -0.0341886 0)
(1.37342 -0.0345283 0)
(1.37441 -0.0348262 0)
(1.37547 -0.0350764 0)
(1.37643 -0.0353439 0)
(1.37693 -0.0358309 0)
(1.37729 -0.0366864 0)
(1.37814 -0.0376291 0)
(1.3792 -0.0385677 0)
(1.38048 -0.0392171 0)
(1.38188 -0.0396211 0)
(1.38345 -0.0400006 0)
(1.38481 -0.0402416 0)
(1.38602 -0.0403456 0)
(1.3872 -0.0404179 0)
(1.3884 -0.0404523 0)
(1.38962 -0.040477 0)
(1.39091 -0.0405689 0)
(1.39222 -0.0407812 0)
(1.39352 -0.0411461 0)
(1.39492 -0.0417833 0)
(1.39646 -0.0428493 0)
(1.39784 -0.0440818 0)
(1.39896 -0.0449934 0)
(1.39976 -0.0456898 0)
(1.39997 -0.0464448 0)
(1.40048 -0.0472305 0)
(1.40157 -0.0478375 0)
(1.4028 -0.0484996 0)
(1.40426 -0.0492733 0)
(1.40591 -0.0500047 0)
(1.40728 -0.050405 0)
(1.40851 -0.0506307 0)
(1.40968 -0.0507953 0)
(1.4108 -0.0508898 0)
(1.41185 -0.0509635 0)
(1.41273 -0.0511039 0)
(1.41312 -0.05144 0)
(1.41325 -0.052071 0)
(1.4142 -0.0526746 0)
(1.41546 -0.053225 0)
(1.41691 -0.0540647 0)
(1.41848 -0.0551293 0)
(1.4198 -0.0558457 0)
(1.42099 -0.0562838 0)
(1.42202 -0.0566419 0)
(1.42261 -0.0570052 0)
(1.4222 -0.0575178 0)
(1.4223 -0.0582086 0)
(1.42349 -0.0587294 0)
(1.42488 -0.0593211 0)
(1.30077 -0.00848654 0)
(1.30177 -0.00853659 0)
(1.30282 -0.00859639 0)
(1.30392 -0.00869595 0)
(1.30499 -0.0087851 0)
(1.30594 -0.00886425 0)
(1.30649 -0.00896328 0)
(1.3065 -0.00912224 0)
(1.30702 -0.00926101 0)
(1.30801 -0.00932596 0)
(1.30905 -0.00938483 0)
(1.31015 -0.009504 0)
(1.31123 -0.00965055 0)
(1.31228 -0.00980906 0)
(1.31328 -0.0100032 0)
(1.31409 -0.0102439 0)
(1.31434 -0.0105656 0)
(1.31422 -0.0109429 0)
(1.31493 -0.0111869 0)
(1.31599 -0.0112934 0)
(1.31713 -0.0113505 0)
(1.31833 -0.011438 0)
(1.31951 -0.0115681 0)
(1.32064 -0.0117202 0)
(1.32169 -0.011928 0)
(1.32256 -0.0122225 0)
(1.32318 -0.012604 0)
(1.32407 -0.0128873 0)
(1.32512 -0.0130467 0)
(1.32622 -0.0132262 0)
(1.32747 -0.0134346 0)
(1.32895 -0.0136815 0)
(1.33014 -0.0138912 0)
(1.33121 -0.0140619 0)
(1.33224 -0.0142747 0)
(1.33311 -0.0145174 0)
(1.33343 -0.0148436 0)
(1.33283 -0.0153293 0)
(1.33312 -0.0156951 0)
(1.33407 -0.015787 0)
(1.33511 -0.0159382 0)
(1.3361 -0.0160483 0)
(1.33707 -0.0161163 0)
(1.33799 -0.0162299 0)
(1.33868 -0.016437 0)
(1.33859 -0.0168733 0)
(1.33835 -0.0175597 0)
(1.33922 -0.0180086 0)
(1.34033 -0.0182328 0)
(1.34147 -0.0183917 0)
(1.34257 -0.0185038 0)
(1.34365 -0.0186436 0)
(1.34467 -0.0188589 0)
(1.34558 -0.0191903 0)
(1.34632 -0.0196096 0)
(1.34697 -0.0199629 0)
(1.34754 -0.0202935 0)
(1.34793 -0.0206716 0)
(1.34852 -0.0210379 0)
(1.34942 -0.0213534 0)
(1.35044 -0.0217145 0)
(1.3516 -0.0221553 0)
(1.35283 -0.0227221 0)
(1.354 -0.0231653 0)
(1.35513 -0.0233943 0)
(1.35627 -0.0235602 0)
(1.3574 -0.0237457 0)
(1.35854 -0.0239939 0)
(1.35962 -0.0242953 0)
(1.36055 -0.0247039 0)
(1.36109 -0.0253754 0)
(1.36179 -0.0259399 0)
(1.36283 -0.0262 0)
(1.36393 -0.0263897 0)
(1.36506 -0.0266012 0)
(1.36623 -0.0268438 0)
(1.36745 -0.0271789 0)
(1.3687 -0.0276709 0)
(1.36987 -0.0281551 0)
(1.37096 -0.0284995 0)
(1.37193 -0.0287103 0)
(1.37269 -0.0288081 0)
(1.3729 -0.0289538 0)
(1.37244 -0.0294805 0)
(1.37262 -0.0303628 0)
(1.37353 -0.031185 0)
(1.37448 -0.0319534 0)
(1.3754 -0.0327024 0)
(1.3763 -0.0330885 0)
(1.37734 -0.0331784 0)
(1.37846 -0.0331934 0)
(1.37961 -0.0332145 0)
(1.38081 -0.0332855 0)
(1.3822 -0.0334508 0)
(1.3839 -0.0336696 0)
(1.3855 -0.0338801 0)
(1.38689 -0.0340738 0)
(1.38821 -0.0342941 0)
(1.3895 -0.0346315 0)
(1.39081 -0.0352568 0)
(1.39222 -0.0363226 0)
(1.39354 -0.0376968 0)
(1.39461 -0.0387964 0)
(1.39543 -0.0395409 0)
(1.39578 -0.0401414 0)
(1.3959 -0.040701 0)
(1.39677 -0.0410528 0)
(1.39791 -0.041221 0)
(1.3991 -0.0413865 0)
(1.40042 -0.0416278 0)
(1.40191 -0.0420174 0)
(1.40332 -0.0425264 0)
(1.40463 -0.0430521 0)
(1.40582 -0.0434636 0)
(1.40695 -0.0437406 0)
(1.408 -0.0439797 0)
(1.4088 -0.0442906 0)
(1.40915 -0.0448386 0)
(1.40981 -0.045573 0)
(1.41099 -0.0461918 0)
(1.41231 -0.0469429 0)
(1.41364 -0.0478182 0)
(1.41484 -0.0484431 0)
(1.41597 -0.0488651 0)
(1.41704 -0.0492073 0)
(1.41807 -0.0495289 0)
(1.41904 -0.0498795 0)
(1.41969 -0.0503485 0)
(1.41943 -0.0511679 0)
(1.4197 -0.0522272 0)
(1.42092 -0.053075 0)
(1.42217 -0.0540609 0)
(1.30248 -0.00475873 0)
(1.3035 -0.00496551 0)
(1.30458 -0.00516308 0)
(1.30565 -0.00528621 0)
(1.30664 -0.00537769 0)
(1.30736 -0.00549178 0)
(1.30744 -0.00566394 0)
(1.30757 -0.0058203 0)
(1.30846 -0.00588857 0)
(1.30945 -0.00593291 0)
(1.31052 -0.00604552 0)
(1.31161 -0.00621913 0)
(1.31264 -0.00637839 0)
(1.31362 -0.00654866 0)
(1.31443 -0.00674939 0)
(1.31464 -0.00701271 0)
(1.31419 -0.00733379 0)
(1.3147 -0.00753492 0)
(1.31571 -0.00761676 0)
(1.31681 -0.00769473 0)
(1.31801 -0.00784425 0)
(1.31917 -0.00800608 0)
(1.32024 -0.00812802 0)
(1.32124 -0.00828449 0)
(1.32202 -0.00850689 0)
(1.32252 -0.0087923 0)
(1.32337 -0.00898052 0)
(1.32437 -0.00907563 0)
(1.32542 -0.00919459 0)
(1.3266 -0.00929865 0)
(1.32797 -0.00939197 0)
(1.32903 -0.00948816 0)
(1.33003 -0.00960877 0)
(1.33097 -0.00980268 0)
(1.33174 -0.0100354 0)
(1.33185 -0.0103437 0)
(1.33118 -0.0107443 0)
(1.33165 -0.0109541 0)
(1.33258 -0.0109955 0)
(1.33359 -0.0110917 0)
(1.33457 -0.0111958 0)
(1.3355 -0.0112641 0)
(1.33639 -0.0113706 0)
(1.337 -0.0115344 0)
(1.33675 -0.0118563 0)
(1.3366 -0.0122745 0)
(1.3375 -0.0124774 0)
(1.33855 -0.0126285 0)
(1.33967 -0.0128953 0)
(1.34076 -0.0131377 0)
(1.34179 -0.0132829 0)
(1.34281 -0.0134082 0)
(1.34377 -0.01356 0)
(1.3446 -0.0137839 0)
(1.34498 -0.014149 0)
(1.34456 -0.0147272 0)
(1.34454 -0.0153196 0)
(1.3455 -0.0156326 0)
(1.3466 -0.0158076 0)
(1.34782 -0.0160378 0)
(1.34904 -0.0163359 0)
(1.35018 -0.0166275 0)
(1.35133 -0.0170002 0)
(1.35248 -0.0174532 0)
(1.35361 -0.0178646 0)
(1.35468 -0.0181818 0)
(1.35571 -0.0184592 0)
(1.35667 -0.0187681 0)
(1.35757 -0.0191329 0)
(1.35842 -0.0195817 0)
(1.35932 -0.0201393 0)
(1.36041 -0.0206238 0)
(1.36156 -0.020993 0)
(1.36272 -0.021258 0)
(1.36386 -0.0214642 0)
(1.36502 -0.0216919 0)
(1.3662 -0.0220237 0)
(1.36745 -0.0225356 0)
(1.36866 -0.0231332 0)
(1.36976 -0.0236223 0)
(1.37074 -0.0240238 0)
(1.37141 -0.0244419 0)
(1.37109 -0.0249744 0)
(1.37017 -0.0255677 0)
(1.37059 -0.0259567 0)
(1.37156 -0.026183 0)
(1.37254 -0.026387 0)
(1.3735 -0.0265935 0)
(1.37458 -0.0267297 0)
(1.37569 -0.0268374 0)
(1.37685 -0.0269817 0)
(1.37812 -0.027167 0)
(1.37962 -0.0273996 0)
(1.38146 -0.0277445 0)
(1.38312 -0.0282038 0)
(1.38458 -0.0287152 0)
(1.38595 -0.0293384 0)
(1.38723 -0.0300421 0)
(1.3884 -0.0307694 0)
(1.38943 -0.0314912 0)
(1.39027 -0.0321612 0)
(1.39092 -0.0327267 0)
(1.39137 -0.0331724 0)
(1.39156 -0.0335721 0)
(1.39205 -0.0339014 0)
(1.39308 -0.0340427 0)
(1.3942 -0.0341206 0)
(1.39537 -0.034257 0)
(1.39662 -0.0345011 0)
(1.39805 -0.0349038 0)
(1.39962 -0.035491 0)
(1.40103 -0.0360919 0)
(1.40226 -0.0365923 0)
(1.4034 -0.037024 0)
(1.4044 -0.0374446 0)
(1.40498 -0.0380117 0)
(1.40536 -0.0387978 0)
(1.40644 -0.0393676 0)
(1.40769 -0.0398783 0)
(1.40896 -0.040422 0)
(1.41015 -0.0408358 0)
(1.4113 -0.0411945 0)
(1.41238 -0.0415474 0)
(1.41334 -0.0419128 0)
(1.41401 -0.0423985 0)
(1.41433 -0.0432287 0)
(1.41501 -0.0443091 0)
(1.41605 -0.0453904 0)
(1.41711 -0.0464607 0)
(1.41813 -0.047297 0)
(1.41906 -0.0478743 0)
(1.41968 -0.0483539 0)
(1.3038 -0.000409385 0)
(1.30482 -0.000512095 0)
(1.30583 -0.000550076 0)
(1.30679 -0.000569254 0)
(1.30752 -0.00059217 0)
(1.30765 -0.000655752 0)
(1.30749 -0.000743876 0)
(1.30818 -0.000776314 0)
(1.3091 -0.000794212 0)
(1.31007 -0.000828364 0)
(1.31107 -0.000928877 0)
(1.31206 -0.0010714 0)
(1.313 -0.00122974 0)
(1.31377 -0.00142447 0)
(1.3139 -0.00171098 0)
(1.31327 -0.00210414 0)
(1.31372 -0.00235268 0)
(1.31471 -0.00243981 0)
(1.31579 -0.00253216 0)
(1.31696 -0.00269412 0)
(1.31805 -0.00283752 0)
(1.31906 -0.00295308 0)
(1.31996 -0.00310864 0)
(1.32056 -0.00333305 0)
(1.32092 -0.00362657 0)
(1.32177 -0.00380947 0)
(1.32274 -0.00391927 0)
(1.32377 -0.00405249 0)
(1.32494 -0.00418012 0)
(1.32628 -0.00432949 0)
(1.32729 -0.00447575 0)
(1.32824 -0.00463706 0)
(1.32912 -0.00486411 0)
(1.32969 -0.0051642 0)
(1.32938 -0.00563756 0)
(1.32917 -0.00616195 0)
(1.33 -0.00635671 0)
(1.33095 -0.00645205 0)
(1.33208 -0.006652 0)
(1.33318 -0.00688265 0)
(1.33412 -0.00702782 0)
(1.33504 -0.00718539 0)
(1.33584 -0.00737431 0)
(1.33614 -0.00764927 0)
(1.33588 -0.0080563 0)
(1.33653 -0.00835708 0)
(1.33753 -0.00856089 0)
(1.33861 -0.00886335 0)
(1.33968 -0.00916719 0)
(1.34068 -0.00936414 0)
(1.34165 -0.00950795 0)
(1.34258 -0.00963977 0)
(1.34341 -0.00980254 0)
(1.34383 -0.0100919 0)
(1.34329 -0.0106559 0)
(1.34302 -0.0113067 0)
(1.34392 -0.0116086 0)
(1.34499 -0.0117565 0)
(1.34619 -0.0119149 0)
(1.34742 -0.012088 0)
(1.34854 -0.0122534 0)
(1.34964 -0.0125122 0)
(1.35072 -0.0129064 0)
(1.35173 -0.0132936 0)
(1.35265 -0.0136135 0)
(1.35342 -0.0139924 0)
(1.35427 -0.0143697 0)
(1.35528 -0.0146305 0)
(1.35632 -0.0148878 0)
(1.35734 -0.0152466 0)
(1.35841 -0.0156926 0)
(1.35957 -0.0160805 0)
(1.36072 -0.0163831 0)
(1.36184 -0.0165979 0)
(1.36295 -0.0168118 0)
(1.36408 -0.0171094 0)
(1.36525 -0.0175661 0)
(1.36636 -0.0180713 0)
(1.36736 -0.0184517 0)
(1.36825 -0.0187382 0)
(1.36889 -0.0190029 0)
(1.36869 -0.0193243 0)
(1.36772 -0.0197232 0)
(1.3681 -0.0199783 0)
(1.3691 -0.0201073 0)
(1.37017 -0.0202637 0)
(1.37126 -0.0205189 0)
(1.37239 -0.0207996 0)
(1.37357 -0.0210585 0)
(1.37483 -0.0213456 0)
(1.37622 -0.0217167 0)
(1.37786 -0.0222386 0)
(1.37973 -0.0229552 0)
(1.38126 -0.0236343 0)
(1.38251 -0.0240803 0)
(1.38362 -0.0244183 0)
(1.3846 -0.0247302 0)
(1.38542 -0.0250371 0)
(1.38602 -0.0253596 0)
(1.38647 -0.025728 0)
(1.387 -0.0261278 0)
(1.38766 -0.0265285 0)
(1.38828 -0.026965 0)
(1.38901 -0.0274122 0)
(1.39004 -0.0277266 0)
(1.39116 -0.0279844 0)
(1.39233 -0.0282702 0)
(1.39358 -0.0285704 0)
(1.39496 -0.0289107 0)
(1.39644 -0.029335 0)
(1.39778 -0.0297852 0)
(1.39901 -0.0302377 0)
(1.40015 -0.0307266 0)
(1.40113 -0.0312596 0)
(1.40163 -0.0319669 0)
(1.40185 -0.0328238 0)
(1.40287 -0.0332667 0)
(1.40408 -0.0336038 0)
(1.40533 -0.0339766 0)
(1.40651 -0.0342467 0)
(1.40767 -0.0345152 0)
(1.4088 -0.0348397 0)
(1.40984 -0.0352451 0)
(1.41052 -0.035848 0)
(1.41021 -0.0369853 0)
(1.41055 -0.0382578 0)
(1.41177 -0.0391118 0)
(1.41316 -0.0401193 0)
(1.41438 -0.0408729 0)
(1.41549 -0.0413784 0)
(1.41648 -0.0417987 0)
(1.41718 -0.0421902 0)
(1.30486 0.00407448 0)
(1.30588 0.00399846 0)
(1.30685 0.00395267 0)
(1.30766 0.00389024 0)
(1.30795 0.00378979 0)
(1.30771 0.00364093 0)
(1.30827 0.00355078 0)
(1.30916 0.0034952 0)
(1.31013 0.00341183 0)
(1.31113 0.00325653 0)
(1.31211 0.00305096 0)
(1.31305 0.0028144 0)
(1.31379 0.00252315 0)
(1.31389 0.00210813 0)
(1.31323 0.00155527 0)
(1.31368 0.00122071 0)
(1.31466 0.00111754 0)
(1.31573 0.000983966 0)
(1.3168 0.000863326 0)
(1.31779 0.000797968 0)
(1.31872 0.000709232 0)
(1.31948 0.000572318 0)
(1.31977 0.00034803 0)
(1.32003 6.92796e-05 0)
(1.32087 -7.63272e-05 0)
(1.3218 -0.000174226 0)
(1.32279 -0.000300049 0)
(1.32391 -0.000434916 0)
(1.32515 -0.000596032 0)
(1.3261 -0.000733541 0)
(1.32699 -0.000893516 0)
(1.3278 -0.0011223 0)
(1.32831 -0.00142587 0)
(1.32793 -0.00186568 0)
(1.32781 -0.00226633 0)
(1.32865 -0.00237431 0)
(1.32958 -0.0024661 0)
(1.33066 -0.00259537 0)
(1.33183 -0.00270381 0)
(1.33276 -0.00276535 0)
(1.33367 -0.00284293 0)
(1.33456 -0.00297346 0)
(1.33532 -0.00314721 0)
(1.33564 -0.0033775 0)
(1.33557 -0.00365284 0)
(1.33626 -0.00386205 0)
(1.3372 -0.00400515 0)
(1.33814 -0.00415492 0)
(1.33907 -0.00429151 0)
(1.33998 -0.0043982 0)
(1.34087 -0.00448886 0)
(1.34169 -0.00459225 0)
(1.34218 -0.00476649 0)
(1.34176 -0.00512981 0)
(1.3414 -0.00561453 0)
(1.34219 -0.00588547 0)
(1.3432 -0.00606832 0)
(1.34429 -0.00629323 0)
(1.34537 -0.00645618 0)
(1.34642 -0.00656871 0)
(1.34745 -0.00671959 0)
(1.34842 -0.00697202 0)
(1.34926 -0.00735448 0)
(1.35004 -0.00777825 0)
(1.35081 -0.00816981 0)
(1.35166 -0.00854072 0)
(1.35268 -0.00881583 0)
(1.35377 -0.00908321 0)
(1.35486 -0.00942873 0)
(1.35594 -0.0098321 0)
(1.35705 -0.0102341 0)
(1.3582 -0.0106098 0)
(1.35937 -0.0109631 0)
(1.3605 -0.0112624 0)
(1.36159 -0.0115199 0)
(1.36265 -0.0117825 0)
(1.36366 -0.012063 0)
(1.36462 -0.0123436 0)
(1.36545 -0.0126205 0)
(1.3659 -0.0129509 0)
(1.36545 -0.0134646 0)
(1.36535 -0.014057 0)
(1.36628 -0.014379 0)
(1.36732 -0.014638 0)
(1.36839 -0.0150601 0)
(1.36951 -0.0155791 0)
(1.37069 -0.0159836 0)
(1.37193 -0.016279 0)
(1.37326 -0.0165664 0)
(1.37479 -0.0169374 0)
(1.37652 -0.0174305 0)
(1.3779 -0.0178437 0)
(1.37904 -0.0180792 0)
(1.38008 -0.0182867 0)
(1.381 -0.0184964 0)
(1.38175 -0.0187173 0)
(1.38201 -0.0190316 0)
(1.382 -0.0195523 0)
(1.38279 -0.020052 0)
(1.38386 -0.020455 0)
(1.38496 -0.0209273 0)
(1.38599 -0.0214053 0)
(1.38691 -0.0218686 0)
(1.38775 -0.0223322 0)
(1.38878 -0.0226361 0)
(1.3899 -0.0228025 0)
(1.39107 -0.0229502 0)
(1.39232 -0.0231386 0)
(1.39356 -0.0233835 0)
(1.39477 -0.0237009 0)
(1.39599 -0.0241723 0)
(1.39714 -0.0247521 0)
(1.39815 -0.0253185 0)
(1.39882 -0.0259034 0)
(1.39876 -0.0265856 0)
(1.39931 -0.0270501 0)
(1.40039 -0.0272556 0)
(1.40155 -0.027541 0)
(1.40274 -0.0278619 0)
(1.40393 -0.0281971 0)
(1.40514 -0.028637 0)
(1.40629 -0.029229 0)
(1.40724 -0.0299612 0)
(1.40743 -0.0309648 0)
(1.40678 -0.0322463 0)
(1.40751 -0.0329822 0)
(1.40869 -0.0334629 0)
(1.40999 -0.034067 0)
(1.41118 -0.0345576 0)
(1.41227 -0.034968 0)
(1.41327 -0.0353813 0)
(1.41402 -0.0358253 0)
(1.30568 0.00828407 0)
(1.30662 0.0082893 0)
(1.30752 0.00829353 0)
(1.30818 0.00828468 0)
(1.30817 0.00823246 0)
(1.30809 0.00814576 0)
(1.30884 0.00806759 0)
(1.30973 0.00798322 0)
(1.31069 0.0078585 0)
(1.31166 0.00769137 0)
(1.31259 0.00750624 0)
(1.31336 0.00729834 0)
(1.31362 0.00702603 0)
(1.31291 0.00665386 0)
(1.313 0.00640869 0)
(1.31389 0.0063463 0)
(1.31485 0.00627654 0)
(1.31579 0.00620824 0)
(1.31669 0.00615685 0)
(1.31749 0.0060822 0)
(1.31794 0.00595035 0)
(1.31773 0.00570341 0)
(1.31807 0.00546096 0)
(1.31894 0.00536582 0)
(1.31985 0.00527293 0)
(1.32084 0.00514796 0)
(1.32199 0.00499889 0)
(1.32307 0.00483074 0)
(1.32395 0.00469659 0)
(1.32479 0.00451885 0)
(1.32548 0.00428767 0)
(1.32564 0.00394023 0)
(1.32531 0.00341082 0)
(1.32586 0.00303082 0)
(1.32676 0.00288839 0)
(1.32773 0.00272387 0)
(1.32886 0.00256516 0)
(1.33015 0.00243304 0)
(1.33114 0.00233159 0)
(1.33205 0.00224393 0)
(1.33295 0.00210254 0)
(1.3338 0.0018821 0)
(1.33445 0.00155715 0)
(1.33467 0.00114524 0)
(1.33503 0.000826521 0)
(1.33587 0.000662735 0)
(1.33679 0.000530264 0)
(1.3377 0.000371864 0)
(1.3386 0.000199572 0)
(1.33948 2.76375e-05 0)
(1.34029 -0.000152148 0)
(1.34092 -0.000367374 0)
(1.34096 -0.000674342 0)
(1.34072 -0.00105285 0)
(1.34141 -0.00128736 0)
(1.34236 -0.00144463 0)
(1.34335 -0.00164588 0)
(1.34433 -0.00186904 0)
(1.3453 -0.00206505 0)
(1.34622 -0.00223979 0)
(1.347 -0.0024647 0)
(1.34748 -0.0028732 0)
(1.34825 -0.00334181 0)
(1.34923 -0.00371183 0)
(1.35019 -0.00406406 0)
(1.35111 -0.00439113 0)
(1.35203 -0.0046817 0)
(1.35301 -0.00492107 0)
(1.35403 -0.00513504 0)
(1.35508 -0.00534407 0)
(1.35617 -0.00555715 0)
(1.35725 -0.00576226 0)
(1.35827 -0.00593188 0)
(1.35928 -0.00610318 0)
(1.36029 -0.0063246 0)
(1.3613 -0.00662607 0)
(1.36226 -0.00699976 0)
(1.3631 -0.00741265 0)
(1.36348 -0.00790032 0)
(1.36321 -0.00852929 0)
(1.36374 -0.00901477 0)
(1.36474 -0.00927449 0)
(1.36577 -0.00961629 0)
(1.36682 -0.0100738 0)
(1.36792 -0.0104413 0)
(1.36905 -0.0106704 0)
(1.37023 -0.0108311 0)
(1.37155 -0.0109788 0)
(1.37307 -0.0111465 0)
(1.37433 -0.0113167 0)
(1.37542 -0.0114774 0)
(1.37644 -0.0117134 0)
(1.37737 -0.0120188 0)
(1.37806 -0.0123872 0)
(1.37812 -0.0129396 0)
(1.37822 -0.0136557 0)
(1.37915 -0.0141432 0)
(1.38024 -0.0144786 0)
(1.38141 -0.0148271 0)
(1.38253 -0.0151951 0)
(1.38356 -0.0155729 0)
(1.38446 -0.0159749 0)
(1.38532 -0.0163617 0)
(1.38632 -0.0166261 0)
(1.38739 -0.0168133 0)
(1.38849 -0.0170228 0)
(1.38962 -0.0172851 0)
(1.39077 -0.0176038 0)
(1.39194 -0.0179914 0)
(1.39313 -0.0184589 0)
(1.39428 -0.0189689 0)
(1.39533 -0.0194531 0)
(1.39623 -0.0198931 0)
(1.39664 -0.0203491 0)
(1.39641 -0.0208486 0)
(1.39698 -0.0212216 0)
(1.398 -0.0214836 0)
(1.3991 -0.0218137 0)
(1.4003 -0.0222942 0)
(1.40156 -0.0229574 0)
(1.40276 -0.0237259 0)
(1.40381 -0.0244536 0)
(1.40455 -0.0251291 0)
(1.40429 -0.0258666 0)
(1.40369 -0.0265734 0)
(1.40453 -0.0269488 0)
(1.40561 -0.027251 0)
(1.40682 -0.0277038 0)
(1.40801 -0.0282076 0)
(1.4091 -0.028658 0)
(1.41009 -0.0290951 0)
(1.41083 -0.0295684 0)
(1.30571 0.0134538 0)
(1.30661 0.01346 0)
(1.30746 0.0134409 0)
(1.30805 0.0133605 0)
(1.30803 0.0131687 0)
(1.30826 0.0129107 0)
(1.30909 0.0127059 0)
(1.31003 0.0125063 0)
(1.31099 0.0122891 0)
(1.31194 0.0120909 0)
(1.31281 0.0119047 0)
(1.31343 0.0117016 0)
(1.31338 0.0114574 0)
(1.31292 0.0112194 0)
(1.31352 0.0110937 0)
(1.31442 0.0110082 0)
(1.31532 0.0109042 0)
(1.31615 0.010757 0)
(1.3168 0.0105491 0)
(1.3168 0.0102125 0)
(1.31643 0.00974262 0)
(1.31703 0.00946243 0)
(1.3179 0.00935866 0)
(1.31883 0.00923346 0)
(1.31992 0.00909084 0)
(1.32107 0.00893633 0)
(1.32199 0.00880922 0)
(1.32283 0.00867176 0)
(1.3236 0.00847027 0)
(1.32415 0.0081944 0)
(1.32406 0.00778307 0)
(1.324 0.00735192 0)
(1.32475 0.00719115 0)
(1.32562 0.00713956 0)
(1.32658 0.00704222 0)
(1.32777 0.00695121 0)
(1.32906 0.00685415 0)
(1.33 0.00675302 0)
(1.33088 0.00665233 0)
(1.33173 0.00651368 0)
(1.33253 0.00633564 0)
(1.3332 0.00610626 0)
(1.3335 0.00580979 0)
(1.33385 0.00554149 0)
(1.33464 0.00541144 0)
(1.33552 0.00532958 0)
(1.3364 0.00523526 0)
(1.33727 0.00511182 0)
(1.33811 0.00495571 0)
(1.33884 0.00476444 0)
(1.33929 0.00452723 0)
(1.33934 0.00424151 0)
(1.33972 0.00401817 0)
(1.34055 0.00393293 0)
(1.34148 0.00387784 0)
(1.34242 0.00379397 0)
(1.34336 0.00367107 0)
(1.34426 0.00351898 0)
(1.34503 0.00333604 0)
(1.34539 0.0030643 0)
(1.34539 0.00262951 0)
(1.34612 0.00227874 0)
(1.3471 0.00202877 0)
(1.34808 0.0017143 0)
(1.34901 0.00141062 0)
(1.34986 0.00118731 0)
(1.3507 0.00104104 0)
(1.3516 0.000947595 0)
(1.35255 0.000873503 0)
(1.35351 0.000784481 0)
(1.35448 0.000648717 0)
(1.35547 0.000446379 0)
(1.35652 0.000168544 0)
(1.3576 -0.000192917 0)
(1.35868 -0.000651254 0)
(1.35969 -0.00119293 0)
(1.36055 -0.00178076 0)
(1.36103 -0.00244704 0)
(1.36123 -0.00314517 0)
(1.36196 -0.00353738 0)
(1.36293 -0.0037146 0)
(1.36393 -0.00390262 0)
(1.36496 -0.00409842 0)
(1.36601 -0.0042549 0)
(1.36712 -0.00438705 0)
(1.36838 -0.00452867 0)
(1.36974 -0.00470357 0)
(1.37091 -0.00489147 0)
(1.37197 -0.00510279 0)
(1.37298 -0.00540624 0)
(1.3739 -0.00577606 0)
(1.3746 -0.00620908 0)
(1.37471 -0.00681492 0)
(1.37465 -0.00759884 0)
(1.37542 -0.00815903 0)
(1.37645 -0.00848579 0)
(1.37766 -0.00883986 0)
(1.37918 -0.00931378 0)
(1.38041 -0.00966554 0)
(1.38145 -0.00985895 0)
(1.38236 -0.0100869 0)
(1.38298 -0.010424 0)
(1.38377 -0.0107796 0)
(1.38477 -0.0110731 0)
(1.38582 -0.0114447 0)
(1.38697 -0.0119182 0)
(1.38819 -0.0124483 0)
(1.38938 -0.0129455 0)
(1.3905 -0.0133508 0)
(1.39158 -0.013708 0)
(1.39262 -0.0140532 0)
(1.39361 -0.0143812 0)
(1.39446 -0.0146863 0)
(1.39488 -0.0150019 0)
(1.39457 -0.0154104 0)
(1.39483 -0.0158904 0)
(1.39579 -0.0162883 0)
(1.39687 -0.0167565 0)
(1.39807 -0.0174242 0)
(1.39925 -0.0181676 0)
(1.40032 -0.0187766 0)
(1.40126 -0.0192558 0)
(1.40195 -0.0196699 0)
(1.40176 -0.0201001 0)
(1.4011 -0.0205949 0)
(1.40178 -0.0209969 0)
(1.40281 -0.0213235 0)
(1.40397 -0.0217974 0)
(1.40522 -0.0224242 0)
(1.40635 -0.0229668 0)
(1.40739 -0.0233884 0)
(1.40831 -0.0237606 0)
(1.30594 0.0182305 0)
(1.30681 0.0181972 0)
(1.30755 0.0180944 0)
(1.30791 0.0178636 0)
(1.30795 0.0174971 0)
(1.30855 0.0171991 0)
(1.30941 0.0169951 0)
(1.31035 0.016821 0)
(1.31127 0.0166787 0)
(1.31216 0.0165609 0)
(1.31295 0.0164472 0)
(1.31348 0.0163218 0)
(1.31347 0.0161966 0)
(1.31326 0.0161005 0)
(1.31372 0.0160169 0)
(1.31446 0.015932 0)
(1.31518 0.0158247 0)
(1.31564 0.0156485 0)
(1.3153 0.0153226 0)
(1.31499 0.0149376 0)
(1.31567 0.0147959 0)
(1.31648 0.0147522 0)
(1.31738 0.0146745 0)
(1.31844 0.0145971 0)
(1.31941 0.01452 0)
(1.32024 0.0144528 0)
(1.32104 0.0143376 0)
(1.3217 0.0141668 0)
(1.32191 0.0138948 0)
(1.32169 0.0134871 0)
(1.32219 0.0132061 0)
(1.32301 0.0131365 0)
(1.3239 0.0130693 0)
(1.32494 0.0129832 0)
(1.32624 0.0128911 0)
(1.32736 0.0127674 0)
(1.32825 0.0126452 0)
(1.32908 0.0124831 0)
(1.32985 0.0122823 0)
(1.33046 0.0120344 0)
(1.33084 0.0116977 0)
(1.33137 0.0113488 0)
(1.33219 0.0111255 0)
(1.33308 0.0109824 0)
(1.334 0.0108333 0)
(1.33491 0.010672 0)
(1.33579 0.0104962 0)
(1.3366 0.010265 0)
(1.33721 0.00996502 0)
(1.33745 0.00962464 0)
(1.33782 0.00934231 0)
(1.33861 0.00919401 0)
(1.33953 0.00912133 0)
(1.34049 0.00902659 0)
(1.34146 0.00885978 0)
(1.34242 0.00864556 0)
(1.34332 0.00841651 0)
(1.3441 0.00816535 0)
(1.34445 0.00783117 0)
(1.34422 0.00736973 0)
(1.34474 0.00703306 0)
(1.34566 0.00684653 0)
(1.34658 0.0066482 0)
(1.34746 0.00645339 0)
(1.34821 0.0062505 0)
(1.3489 0.00603076 0)
(1.34982 0.00590433 0)
(1.3508 0.00580701 0)
(1.35182 0.00564407 0)
(1.35281 0.00543722 0)
(1.3538 0.00516704 0)
(1.35483 0.00479021 0)
(1.35595 0.00428228 0)
(1.35705 0.00371978 0)
(1.35805 0.00324968 0)
(1.35894 0.00285947 0)
(1.35962 0.00249436 0)
(1.35993 0.00213515 0)
(1.36047 0.00192493 0)
(1.36137 0.00186466 0)
(1.36231 0.00183228 0)
(1.36328 0.00181279 0)
(1.36428 0.00180016 0)
(1.36538 0.00177434 0)
(1.36657 0.00168926 0)
(1.36766 0.00153672 0)
(1.36868 0.00130939 0)
(1.36967 0.000968072 0)
(1.37057 0.000587949 0)
(1.37133 0.000206061 0)
(1.37164 -0.00024674 0)
(1.37137 -0.000865957 0)
(1.37177 -0.00142483 0)
(1.37268 -0.00174872 0)
(1.3737 -0.00207965 0)
(1.37492 -0.00254577 0)
(1.37652 -0.0031265 0)
(1.3779 -0.00359449 0)
(1.37898 -0.00381983 0)
(1.37996 -0.00399805 0)
(1.38072 -0.00424507 0)
(1.38116 -0.00463339 0)
(1.38184 -0.00508553 0)
(1.38278 -0.00553781 0)
(1.38384 -0.00605654 0)
(1.38506 -0.00661466 0)
(1.38636 -0.00716864 0)
(1.38748 -0.00755016 0)
(1.38853 -0.00784596 0)
(1.38956 -0.00816443 0)
(1.39055 -0.00850187 0)
(1.39149 -0.00882496 0)
(1.39234 -0.00912916 0)
(1.39284 -0.0094583 0)
(1.39256 -0.00991286 0)
(1.39262 -0.0104642 0)
(1.39352 -0.010895 0)
(1.39456 -0.0113579 0)
(1.39567 -0.0119676 0)
(1.39677 -0.0126173 0)
(1.39779 -0.0131907 0)
(1.39873 -0.0136659 0)
(1.39949 -0.0140659 0)
(1.39971 -0.0144382 0)
(1.39918 -0.0148357 0)
(1.3995 -0.0152202 0)
(1.40045 -0.0155245 0)
(1.40148 -0.0158867 0)
(1.40265 -0.0163971 0)
(1.40391 -0.0170221 0)
(1.40502 -0.0174921 0)
(1.40606 -0.0178012 0)
(1.30556 0.023935 0)
(1.30634 0.0238711 0)
(1.30677 0.0236899 0)
(1.30684 0.0233133 0)
(1.30741 0.0229415 0)
(1.3083 0.0226726 0)
(1.30926 0.0224224 0)
(1.3102 0.0222258 0)
(1.31111 0.0220854 0)
(1.31196 0.021969 0)
(1.31268 0.0218421 0)
(1.31313 0.0216827 0)
(1.31311 0.0214881 0)
(1.313 0.0212927 0)
(1.31336 0.0211379 0)
(1.31389 0.0209972 0)
(1.31417 0.0207951 0)
(1.31388 0.020439 0)
(1.31402 0.0200977 0)
(1.31478 0.0199818 0)
(1.3156 0.0198815 0)
(1.31653 0.0197325 0)
(1.31758 0.0195574 0)
(1.31847 0.0194109 0)
(1.31927 0.0192906 0)
(1.31999 0.0191365 0)
(1.3205 0.0189289 0)
(1.32046 0.0186122 0)
(1.32055 0.0182735 0)
(1.32128 0.0181349 0)
(1.32211 0.0180761 0)
(1.32304 0.0179634 0)
(1.32421 0.0178278 0)
(1.32548 0.0176878 0)
(1.3264 0.0175787 0)
(1.32723 0.0174783 0)
(1.32799 0.0173383 0)
(1.32862 0.0171659 0)
(1.32895 0.016913 0)
(1.32932 0.0166034 0)
(1.3301 0.0163985 0)
(1.33098 0.0162636 0)
(1.33193 0.0160948 0)
(1.33288 0.015896 0)
(1.33379 0.0157157 0)
(1.33464 0.0155464 0)
(1.33541 0.0153806 0)
(1.33592 0.0151968 0)
(1.33604 0.0149671 0)
(1.33648 0.0147824 0)
(1.33729 0.0146977 0)
(1.33818 0.0146319 0)
(1.33908 0.0145309 0)
(1.33998 0.0143846 0)
(1.34086 0.0142053 0)
(1.34171 0.0140015 0)
(1.34243 0.013765 0)
(1.34275 0.013446 0)
(1.34254 0.0130062 0)
(1.34303 0.0126902 0)
(1.3439 0.0125285 0)
(1.34479 0.0123538 0)
(1.34565 0.012156 0)
(1.34642 0.0119449 0)
(1.34703 0.0116909 0)
(1.34777 0.0114642 0)
(1.34871 0.0113144 0)
(1.34968 0.0111412 0)
(1.35071 0.0109049 0)
(1.35186 0.0105877 0)
(1.35313 0.010187 0)
(1.35433 0.00977023 0)
(1.35537 0.00942318 0)
(1.35632 0.00917091 0)
(1.35722 0.00899241 0)
(1.35804 0.00885749 0)
(1.35863 0.00871897 0)
(1.35894 0.00852951 0)
(1.35962 0.00835796 0)
(1.36054 0.00824613 0)
(1.36151 0.00813346 0)
(1.36254 0.00801653 0)
(1.36355 0.00793524 0)
(1.36452 0.00788486 0)
(1.36549 0.00780086 0)
(1.36641 0.00763788 0)
(1.36726 0.00738704 0)
(1.36798 0.00705264 0)
(1.36834 0.00660622 0)
(1.36819 0.00598449 0)
(1.36849 0.00538497 0)
(1.36936 0.00504908 0)
(1.37032 0.00476294 0)
(1.37133 0.00431418 0)
(1.37251 0.0036981 0)
(1.37398 0.00292312 0)
(1.37535 0.00224749 0)
(1.37637 0.00199398 0)
(1.37733 0.00186338 0)
(1.37812 0.00168564 0)
(1.37856 0.00132845 0)
(1.37905 0.000791631 0)
(1.37983 0.000216751 0)
(1.38077 -0.000422631 0)
(1.38187 -0.000983133 0)
(1.38312 -0.00146588 0)
(1.38432 -0.001868 0)
(1.38536 -0.00212312 0)
(1.38636 -0.00237758 0)
(1.38735 -0.00270973 0)
(1.38831 -0.00309818 0)
(1.38924 -0.00349199 0)
(1.39006 -0.00386913 0)
(1.39061 -0.00425813 0)
(1.39058 -0.00472611 0)
(1.39082 -0.00523317 0)
(1.39168 -0.00565164 0)
(1.39265 -0.00611583 0)
(1.39368 -0.0067152 0)
(1.39471 -0.00732796 0)
(1.39567 -0.00784067 0)
(1.39657 -0.00825037 0)
(1.39734 -0.00859411 0)
(1.39775 -0.0089233 0)
(1.39766 -0.00927197 0)
(1.39802 -0.00960271 0)
(1.3989 -0.00987228 0)
(1.39988 -0.0101495 0)
(1.40093 -0.0104881 0)
(1.40204 -0.0108891 0)
(1.40314 -0.0112872 0)
(1.40419 -0.0116232 0)
(1.30522 0.0293931 0)
(1.30584 0.0292557 0)
(1.30604 0.028942 0)
(1.30647 0.0285495 0)
(1.30736 0.0282713 0)
(1.30835 0.0279708 0)
(1.3093 0.0277131 0)
(1.31019 0.0275402 0)
(1.31103 0.0273979 0)
(1.31175 0.0272481 0)
(1.31226 0.027067 0)
(1.31234 0.0268486 0)
(1.31211 0.0266138 0)
(1.31228 0.0264391 0)
(1.31272 0.0263219 0)
(1.31298 0.0261849 0)
(1.31281 0.0259613 0)
(1.31313 0.0257878 0)
(1.3139 0.025743 0)
(1.3147 0.0256679 0)
(1.31558 0.0255331 0)
(1.31651 0.025368 0)
(1.31732 0.0252448 0)
(1.31806 0.0251472 0)
(1.3187 0.0250339 0)
(1.31898 0.0248695 0)
(1.31879 0.0246092 0)
(1.31918 0.0244066 0)
(1.31994 0.0243434 0)
(1.32078 0.0242618 0)
(1.32176 0.0241292 0)
(1.32298 0.0239851 0)
(1.32398 0.0238771 0)
(1.32481 0.0238113 0)
(1.32558 0.0237156 0)
(1.32624 0.023592 0)
(1.32663 0.0233975 0)
(1.32696 0.0231014 0)
(1.32766 0.0228404 0)
(1.32851 0.0226339 0)
(1.32946 0.0223791 0)
(1.33053 0.0220443 0)
(1.33156 0.0217475 0)
(1.33246 0.021587 0)
(1.3333 0.0214908 0)
(1.33407 0.021424 0)
(1.33458 0.0213654 0)
(1.33458 0.0212594 0)
(1.3348 0.0211034 0)
(1.33557 0.0209799 0)
(1.33642 0.0208347 0)
(1.33731 0.020598 0)
(1.33819 0.0203176 0)
(1.33903 0.0200455 0)
(1.33979 0.0197753 0)
(1.34027 0.0194502 0)
(1.34023 0.0189628 0)
(1.34042 0.0184084 0)
(1.34123 0.0180826 0)
(1.34211 0.0178382 0)
(1.34299 0.017562 0)
(1.34381 0.0172809 0)
(1.34459 0.0169923 0)
(1.34535 0.0166897 0)
(1.3462 0.0164365 0)
(1.34713 0.0162285 0)
(1.34809 0.0159959 0)
(1.34912 0.0157386 0)
(1.35026 0.0154887 0)
(1.35161 0.0152542 0)
(1.35308 0.0150368 0)
(1.3542 0.0148901 0)
(1.35516 0.0148049 0)
(1.35608 0.0147297 0)
(1.35696 0.0146458 0)
(1.35776 0.0145332 0)
(1.35825 0.0143168 0)
(1.35856 0.0139543 0)
(1.35942 0.0136931 0)
(1.36036 0.0134407 0)
(1.36128 0.0132884 0)
(1.36219 0.0132467 0)
(1.3631 0.0132411 0)
(1.36396 0.0132448 0)
(1.36474 0.0132232 0)
(1.36534 0.0131158 0)
(1.36567 0.0128701 0)
(1.36581 0.0124907 0)
(1.36598 0.0120306 0)
(1.36649 0.0116249 0)
(1.36732 0.011362 0)
(1.36821 0.0110799 0)
(1.36913 0.0106316 0)
(1.37016 0.0100605 0)
(1.37141 0.0093557 0)
(1.37258 0.00870455 0)
(1.37352 0.00839208 0)
(1.3744 0.0082223 0)
(1.37516 0.00807162 0)
(1.37552 0.00779621 0)
(1.37568 0.00726059 0)
(1.37638 0.00667534 0)
(1.37732 0.00609427 0)
(1.37842 0.00550644 0)
(1.3797 0.00497319 0)
(1.38083 0.00462811 0)
(1.3818 0.00443873 0)
(1.38274 0.00423578 0)
(1.38364 0.00393111 0)
(1.38451 0.00350608 0)
(1.38536 0.00303519 0)
(1.38618 0.00257376 0)
(1.38689 0.00206461 0)
(1.38752 0.00147631 0)
(1.38834 0.00100136 0)
(1.38926 0.000674642 0)
(1.39019 0.00034106 0)
(1.39105 -0.000133351 0)
(1.39181 -0.000820985 0)
(1.39257 -0.00153507 0)
(1.39341 -0.00206186 0)
(1.39427 -0.00244166 0)
(1.39509 -0.00275292 0)
(1.39583 -0.00302861 0)
(1.39648 -0.00326902 0)
(1.39711 -0.00350935 0)
(1.39788 -0.00378272 0)
(1.3988 -0.00404561 0)
(1.39977 -0.00432741 0)
(1.40074 -0.00463474 0)
(1.4017 -0.00492486 0)
(1.40263 -0.0051893 0)
(1.30442 0.0355018 0)
(1.30493 0.0352594 0)
(1.30522 0.0348859 0)
(1.30599 0.034611 0)
(1.30696 0.0344074 0)
(1.30792 0.0341782 0)
(1.30879 0.0339758 0)
(1.30956 0.0337869 0)
(1.31014 0.0335822 0)
(1.31022 0.0333177 0)
(1.30985 0.032945 0)
(1.31013 0.0326204 0)
(1.31082 0.0324553 0)
(1.31153 0.0323634 0)
(1.31214 0.0322756 0)
(1.31231 0.0321456 0)
(1.31228 0.0319673 0)
(1.31293 0.031849 0)
(1.31373 0.0317373 0)
(1.3146 0.0315547 0)
(1.3155 0.0313473 0)
(1.3163 0.0312092 0)
(1.31702 0.0311176 0)
(1.31762 0.0310185 0)
(1.31779 0.030852 0)
(1.31763 0.0305705 0)
(1.31814 0.0303581 0)
(1.3189 0.0302334 0)
(1.31977 0.0300455 0)
(1.32084 0.0298108 0)
(1.32193 0.02962 0)
(1.32278 0.0295364 0)
(1.32357 0.0294664 0)
(1.32427 0.0293786 0)
(1.32476 0.0292579 0)
(1.32518 0.0290508 0)
(1.32588 0.0288364 0)
(1.32666 0.0286117 0)
(1.32749 0.0282873 0)
(1.32844 0.0278935 0)
(1.32953 0.0274949 0)
(1.33051 0.027249 0)
(1.33138 0.0271785 0)
(1.33221 0.0271575 0)
(1.33301 0.0271628 0)
(1.33374 0.0271935 0)
(1.3343 0.0272431 0)
(1.33439 0.0272845 0)
(1.33412 0.0271915 0)
(1.33463 0.0269612 0)
(1.33547 0.0267075 0)
(1.33634 0.026309 0)
(1.33716 0.0258525 0)
(1.33781 0.0254244 0)
(1.33807 0.0249756 0)
(1.33789 0.0244625 0)
(1.33819 0.0240421 0)
(1.33901 0.0238361 0)
(1.33987 0.0236787 0)
(1.34072 0.0234882 0)
(1.34154 0.0232848 0)
(1.34235 0.0230818 0)
(1.3432 0.0228935 0)
(1.34408 0.0227232 0)
(1.345 0.0225493 0)
(1.34601 0.0223535 0)
(1.34714 0.0221459 0)
(1.34843 0.0219442 0)
(1.34994 0.0217395 0)
(1.35146 0.0215153 0)
(1.35269 0.0212944 0)
(1.35373 0.021105 0)
(1.35465 0.0209508 0)
(1.35551 0.0207932 0)
(1.35628 0.0206057 0)
(1.35673 0.0203133 0)
(1.35704 0.0198952 0)
(1.35788 0.0196329 0)
(1.35882 0.0193948 0)
(1.35974 0.0191982 0)
(1.36064 0.0190986 0)
(1.36152 0.0190537 0)
(1.36239 0.0190351 0)
(1.36318 0.019018 0)
(1.36362 0.0189541 0)
(1.3634 0.018732 0)
(1.36351 0.0183897 0)
(1.36427 0.0181381 0)
(1.36513 0.0179516 0)
(1.36599 0.0177623 0)
(1.36673 0.017487 0)
(1.36709 0.0169241 0)
(1.3677 0.0162566 0)
(1.3687 0.0157433 0)
(1.36979 0.0151441 0)
(1.37076 0.0147338 0)
(1.37167 0.0144729 0)
(1.37252 0.0142401 0)
(1.37318 0.013958 0)
(1.37322 0.0134877 0)
(1.37321 0.0128228 0)
(1.37403 0.0123614 0)
(1.37504 0.0119852 0)
(1.37629 0.0115513 0)
(1.37753 0.0111532 0)
(1.37851 0.0109127 0)
(1.3794 0.0106763 0)
(1.38015 0.0103402 0)
(1.38069 0.00983057 0)
(1.38141 0.00928391 0)
(1.38233 0.00882395 0)
(1.38334 0.00837515 0)
(1.38446 0.0079352 0)
(1.38564 0.00752765 0)
(1.38673 0.00715337 0)
(1.38773 0.00675006 0)
(1.38865 0.00627043 0)
(1.38937 0.00569403 0)
(1.38969 0.00492989 0)
(1.3903 0.00429673 0)
(1.39125 0.00399452 0)
(1.39232 0.00371924 0)
(1.39342 0.00348104 0)
(1.39439 0.00334925 0)
(1.39533 0.00324254 0)
(1.39624 0.00310072 0)
(1.39709 0.00289315 0)
(1.39794 0.00261997 0)
(1.39884 0.00233268 0)
(1.39974 0.00204807 0)
(1.40061 0.00177232 0)
(1.40141 0.00150049 0)
(1.30396 0.0413073 0)
(1.30453 0.0410369 0)
(1.30481 0.0406953 0)
(1.30553 0.0404472 0)
(1.30646 0.0402906 0)
(1.30735 0.0401264 0)
(1.30813 0.039937 0)
(1.30868 0.0396917 0)
(1.30852 0.039355 0)
(1.3081 0.0389718 0)
(1.30866 0.0388184 0)
(1.30941 0.0387923 0)
(1.31021 0.0387184 0)
(1.31096 0.0386663 0)
(1.31165 0.0386018 0)
(1.31204 0.0385089 0)
(1.31199 0.0383444 0)
(1.31253 0.038168 0)
(1.31332 0.0380332 0)
(1.31416 0.0378241 0)
(1.31496 0.0376526 0)
(1.31568 0.0375647 0)
(1.3163 0.0374907 0)
(1.31654 0.0373677 0)
(1.31645 0.0371357 0)
(1.31694 0.0369353 0)
(1.31768 0.0367911 0)
(1.31855 0.0365489 0)
(1.3195 0.0362652 0)
(1.32031 0.0361333 0)
(1.32107 0.0360549 0)
(1.32171 0.0359668 0)
(1.32222 0.0358571 0)
(1.32286 0.0357393 0)
(1.32362 0.0356479 0)
(1.32444 0.0355696 0)
(1.32533 0.0354155 0)
(1.32634 0.0350974 0)
(1.3273 0.0347078 0)
(1.32817 0.0343609 0)
(1.32896 0.0341015 0)
(1.32972 0.0339201 0)
(1.33045 0.0338053 0)
(1.33119 0.033741 0)
(1.33193 0.0337063 0)
(1.33265 0.0336836 0)
(1.33333 0.0336614 0)
(1.33393 0.0336131 0)
(1.33441 0.0334799 0)
(1.33477 0.0331768 0)
(1.33477 0.0326182 0)
(1.33438 0.0318291 0)
(1.33445 0.0311221 0)
(1.33499 0.0306431 0)
(1.33558 0.0302732 0)
(1.33613 0.0299761 0)
(1.33686 0.0297967 0)
(1.3377 0.0296875 0)
(1.33854 0.0295794 0)
(1.3394 0.0294712 0)
(1.34027 0.0293861 0)
(1.34115 0.0293265 0)
(1.34206 0.0292764 0)
(1.34304 0.0292149 0)
(1.34416 0.0291228 0)
(1.34551 0.0289629 0)
(1.34722 0.0286636 0)
(1.3486 0.0282918 0)
(1.34986 0.0279289 0)
(1.35109 0.0275143 0)
(1.35211 0.0271962 0)
(1.35299 0.0270133 0)
(1.3538 0.0268415 0)
(1.35444 0.0266208 0)
(1.35468 0.026249 0)
(1.35505 0.0257838 0)
(1.35589 0.0254846 0)
(1.35685 0.025188 0)
(1.358 0.024813 0)
(1.35909 0.0245124 0)
(1.36002 0.0243891 0)
(1.36092 0.0243182 0)
(1.36179 0.0242667 0)
(1.36255 0.0242326 0)
(1.36287 0.0242088 0)
(1.36242 0.0241673 0)
(1.36265 0.0240907 0)
(1.36351 0.0240106 0)
(1.36439 0.0238779 0)
(1.36524 0.0236425 0)
(1.36587 0.0232794 0)
(1.36581 0.0226146 0)
(1.36608 0.0218441 0)
(1.36703 0.0213303 0)
(1.36807 0.0207444 0)
(1.36904 0.0203533 0)
(1.36995 0.020123 0)
(1.37081 0.0199215 0)
(1.37154 0.0197022 0)
(1.37179 0.0194176 0)
(1.37148 0.0189928 0)
(1.37204 0.0186309 0)
(1.37298 0.0183654 0)
(1.37407 0.017934 0)
(1.37505 0.0175827 0)
(1.37595 0.0173449 0)
(1.37675 0.0170886 0)
(1.37737 0.0167346 0)
(1.37799 0.0163251 0)
(1.37884 0.0160058 0)
(1.37977 0.0157152 0)
(1.3808 0.0153861 0)
(1.38207 0.0149628 0)
(1.38353 0.0143961 0)
(1.3847 0.0138313 0)
(1.38568 0.0133232 0)
(1.38648 0.0127791 0)
(1.38696 0.0121479 0)
(1.38742 0.0115818 0)
(1.38826 0.0113167 0)
(1.38917 0.0111466 0)
(1.39018 0.0109637 0)
(1.3914 0.0107483 0)
(1.39287 0.0104956 0)
(1.39406 0.010259 0)
(1.39508 0.0100514 0)
(1.39607 0.00977925 0)
(1.39705 0.00941869 0)
(1.398 0.00903063 0)
(1.3989 0.00866225 0)
(1.39969 0.00830974 0)
(1.40014 0.0079135 0)
(1.30311 0.0478656 0)
(1.30371 0.047616 0)
(1.30382 0.0473104 0)
(1.30421 0.0470278 0)
(1.30504 0.0468428 0)
(1.30588 0.0466527 0)
(1.30664 0.046442 0)
(1.30714 0.046238 0)
(1.30696 0.0460403 0)
(1.30705 0.0459338 0)
(1.30775 0.0459036 0)
(1.30854 0.0457742 0)
(1.3094 0.045588 0)
(1.31015 0.0455077 0)
(1.31088 0.0454257 0)
(1.31144 0.0453147 0)
(1.31151 0.0451319 0)
(1.31181 0.0448972 0)
(1.31258 0.0447414 0)
(1.31338 0.0444819 0)
(1.31413 0.0442251 0)
(1.31476 0.044029 0)
(1.3151 0.0438002 0)
(1.3152 0.0435064 0)
(1.31578 0.0433171 0)
(1.31654 0.0431655 0)
(1.31736 0.0429288 0)
(1.31813 0.0427294 0)
(1.31886 0.0425822 0)
(1.31948 0.0424494 0)
(1.31994 0.0423045 0)
(1.32053 0.0421793 0)
(1.32129 0.0421087 0)
(1.32209 0.0420424 0)
(1.32298 0.0419326 0)
(1.32414 0.0417427 0)
(1.32538 0.0414837 0)
(1.32635 0.0412631 0)
(1.32722 0.0410484 0)
(1.32801 0.0408099 0)
(1.32866 0.0405914 0)
(1.32906 0.0403835 0)
(1.32943 0.0401903 0)
(1.3301 0.0400603 0)
(1.33086 0.0399561 0)
(1.33165 0.039824 0)
(1.33246 0.0396593 0)
(1.33326 0.0394623 0)
(1.33398 0.0391584 0)
(1.33428 0.038637 0)
(1.33344 0.0378471 0)
(1.33249 0.0371175 0)
(1.3328 0.0367618 0)
(1.33345 0.0365705 0)
(1.33417 0.0364099 0)
(1.33494 0.0362787 0)
(1.33576 0.0361681 0)
(1.3366 0.036067 0)
(1.33746 0.0359945 0)
(1.33834 0.0359607 0)
(1.33925 0.0359683 0)
(1.34023 0.0360202 0)
(1.34132 0.0361114 0)
(1.3427 0.0362149 0)
(1.34464 0.0362275 0)
(1.34594 0.0360165 0)
(1.34698 0.035693 0)
(1.34806 0.0351297 0)
(1.34908 0.0345076 0)
(1.34993 0.0341399 0)
(1.35069 0.0338986 0)
(1.35128 0.0336577 0)
(1.35154 0.0333037 0)
(1.35185 0.0328285 0)
(1.35254 0.0323985 0)
(1.35338 0.0319985 0)
(1.35432 0.0315701 0)
(1.35542 0.0311517 0)
(1.3568 0.0307575 0)
(1.35805 0.0304819 0)
(1.35901 0.0303789 0)
(1.3599 0.0303294 0)
(1.36076 0.0302832 0)
(1.36156 0.0302569 0)
(1.3622 0.0302765 0)
(1.3624 0.0303692 0)
(1.36209 0.0304166 0)
(1.36226 0.0302344 0)
(1.36298 0.0299393 0)
(1.36373 0.0295474 0)
(1.36414 0.0289202 0)
(1.36397 0.0279575 0)
(1.36456 0.027262 0)
(1.36553 0.0268251 0)
(1.36651 0.0264595 0)
(1.36743 0.0262606 0)
(1.36834 0.0261047 0)
(1.36923 0.0259173 0)
(1.37007 0.025679 0)
(1.37078 0.0254031 0)
(1.37109 0.0251121 0)
(1.3708 0.0247399 0)
(1.37101 0.0243535 0)
(1.37183 0.0241226 0)
(1.37274 0.0239362 0)
(1.37376 0.0237118 0)
(1.37483 0.0234572 0)
(1.37577 0.0232897 0)
(1.37668 0.0231604 0)
(1.37755 0.0229949 0)
(1.37834 0.0227189 0)
(1.37908 0.0222855 0)
(1.37997 0.0218703 0)
(1.38102 0.0213704 0)
(1.38219 0.0207118 0)
(1.38312 0.0202132 0)
(1.38395 0.0198305 0)
(1.38475 0.0194755 0)
(1.38558 0.0191947 0)
(1.38646 0.0189425 0)
(1.38738 0.0186747 0)
(1.38839 0.0183959 0)
(1.38952 0.0180911 0)
(1.39089 0.0177241 0)
(1.39256 0.0172925 0)
(1.39394 0.0168908 0)
(1.39508 0.0165647 0)
(1.39608 0.0162276 0)
(1.397 0.0158403 0)
(1.39782 0.0154439 0)
(1.39845 0.0150533 0)
(1.39859 0.014627 0)
(1.3022 0.0547046 0)
(1.30262 0.0544439 0)
(1.30244 0.0540297 0)
(1.30292 0.053701 0)
(1.30372 0.0535123 0)
(1.30453 0.0533379 0)
(1.30531 0.0531858 0)
(1.30603 0.0530713 0)
(1.3066 0.0529897 0)
(1.30684 0.0528764 0)
(1.30714 0.0526763 0)
(1.30785 0.0525247 0)
(1.3086 0.0523126 0)
(1.30933 0.0521907 0)
(1.31006 0.0521161 0)
(1.31075 0.0520576 0)
(1.31126 0.0519873 0)
(1.31144 0.0518053 0)
(1.3118 0.0514665 0)
(1.31246 0.051151 0)
(1.31308 0.0508509 0)
(1.31343 0.0505205 0)
(1.31362 0.0501532 0)
(1.31422 0.049962 0)
(1.31491 0.0498905 0)
(1.31562 0.0498285 0)
(1.31634 0.0497561 0)
(1.31704 0.0496638 0)
(1.31764 0.0495146 0)
(1.31816 0.0492704 0)
(1.31882 0.0490436 0)
(1.31956 0.0488544 0)
(1.32038 0.0486438 0)
(1.3213 0.0484192 0)
(1.32242 0.0481687 0)
(1.3238 0.0478763 0)
(1.32489 0.0476335 0)
(1.32582 0.0474833 0)
(1.32666 0.0473601 0)
(1.32743 0.0472572 0)
(1.32805 0.0471766 0)
(1.32826 0.0470839 0)
(1.32826 0.0469076 0)
(1.32887 0.0467186 0)
(1.32966 0.046536 0)
(1.33047 0.0462969 0)
(1.33127 0.0460423 0)
(1.33201 0.0457769 0)
(1.33247 0.0454407 0)
(1.33196 0.0449175 0)
(1.33094 0.04427 0)
(1.33116 0.0438822 0)
(1.33183 0.0436603 0)
(1.33255 0.0434556 0)
(1.3333 0.0432621 0)
(1.33409 0.0430832 0)
(1.33493 0.0429428 0)
(1.33579 0.0428768 0)
(1.33669 0.0428641 0)
(1.33765 0.0428769 0)
(1.3387 0.0429185 0)
(1.33996 0.0430154 0)
(1.34178 0.0431938 0)
(1.34345 0.0433261 0)
(1.34441 0.0432682 0)
(1.34535 0.0430727 0)
(1.34624 0.0426197 0)
(1.34699 0.0420015 0)
(1.34751 0.0413692 0)
(1.34765 0.0407314 0)
(1.3479 0.0401476 0)
(1.34863 0.0397529 0)
(1.34947 0.0394168 0)
(1.35032 0.0390475 0)
(1.35115 0.0386208 0)
(1.35203 0.0381727 0)
(1.35298 0.0378059 0)
(1.35403 0.0375194 0)
(1.35532 0.0372586 0)
(1.35661 0.0370353 0)
(1.3576 0.0369198 0)
(1.35849 0.036855 0)
(1.35935 0.0367834 0)
(1.36019 0.0367062 0)
(1.36099 0.0366302 0)
(1.36168 0.0365496 0)
(1.36204 0.0364612 0)
(1.36179 0.0362657 0)
(1.36125 0.0357866 0)
(1.3612 0.0350987 0)
(1.36164 0.0343685 0)
(1.36242 0.0338012 0)
(1.36334 0.0333889 0)
(1.36429 0.0330456 0)
(1.36523 0.0327854 0)
(1.36616 0.0325585 0)
(1.36709 0.0323127 0)
(1.36799 0.0320406 0)
(1.36883 0.0317597 0)
(1.36956 0.0314729 0)
(1.36994 0.0311565 0)
(1.36968 0.0308469 0)
(1.36993 0.030695 0)
(1.37072 0.0306566 0)
(1.37157 0.0306406 0)
(1.37247 0.0305941 0)
(1.37353 0.0304713 0)
(1.37482 0.0302345 0)
(1.37589 0.0299715 0)
(1.3768 0.0297485 0)
(1.37764 0.0295166 0)
(1.37833 0.029306 0)
(1.37866 0.0290699 0)
(1.37886 0.0287437 0)
(1.37956 0.0284589 0)
(1.38043 0.0282166 0)
(1.38139 0.0279396 0)
(1.38262 0.0275556 0)
(1.38387 0.0270747 0)
(1.38484 0.0266953 0)
(1.38577 0.026307 0)
(1.38674 0.0259212 0)
(1.38778 0.0255938 0)
(1.38893 0.0252967 0)
(1.39044 0.0249482 0)
(1.39221 0.0244837 0)
(1.39339 0.0240692 0)
(1.39447 0.0236867 0)
(1.39544 0.0232401 0)
(1.3963 0.0228268 0)
(1.39709 0.0225009 0)
(1.3978 0.0222878 0)
(1.30109 0.061673 0)
(1.30111 0.0613608 0)
(1.301 0.0610094 0)
(1.3017 0.0608422 0)
(1.30251 0.060735 0)
(1.30339 0.0606352 0)
(1.30431 0.0605324 0)
(1.30516 0.0603962 0)
(1.30589 0.0602561 0)
(1.30648 0.0601058 0)
(1.30661 0.0599161 0)
(1.3067 0.059616 0)
(1.30732 0.0594281 0)
(1.30803 0.05934 0)
(1.30877 0.0592904 0)
(1.30952 0.0592418 0)
(1.31025 0.0591424 0)
(1.31089 0.0589322 0)
(1.31144 0.0586003 0)
(1.31187 0.0582029 0)
(1.31213 0.0578335 0)
(1.31209 0.0575347 0)
(1.31199 0.0573281 0)
(1.31243 0.0572158 0)
(1.31316 0.0571718 0)
(1.31394 0.0571177 0)
(1.31474 0.0570225 0)
(1.31552 0.0569198 0)
(1.31632 0.0567574 0)
(1.31713 0.0564568 0)
(1.3179 0.0559899 0)
(1.31866 0.0554391 0)
(1.31949 0.0549882 0)
(1.32042 0.0546653 0)
(1.32153 0.0543648 0)
(1.32281 0.0540601 0)
(1.32383 0.0538773 0)
(1.32472 0.0537954 0)
(1.32556 0.0537236 0)
(1.32634 0.0536543 0)
(1.32706 0.0535996 0)
(1.3276 0.053558 0)
(1.32769 0.0534724 0)
(1.32781 0.0532061 0)
(1.32852 0.0529044 0)
(1.32932 0.0525358 0)
(1.33009 0.0521246 0)
(1.33073 0.0517616 0)
(1.33089 0.0513997 0)
(1.33026 0.0509933 0)
(1.33022 0.0506993 0)
(1.33089 0.0505309 0)
(1.33163 0.0503782 0)
(1.33236 0.0502116 0)
(1.3331 0.0500653 0)
(1.33389 0.0499666 0)
(1.33471 0.049921 0)
(1.33557 0.0499117 0)
(1.33651 0.0499504 0)
(1.33762 0.0500597 0)
(1.33902 0.0502427 0)
(1.34048 0.0504366 0)
(1.34155 0.0505143 0)
(1.34244 0.0504902 0)
(1.34325 0.0503746 0)
(1.34395 0.0501308 0)
(1.34433 0.0496955 0)
(1.34411 0.048909 0)
(1.34419 0.0479903 0)
(1.34492 0.0473942 0)
(1.34583 0.0470045 0)
(1.34694 0.0466279 0)
(1.34809 0.0462209 0)
(1.34897 0.0459226 0)
(1.34976 0.045596 0)
(1.35054 0.0452215 0)
(1.35138 0.0449244 0)
(1.35228 0.0446882 0)
(1.35332 0.0444428 0)
(1.35456 0.0441365 0)
(1.35566 0.0438553 0)
(1.3566 0.0436563 0)
(1.35751 0.0434554 0)
(1.35839 0.04324 0)
(1.35923 0.0430475 0)
(1.35998 0.042861 0)
(1.36039 0.0426136 0)
(1.35986 0.042192 0)
(1.35931 0.0416315 0)
(1.35982 0.0411936 0)
(1.36058 0.0408232 0)
(1.36144 0.0403951 0)
(1.3624 0.0399273 0)
(1.36343 0.0394818 0)
(1.36442 0.0391355 0)
(1.36532 0.0389037 0)
(1.36617 0.0387278 0)
(1.36697 0.0385732 0)
(1.36768 0.0384239 0)
(1.36813 0.0382514 0)
(1.36819 0.0380354 0)
(1.36861 0.0378963 0)
(1.3694 0.0378651 0)
(1.37023 0.0378484 0)
(1.37109 0.0378025 0)
(1.37203 0.0377124 0)
(1.37315 0.0375409 0)
(1.37435 0.0372586 0)
(1.37532 0.0370053 0)
(1.3762 0.0368047 0)
(1.37702 0.0366229 0)
(1.37768 0.0364574 0)
(1.37786 0.0362786 0)
(1.37771 0.0360695 0)
(1.3783 0.0359022 0)
(1.37913 0.0357716 0)
(1.38002 0.0355796 0)
(1.38103 0.0352619 0)
(1.38226 0.0347857 0)
(1.38344 0.0343298 0)
(1.38441 0.0340553 0)
(1.38532 0.0338727 0)
(1.38625 0.0337088 0)
(1.3872 0.0335084 0)
(1.3882 0.0332005 0)
(1.38925 0.0327376 0)
(1.3904 0.0321826 0)
(1.39172 0.0316348 0)
(1.39359 0.0310729 0)
(1.39518 0.030615 0)
(1.39614 0.0303926 0)
(1.39704 0.0302638 0)
(1.29926 0.0688618 0)
(1.29917 0.0684568 0)
(1.29982 0.0682706 0)
(1.30062 0.0681764 0)
(1.3015 0.068074 0)
(1.30253 0.0679624 0)
(1.30358 0.0678184 0)
(1.30442 0.0676698 0)
(1.30513 0.067528 0)
(1.30572 0.0673486 0)
(1.30582 0.0671186 0)
(1.3054 0.0668552 0)
(1.30583 0.0666954 0)
(1.30659 0.0666216 0)
(1.30742 0.0665057 0)
(1.30825 0.0664026 0)
(1.30907 0.0662638 0)
(1.30987 0.0660037 0)
(1.31057 0.0656243 0)
(1.31106 0.0652009 0)
(1.31123 0.0648215 0)
(1.31115 0.064561 0)
(1.31109 0.0644459 0)
(1.31128 0.0644379 0)
(1.31184 0.0644564 0)
(1.31258 0.0644602 0)
(1.31336 0.0644382 0)
(1.31418 0.0643464 0)
(1.31506 0.0641367 0)
(1.31601 0.0637132 0)
(1.31683 0.0631408 0)
(1.31747 0.0625221 0)
(1.31809 0.0619617 0)
(1.31889 0.0616432 0)
(1.31978 0.0614132 0)
(1.32086 0.0611659 0)
(1.322 0.0609524 0)
(1.32294 0.0608485 0)
(1.3238 0.060781 0)
(1.32463 0.0606844 0)
(1.32541 0.0605611 0)
(1.32613 0.0604447 0)
(1.32672 0.0603587 0)
(1.32698 0.0602135 0)
(1.32725 0.0597632 0)
(1.32792 0.059171 0)
(1.3286 0.0585538 0)
(1.32914 0.0580445 0)
(1.32938 0.0576861 0)
(1.32953 0.0574846 0)
(1.3302 0.0574348 0)
(1.331 0.057421 0)
(1.33178 0.0573758 0)
(1.33256 0.0572977 0)
(1.33333 0.0572218 0)
(1.33413 0.0571752 0)
(1.33495 0.0571518 0)
(1.33585 0.0571418 0)
(1.33692 0.0571854 0)
(1.33807 0.0573049 0)
(1.33899 0.0574115 0)
(1.33983 0.0574612 0)
(1.34062 0.0574811 0)
(1.34122 0.0574522 0)
(1.34126 0.0572691 0)
(1.3408 0.0567761 0)
(1.34092 0.056117 0)
(1.34154 0.0555338 0)
(1.34233 0.0550557 0)
(1.34327 0.0546292 0)
(1.34443 0.0541964 0)
(1.34584 0.0537521 0)
(1.34698 0.0533763 0)
(1.3479 0.0531175 0)
(1.34868 0.0528853 0)
(1.34925 0.0526028 0)
(1.34954 0.0522058 0)
(1.35014 0.0518562 0)
(1.35097 0.0516209 0)
(1.35192 0.0513394 0)
(1.35311 0.050975 0)
(1.35433 0.0506055 0)
(1.35531 0.0503436 0)
(1.35619 0.0501312 0)
(1.35699 0.0499149 0)
(1.35768 0.0496908 0)
(1.35796 0.0493948 0)
(1.35767 0.0489412 0)
(1.358 0.0485086 0)
(1.35876 0.0481421 0)
(1.35961 0.047662 0)
(1.36061 0.0471291 0)
(1.36177 0.046618 0)
(1.36283 0.0462555 0)
(1.36369 0.0460931 0)
(1.3645 0.0459956 0)
(1.36526 0.0459072 0)
(1.36592 0.045814 0)
(1.3663 0.0456857 0)
(1.36668 0.0455394 0)
(1.36743 0.0454782 0)
(1.36825 0.0454605 0)
(1.36911 0.0454019 0)
(1.37004 0.0452884 0)
(1.37108 0.0451189 0)
(1.37218 0.0449029 0)
(1.37318 0.0446771 0)
(1.3741 0.0444659 0)
(1.37496 0.0442704 0)
(1.37578 0.0440899 0)
(1.37652 0.0439156 0)
(1.37702 0.0437236 0)
(1.377 0.0434842 0)
(1.37711 0.0432749 0)
(1.37782 0.0431632 0)
(1.37862 0.0430767 0)
(1.37943 0.0429577 0)
(1.38023 0.0427979 0)
(1.38107 0.0426222 0)
(1.38195 0.0424362 0)
(1.38293 0.0422268 0)
(1.38408 0.041952 0)
(1.38506 0.0417033 0)
(1.38592 0.0414953 0)
(1.38673 0.0411834 0)
(1.38756 0.0408278 0)
(1.38845 0.0405051 0)
(1.38941 0.0401858 0)
(1.39053 0.039824 0)
(1.39234 0.0393663 0)
(1.3946 0.0388657 0)
(1.39571 0.0385448 0)
(1.29725 0.0761721 0)
(1.29784 0.0759248 0)
(1.29862 0.0757571 0)
(1.29949 0.0755719 0)
(1.30052 0.0753967 0)
(1.30169 0.0752395 0)
(1.30262 0.0751189 0)
(1.30337 0.0750368 0)
(1.30405 0.0749274 0)
(1.30453 0.0747641 0)
(1.30435 0.0744877 0)
(1.30398 0.074145 0)
(1.30453 0.0739642 0)
(1.3053 0.0738273 0)
(1.3062 0.0736181 0)
(1.3071 0.0734124 0)
(1.30793 0.0732439 0)
(1.3087 0.0730485 0)
(1.30936 0.0728179 0)
(1.30975 0.0725593 0)
(1.30967 0.0722756 0)
(1.30971 0.0720469 0)
(1.31016 0.0719339 0)
(1.31071 0.0718875 0)
(1.31119 0.0718462 0)
(1.31168 0.0717761 0)
(1.31236 0.0717016 0)
(1.31313 0.0716094 0)
(1.31392 0.0714172 0)
(1.3147 0.071062 0)
(1.31537 0.0705699 0)
(1.31582 0.0699696 0)
(1.31624 0.0693643 0)
(1.31695 0.0690099 0)
(1.31779 0.0687952 0)
(1.31877 0.0685965 0)
(1.31998 0.0683957 0)
(1.32112 0.0682469 0)
(1.32205 0.0681709 0)
(1.32288 0.0681177 0)
(1.32366 0.0680558 0)
(1.3244 0.0679763 0)
(1.32503 0.0678428 0)
(1.32534 0.0675058 0)
(1.32576 0.0669699 0)
(1.32649 0.0664607 0)
(1.32715 0.0658712 0)
(1.32769 0.0652232 0)
(1.32841 0.0648863 0)
(1.32922 0.0648295 0)
(1.33006 0.0648046 0)
(1.33092 0.0647532 0)
(1.33185 0.0646546 0)
(1.33283 0.0645047 0)
(1.33377 0.0643374 0)
(1.33464 0.0641963 0)
(1.33546 0.0641032 0)
(1.33626 0.0640611 0)
(1.33704 0.0640402 0)
(1.33778 0.0640091 0)
(1.33844 0.063977 0)
(1.33896 0.0639575 0)
(1.33918 0.0639072 0)
(1.33875 0.0637165 0)
(1.33837 0.0633665 0)
(1.33885 0.0630889 0)
(1.33959 0.0628964 0)
(1.34039 0.0626549 0)
(1.34128 0.062331 0)
(1.34233 0.0619635 0)
(1.34363 0.0615497 0)
(1.34487 0.0611311 0)
(1.34584 0.0608081 0)
(1.34668 0.0605423 0)
(1.3474 0.0602829 0)
(1.34781 0.0599978 0)
(1.34756 0.0596212 0)
(1.34769 0.0592515 0)
(1.34846 0.0590446 0)
(1.34934 0.0588516 0)
(1.35039 0.058597 0)
(1.3517 0.0582642 0)
(1.3528 0.0579598 0)
(1.35368 0.0577437 0)
(1.35446 0.0575037 0)
(1.35504 0.0571395 0)
(1.35542 0.0566122 0)
(1.356 0.0561273 0)
(1.35676 0.0557206 0)
(1.35762 0.0552932 0)
(1.3586 0.054896 0)
(1.35976 0.0545283 0)
(1.36097 0.054198 0)
(1.3619 0.0539894 0)
(1.3627 0.0538603 0)
(1.36344 0.0537272 0)
(1.36407 0.0535593 0)
(1.36469 0.0533819 0)
(1.36546 0.0532786 0)
(1.36628 0.0532326 0)
(1.36716 0.0531677 0)
(1.3681 0.0530548 0)
(1.36918 0.0528964 0)
(1.37031 0.0527064 0)
(1.37129 0.052532 0)
(1.37219 0.0523772 0)
(1.37304 0.0522088 0)
(1.37385 0.0520298 0)
(1.3746 0.0518462 0)
(1.37524 0.051648 0)
(1.37561 0.0514136 0)
)
;

boundaryField
{
    inlet
    {
        type            fixedValue;
        value           nonuniform 0();
    }
    outlet
    {
        type            inletOutlet;
        inletValue      nonuniform 0();
        value           nonuniform 0();
    }
    bottom
    {
        type            symmetryPlane;
    }
    top
    {
        type            symmetryPlane;
    }
    obstacle
    {
        type            slip;
    }
    front
    {
        type            empty;
    }
    back
    {
        type            empty;
    }
    procBoundary22to14
    {
        type            processor;
        value           nonuniform List<vector> 
133
(
(1.37181 -0.0479127 0)
(1.3731 -0.048189 0)
(1.37428 -0.048663 0)
(1.37506 -0.0494576 0)
(1.37544 -0.050438 0)
(1.3762 -0.051145 0)
(1.37727 -0.0515332 0)
(1.37843 -0.051772 0)
(1.37964 -0.051982 0)
(1.38089 -0.0522313 0)
(1.38211 -0.0525634 0)
(1.38319 -0.0530254 0)
(1.38396 -0.0536918 0)
(1.38451 -0.0545764 0)
(1.3855 -0.0553817 0)
(1.3868 -0.0559598 0)
(1.38821 -0.0564394 0)
(1.38973 -0.0569144 0)
(1.39129 -0.0573837 0)
(1.39275 -0.0578091 0)
(1.39416 -0.0582514 0)
(1.39555 -0.0587749 0)
(1.39688 -0.0593281 0)
(1.39806 -0.0599026 0)
(1.39881 -0.0606127 0)
(1.39922 -0.0615169 0)
(1.40019 -0.0622862 0)
(1.40146 -0.0628801 0)
(1.40285 -0.0635789 0)
(1.40446 -0.0644572 0)
(1.40612 -0.0653904 0)
(1.4075 -0.0659592 0)
(1.40878 -0.0662971 0)
(1.40996 -0.0665284 0)
(1.41091 -0.0667303 0)
(1.41113 -0.0670262 0)
(1.41099 -0.0674198 0)
(1.41205 -0.0676187 0)
(1.41333 -0.0677359 0)
(1.41474 -0.0680779 0)
(1.41618 -0.0688039 0)
(1.41775 -0.0700224 0)
(1.41966 -0.0719651 0)
(1.42131 -0.0738704 0)
(1.42263 -0.0745787 0)
(1.42385 -0.074818 0)
(1.42489 -0.074935 0)
(1.42572 -0.0750264 0)
(1.42615 -0.0751832 0)
(1.42611 -0.0755026 0)
(1.42641 -0.0759577 0)
(1.42732 -0.0764506 0)
(1.42842 -0.0770999 0)
(1.4297 -0.0779922 0)
(1.43126 -0.0790248 0)
(1.43301 -0.0801258 0)
(1.43444 -0.080759 0)
(1.43574 -0.0810866 0)
(1.29769 -0.0208678 0)
(1.29829 -0.0207567 0)
(1.29897 -0.0206969 0)
(1.29989 -0.0207979 0)
(1.30095 -0.0210313 0)
(1.3021 -0.0213475 0)
(1.30327 -0.0216988 0)
(1.30434 -0.0220062 0)
(1.30519 -0.0222993 0)
(1.30597 -0.0225354 0)
(1.30694 -0.0226507 0)
(1.30799 -0.0227105 0)
(1.30899 -0.0227793 0)
(1.30976 -0.0229268 0)
(1.31028 -0.023254 0)
(1.31135 -0.0235638 0)
(1.31254 -0.0239504 0)
(1.31368 -0.0242832 0)
(1.31481 -0.0244586 0)
(1.31589 -0.0245899 0)
(1.31691 -0.0247501 0)
(1.31776 -0.0249893 0)
(1.31826 -0.0253405 0)
(1.319 -0.0256773 0)
(1.32019 -0.0258406 0)
(1.32146 -0.0260038 0)
(1.32272 -0.0262279 0)
(1.32395 -0.0264613 0)
(1.32517 -0.0267394 0)
(1.32633 -0.0270834 0)
(1.32731 -0.0274536 0)
(1.32784 -0.0278029 0)
(1.32831 -0.0280053 0)
(1.32935 -0.0280663 0)
(1.33052 -0.0281143 0)
(1.33172 -0.0281742 0)
(1.33294 -0.0282541 0)
(1.33415 -0.0283567 0)
(1.33527 -0.0284787 0)
(1.33606 -0.0286528 0)
(1.33622 -0.0289092 0)
(1.33689 -0.0291159 0)
(1.33798 -0.0292127 0)
(1.33913 -0.0293593 0)
(1.34042 -0.0296199 0)
(1.34163 -0.0299209 0)
(1.34279 -0.0302272 0)
(1.3439 -0.0305567 0)
(1.34483 -0.0309065 0)
(1.3451 -0.0313515 0)
(1.34461 -0.0319615 0)
(1.34521 -0.0324562 0)
(1.34639 -0.0327267 0)
(1.34765 -0.0330623 0)
(1.34906 -0.0335232 0)
(1.35057 -0.0340104 0)
(1.35194 -0.0343659 0)
(1.35323 -0.0346127 0)
(1.35449 -0.0348711 0)
(1.3557 -0.0352156 0)
(1.35681 -0.0356602 0)
(1.35763 -0.03622 0)
(1.35806 -0.0368986 0)
(1.35866 -0.0374915 0)
(1.35969 -0.037942 0)
(1.36094 -0.0383691 0)
(1.36227 -0.0388576 0)
(1.36357 -0.0394398 0)
(1.36473 -0.0399849 0)
(1.36558 -0.0404164 0)
(1.36584 -0.0407614 0)
(1.36627 -0.0411178 0)
(1.36745 -0.0414122 0)
(1.36874 -0.0416869 0)
(1.36874 -0.0416869 0)
)
;
    }
    procBoundary22to15
    {
        type            processor;
        value           uniform (1.43326 -0.0733386 0);
    }
    procBoundary22to21
    {
        type            processor;
        value           nonuniform List<vector> 
15
(
(1.29759 -0.0161561 0)
(1.29905 -0.0131905 0)
(1.29988 -0.00844837 0)
(1.30153 -0.00461797 0)
(1.30283 -0.000250484 0)
(1.30374 0.00424172 0)
(1.30464 0.00829627 0)
(1.30476 0.0134386 0)
(1.30506 0.0182355 0)
(1.30469 0.0239481 0)
(1.30438 0.0294451 0)
(1.30359 0.035618 0)
(1.30311 0.0415026 0)
(1.30226 0.0480647 0)
(1.3014 0.0548677 0)
)
;
    }
    procBoundary22to23
    {
        type            processor;
        value           nonuniform List<vector> 
17
(
(1.42983 -0.0664094 0)
(1.42655 -0.0602378 0)
(1.42336 -0.0550332 0)
(1.41988 -0.0488722 0)
(1.41716 -0.0426334 0)
(1.41409 -0.0363657 0)
(1.411 -0.0301505 0)
(1.409 -0.0241113 0)
(1.40704 -0.0180736 0)
(1.4052 -0.0119229 0)
(1.40351 -0.00544818 0)
(1.40192 0.0011769 0)
(1.39996 0.00740291 0)
(1.39895 0.0143419 0)
(1.39846 0.0221482 0)
(1.39785 0.0301352 0)
(1.39662 0.0383661 0)
)
;
    }
    procBoundary22to29
    {
        type            processor;
        value           nonuniform List<vector> 3((1.30046 0.0618618 0) (1.29916 0.0691834 0) (1.29733 0.0765826 0));
    }
    procBoundary22to30
    {
        type            processor;
        value           nonuniform List<vector> 
133
(
(1.37578 0.0511637 0)
(1.37626 0.0510231 0)
(1.37697 0.0510012 0)
(1.37772 0.0510101 0)
(1.3784 0.0510099 0)
(1.37885 0.0509467 0)
(1.37929 0.0507839 0)
(1.38004 0.05063 0)
(1.38086 0.0504718 0)
(1.38177 0.0502454 0)
(1.38292 0.0498901 0)
(1.38416 0.04944 0)
(1.38506 0.0491662 0)
(1.38585 0.0489614 0)
(1.38654 0.0487335 0)
(1.38728 0.0485625 0)
(1.38809 0.0484537 0)
(1.38893 0.0483311 0)
(1.38988 0.0481074 0)
(1.39102 0.0476926 0)
(1.39292 0.0471411 0)
(1.29617 0.0838039 0)
(1.29684 0.0835366 0)
(1.2976 0.0832652 0)
(1.29846 0.0830702 0)
(1.29944 0.0829175 0)
(1.30033 0.0828266 0)
(1.3011 0.0827842 0)
(1.30182 0.0827366 0)
(1.30246 0.0826469 0)
(1.30279 0.082459 0)
(1.30251 0.0820758 0)
(1.30259 0.0816334 0)
(1.30325 0.0813249 0)
(1.30407 0.0809879 0)
(1.3051 0.0805947 0)
(1.30601 0.0803246 0)
(1.3068 0.0802126 0)
(1.30754 0.0801282 0)
(1.30818 0.0800575 0)
(1.3085 0.0799987 0)
(1.30825 0.0799171 0)
(1.30837 0.0798068 0)
(1.30901 0.0797087 0)
(1.30968 0.0795829 0)
(1.31034 0.0793781 0)
(1.31099 0.0791437 0)
(1.31169 0.0789344 0)
(1.31239 0.0787331 0)
(1.31304 0.0784949 0)
(1.31348 0.0781541 0)
(1.31364 0.0776438 0)
(1.31389 0.0770651 0)
(1.31453 0.0766429 0)
(1.31531 0.0763479 0)
(1.3162 0.0761047 0)
(1.31726 0.075903 0)
(1.31859 0.0757601 0)
(1.31971 0.0756951 0)
(1.32061 0.0756833 0)
(1.32143 0.0756787 0)
(1.32221 0.0756489 0)
(1.3229 0.0755853 0)
(1.32334 0.0754358 0)
(1.32371 0.0751558 0)
(1.32441 0.0748945 0)
(1.32514 0.0745596 0)
(1.32581 0.0740248 0)
(1.32654 0.0734881 0)
(1.32738 0.0731506 0)
(1.32827 0.0728939 0)
(1.32923 0.0726723 0)
(1.33031 0.0724701 0)
(1.33154 0.072254 0)
(1.33263 0.0720315 0)
(1.33348 0.0718597 0)
(1.33427 0.0716906 0)
(1.33501 0.0715108 0)
(1.33565 0.0713342 0)
(1.33605 0.0711358 0)
(1.33618 0.0708992 0)
(1.33647 0.0706773 0)
(1.33694 0.0705081 0)
(1.33729 0.0703525 0)
(1.33722 0.0701811 0)
(1.33748 0.0700557 0)
(1.33821 0.0699758 0)
(1.339 0.0698724 0)
(1.33983 0.0697192 0)
(1.34075 0.0695225 0)
(1.3418 0.0692438 0)
(1.34287 0.0688778 0)
(1.34385 0.068467 0)
(1.34473 0.0680513 0)
(1.34552 0.0676865 0)
(1.34615 0.0673734 0)
(1.34627 0.067047 0)
(1.3457 0.0666907 0)
(1.34598 0.0664892 0)
(1.34678 0.0664218 0)
(1.34764 0.0663514 0)
(1.34868 0.0662286 0)
(1.34979 0.066039 0)
(1.35064 0.0658787 0)
(1.3514 0.0656649 0)
(1.35203 0.0653058 0)
(1.35265 0.0648543 0)
(1.35339 0.0644413 0)
(1.35424 0.0640433 0)
(1.35526 0.0636372 0)
(1.3565 0.0632531 0)
(1.35767 0.0629479 0)
(1.35862 0.0627342 0)
(1.35947 0.0625126 0)
(1.36029 0.0622442 0)
(1.3611 0.0619735 0)
(1.36192 0.0617362 0)
(1.36277 0.0615446 0)
(1.36368 0.0613894 0)
(1.36473 0.0612372 0)
(1.36602 0.0610776 0)
(1.3673 0.0609246 0)
(1.36837 0.0607939 0)
(1.36933 0.060658 0)
(1.37024 0.060481 0)
(1.37111 0.0602787 0)
(1.37193 0.0600903 0)
(1.3727 0.059913 0)
(1.37335 0.059726 0)
(1.37374 0.0594995 0)
(1.374 0.0592491 0)
(1.37578 0.0511637 0)
(1.37457 0.0590912 0)
)
;
    }
}


// ************************************************************************* //
