/*--------------------------------*- C++ -*----------------------------------*\
  =========                 |
  \\      /  F ield         | OpenFOAM: The Open Source CFD Toolbox
   \\    /   O peration     | Website:  https://openfoam.org
    \\  /    A nd           | Version:  7
     \\/     M anipulation  |
\*---------------------------------------------------------------------------*/
FoamFile
{
    version     2.0;
    format      ascii;
    class       volVectorField;
    location    "6";
    object      U;
}
// * * * * * * * * * * * * * * * * * * * * * * * * * * * * * * * * * * * * * //

dimensions      [0 1 -1 0 0 0 0];

internalField   nonuniform List<vector> 
2413
(
(1.4 4.28812e-17 0)
(1.4 -1.74329e-16 0)
(1.4 -2.467e-16 0)
(1.4 -4.48626e-16 0)
(1.4 -4.2901e-16 0)
(1.4 -2.11379e-16 0)
(1.4 -3.24432e-17 0)
(1.4 1.4505e-16 0)
(1.4 6.38293e-16 0)
(1.4 1.22275e-15 0)
(1.4 1.61267e-15 0)
(1.4 1.8549e-15 0)
(1.4 2.02182e-15 0)
(1.4 2.02992e-15 0)
(1.4 2.01698e-15 0)
(1.4 2.1727e-15 0)
(1.4 2.36332e-15 0)
(1.4 2.64178e-15 0)
(1.4 2.87598e-15 0)
(1.4 2.93215e-15 0)
(1.4 2.99197e-15 0)
(1.4 2.87061e-15 0)
(1.4 2.75466e-15 0)
(1.4 2.64691e-15 0)
(1.4 2.5712e-15 0)
(1.4 2.42107e-15 0)
(1.4 2.17543e-15 0)
(1.4 1.97403e-15 0)
(1.4 1.55706e-15 0)
(1.4 1.51996e-15 0)
(1.4 1.51276e-15 0)
(1.4 1.29577e-15 0)
(1.4 9.71277e-16 0)
(1.4 8.06197e-16 0)
(1.4 5.57899e-16 0)
(1.4 -1.00635e-16 0)
(1.4 -6.61331e-16 0)
(1.4 -1.21299e-15 0)
(1.4 -1.45561e-15 0)
(1.4 -1.86358e-15 0)
(1.4 -1.97523e-15 0)
(1.4 -2.15839e-15 0)
(1.4 -2.25988e-15 0)
(1.4 -2.44501e-15 0)
(1.4 -2.43094e-15 0)
(1.4 -2.60855e-15 0)
(1.4 -3.03115e-15 0)
(1.4 -3.07336e-15 0)
(1.4 -2.90064e-15 0)
(1.4 -2.75711e-15 0)
(1.4 -2.56191e-15 0)
(1.4 -2.54997e-15 0)
(1.4 -2.62584e-15 0)
(1.4 -2.78015e-15 0)
(1.4 -2.65682e-15 0)
(1.4 -2.29025e-15 0)
(1.4 -2.08169e-15 0)
(1.4 -1.51461e-15 0)
(1.4 -1.31591e-15 0)
(1.4 -1.19521e-15 0)
(1.4 -1.02398e-15 0)
(1.4 -8.80033e-16 0)
(1.4 -7.53555e-16 0)
(1.4 -5.8391e-16 0)
(1.4 -4.1427e-16 0)
(1.4 -5.19289e-16 0)
(1.4 -4.54968e-16 0)
(1.4 -3.00299e-16 0)
(1.4 -1.74681e-16 0)
(1.4 -2.1817e-17 0)
(1.4 -1.40638e-16 0)
(1.4 -2.52495e-16 0)
(1.4 -2.89744e-16 0)
(1.4 -4.85605e-16 0)
(1.4 -6.38677e-16 0)
(1.4 -2.64276e-18 0)
(1.4 -2.72771e-17 0)
(1.4 -1.14018e-16 0)
(1.4 -1.49184e-16 0)
(1.4 -2.36431e-16 0)
(1.4 -2.98975e-16 0)
(1.4 -3.061e-16 0)
(1.4 -2.29992e-16 0)
(1.4 -1.78767e-16 0)
(1.4 -2.47595e-16 0)
(1.4 -4.11065e-16 0)
(1.4 -4.52656e-16 0)
(1.4 -3.69829e-16 0)
(1.4 -4.52568e-16 0)
(1.4 -4.8093e-16 0)
(1.4 -4.11568e-16 0)
(1.4 -2.98214e-16 0)
(1.4 -3.77103e-16 0)
(1.4 -4.1904e-16 0)
(1.4 -3.09304e-16 0)
(1.4 -2.19856e-16 0)
(1.4 -1.38638e-16 0)
(1.4 -1.45026e-16 0)
(1.4 -1.60001e-16 0)
(1.4 -1.89299e-16 0)
(1.4 -1.33857e-16 0)
(1.4 -1.45152e-16 0)
(1.4 -6.45181e-17 0)
(1.4 4.03549e-17 0)
(1.4 1.47469e-16 0)
(1.4 1.54264e-16 0)
(1.4 2.93961e-16 0)
(1.4 3.354e-16 0)
(1.4 3.09013e-16 0)
(1.4 2.27972e-16 0)
(1.4 3.03537e-16 0)
(1.4 4.93873e-16 0)
(1.4 7.54111e-16 0)
(1.4 8.4553e-16 0)
(1.4 7.98049e-16 0)
(1.4 1.07112e-15 0)
(1.4 1.21592e-15 0)
(1.4 1.38678e-15 0)
(1.4 1.41645e-15 0)
(1.4 1.68531e-15 0)
(1.4 1.8623e-15 0)
(1.4 2.02199e-15 0)
(1.4 2.06794e-15 0)
(1.4 2.11001e-15 0)
(1.4 2.02909e-15 0)
(1.4 2.05047e-15 0)
(1.4 2.03374e-15 0)
(1.4 1.91108e-15 0)
(1.4 1.77452e-15 0)
(1.4 1.72792e-15 0)
(1.4 1.6731e-15 0)
(1.4 1.63768e-15 0)
(1.4 1.57421e-15 0)
(1.4 1.38975e-15 0)
(1.4 1.39261e-15 0)
(1.4 1.21975e-15 0)
(1.4 1.15781e-15 0)
(1.4 1.10979e-15 0)
(1.4 1.14033e-15 0)
(1.4 1.3115e-15 0)
(1.4 1.5503e-15 0)
(1.4 1.69192e-15 0)
(1.4 1.88259e-15 0)
(1.4 1.95407e-15 0)
(1.4 2.0777e-15 0)
(1.4 2.25945e-15 0)
(1.4 2.2662e-15 0)
(1.4 2.29317e-15 0)
(1.4 2.38789e-15 0)
(1.4 2.48293e-15 0)
(1.4 2.39209e-15 0)
(1.4 2.12064e-15 0)
(1.4 1.96788e-15 0)
(1.4 1.85757e-15 0)
(1.4 1.73399e-15 0)
(1.4 1.61128e-15 0)
(1.4 1.49645e-15 0)
(1.4 1.34016e-15 0)
(1.4 1.27176e-15 0)
(1.4 1.29387e-15 0)
(1.4 1.20307e-15 0)
(1.4 9.82048e-16 0)
(1.4 7.56733e-16 0)
(1.4 8.48375e-16 0)
(1.4 7.89936e-16 0)
(1.4 5.6368e-16 0)
(1.4 3.5934e-16 0)
(1.4 2.3031e-16 0)
(1.4 3.11571e-16 0)
(1.4 2.93906e-16 0)
(1.4 3.3682e-16 0)
(1.4 3.6009e-16 0)
(1.4 3.57995e-16 0)
(1.4 4.38481e-16 0)
(1.4 3.16647e-16 0)
(1.4 6.35852e-17 0)
(1.4 5.49635e-17 0)
(1.4 1.60054e-16 0)
(1.4 -2.43621e-17 0)
(1.4 -4.09853e-16 0)
(1.4 -5.51802e-16 0)
(1.4 -1.74086e-16 0)
(1.4 -1.10938e-16 0)
(1.4 -1.91527e-16 0)
(1.4 -3.24227e-16 0)
(1.4 -5.37653e-16 0)
(1.4 -6.70278e-16 0)
(1.4 -7.99489e-16 0)
(1.4 -8.40614e-16 0)
(1.4 -8.09682e-16 0)
(1.4 -7.83417e-16 0)
(1.4 -8.19142e-16 0)
(1.4 -7.2841e-16 0)
(1.4 -4.93458e-16 0)
(1.4 -3.39558e-16 0)
(1.4 -2.96225e-16 0)
(1.4 -2.76951e-16 0)
(1.4 -1.8174e-16 0)
(1.4 -1.04426e-16 0)
(1.4 -1.41507e-16 0)
(1.4 -2.95039e-16 0)
(1.4 -5.70538e-16 0)
(1.4 -9.84608e-16 0)
(1.4 -1.33106e-15 0)
(1.4 -1.45726e-15 0)
(1.4 -1.47267e-15 0)
(1.4 -1.41597e-15 0)
(1.4 1.10357e-19 0)
(1.4 -3.54514e-17 0)
(1.4 -5.13879e-17 0)
(1.4 -1.29921e-16 0)
(1.4 -1.51332e-16 0)
(1.4 -2.08967e-16 0)
(1.4 -3.45402e-16 0)
(1.4 -3.58564e-16 0)
(1.4 -3.97041e-16 0)
(1.4 -3.40793e-16 0)
(1.4 -3.4337e-16 0)
(1.4 -3.21989e-16 0)
(1.4 -2.78609e-16 0)
(1.4 -1.96666e-16 0)
(1.4 -1.0091e-16 0)
(1.4 -9.99565e-17 0)
(1.4 -2.43205e-17 0)
(1.4 1.39023e-16 0)
(1.4 2.91345e-16 0)
(1.4 2.8416e-16 0)
(1.4 2.61702e-16 0)
(1.4 3.3105e-16 0)
(1.4 3.34154e-16 0)
(1.4 3.58083e-16 0)
(1.4 3.7281e-16 0)
(1.4 2.75807e-16 0)
(1.4 3.82829e-16 0)
(1.4 2.75551e-16 0)
(1.4 3.27342e-16 0)
(1.4 4.34467e-16 0)
(1.4 5.441e-16 0)
(1.4 5.69977e-16 0)
(1.4 6.50397e-16 0)
(1.4 8.53462e-16 0)
(1.4 9.16569e-16 0)
(1.4 9.1513e-16 0)
(1.4 1.15381e-15 0)
(1.4 1.29449e-15 0)
(1.4 1.31379e-15 0)
(1.4 1.27576e-15 0)
(1.4 1.35653e-15 0)
(1.4 1.46642e-15 0)
(1.4 1.50642e-15 0)
(1.4 1.66037e-15 0)
(1.4 1.8229e-15 0)
(1.4 1.90803e-15 0)
(1.4 1.97964e-15 0)
(1.4 1.93262e-15 0)
(1.4 1.63754e-15 0)
(1.4 1.55705e-15 0)
(1.4 1.57036e-15 0)
(1.4 1.53734e-15 0)
(1.4 1.79287e-15 0)
(1.4 1.91235e-15 0)
(1.4 1.82824e-15 0)
(1.4 1.7132e-15 0)
(1.4 1.71085e-15 0)
(1.4 1.78162e-15 0)
(1.4 1.70717e-15 0)
(1.4 1.65524e-15 0)
(1.4 1.59863e-15 0)
(1.4 1.61873e-15 0)
(1.4 1.45179e-15 0)
(1.4 1.3033e-15 0)
(1.4 1.19699e-15 0)
(1.4 9.56714e-16 0)
(1.4 4.3882e-16 0)
(1.4 7.25698e-17 0)
(1.4 3.97324e-17 0)
(1.4 2.42231e-16 0)
(1.4 3.6569e-16 0)
(1.4 4.34684e-16 0)
(1.4 5.12217e-16 0)
(1.4 5.13301e-16 0)
(1.4 2.35895e-16 0)
(1.4 2.9034e-16 0)
(1.4 2.05123e-16 0)
(1.4 1.66659e-16 0)
(1.4 9.95804e-17 0)
(1.4 8.4346e-17 0)
(1.4 1.22356e-16 0)
(1.4 2.24562e-16 0)
(1.4 3.96925e-16 0)
(1.4 6.9506e-16 0)
(1.4 8.68865e-16 0)
(1.4 9.71059e-16 0)
(1.4 1.04604e-15 0)
(1.4 1.07897e-15 0)
(1.4 1.07814e-15 0)
(1.4 1.13596e-15 0)
(1.4 1.13729e-15 0)
(1.4 1.0552e-15 0)
(1.4 7.49128e-16 0)
(1.4 6.46221e-16 0)
(1.4 6.86484e-16 0)
(1.4 7.44856e-16 0)
(1.4 8.33862e-16 0)
(1.4 1.21533e-15 0)
(1.4 1.37207e-15 0)
(1.4 2.12857e-15 0)
(1.4 2.43765e-15 0)
(1.4 2.34909e-15 0)
(1.4 2.06256e-15 0)
(1.4 1.92333e-15 0)
(1.4 1.65772e-15 0)
(1.4 1.87138e-15 0)
(1.4 2.13002e-15 0)
(1.4 2.15985e-15 0)
(1.4 2.07635e-15 0)
(1.4 2.02291e-15 0)
(1.4 1.89904e-15 0)
(1.4 1.69744e-15 0)
(1.4 1.08423e-15 0)
(1.4 3.79688e-16 0)
(1.4 -4.38001e-16 0)
(1.4 -7.68779e-16 0)
(1.4 -1.26942e-15 0)
(1.4 -1.33666e-15 0)
(1.4 -1.25218e-15 0)
(1.4 -1.2803e-15 0)
(1.4 -1.24563e-15 0)
(1.4 -1.27242e-15 0)
(1.4 -1.19445e-15 0)
(1.4 -1.17394e-15 0)
(1.4 -1.09798e-15 0)
(1.4 -9.78155e-16 0)
(1.4 -9.32315e-16 0)
(1.4 -7.67766e-16 0)
(1.4 -6.40972e-16 0)
(1.4 -5.47074e-16 0)
(1.4 -4.61097e-16 0)
(1.4 -3.87446e-16 0)
(1.4 -7.92194e-19 0)
(1.4 4.85629e-17 0)
(1.4 1.38659e-16 0)
(1.4 1.54767e-16 0)
(1.4 1.66307e-16 0)
(1.4 1.73168e-16 0)
(1.4 1.95168e-16 0)
(1.4 1.60921e-16 0)
(1.4 1.13358e-16 0)
(1.4 1.47501e-16 0)
(1.4 1.47852e-16 0)
(1.4 8.69031e-17 0)
(1.4 2.28423e-17 0)
(1.4 1.07802e-16 0)
(1.4 3.21e-16 0)
(1.4 3.27453e-16 0)
(1.4 3.04601e-16 0)
(1.4 4.10908e-16 0)
(1.4 6.07472e-16 0)
(1.4 6.87717e-16 0)
(1.4 7.27004e-16 0)
(1.4 7.25047e-16 0)
(1.4 7.59681e-16 0)
(1.4 7.88356e-16 0)
(1.4 9.11836e-16 0)
(1.4 1.13682e-15 0)
(1.4 1.26946e-15 0)
(1.4 1.36258e-15 0)
(1.4 1.29006e-15 0)
(1.4 1.24179e-15 0)
(1.4 1.17653e-15 0)
(1.4 1.14424e-15 0)
(1.4 1.15658e-15 0)
(1.4 1.38474e-15 0)
(1.4 1.89848e-15 0)
(1.4 2.0797e-15 0)
(1.4 2.22895e-15 0)
(1.4 2.30023e-15 0)
(1.4 2.20554e-15 0)
(1.4 2.11085e-15 0)
(1.4 1.90628e-15 0)
(1.4 1.96323e-15 0)
(1.4 2.11106e-15 0)
(1.4 2.24346e-15 0)
(1.4 2.37733e-15 0)
(1.4 2.17511e-15 0)
(1.4 1.88109e-15 0)
(1.4 1.76024e-15 0)
(1.4 1.75877e-15 0)
(1.4 1.78796e-15 0)
(1.4 1.64721e-15 0)
(1.4 1.48059e-15 0)
(1.4 1.52522e-15 0)
(1.4 1.44627e-15 0)
(1.4 1.375e-15 0)
(1.4 1.31024e-15 0)
(1.4 1.17504e-15 0)
(1.4 1.02433e-15 0)
(1.4 8.51074e-16 0)
(1.4 6.02402e-16 0)
(1.4 2.24585e-16 0)
(1.4 -1.02728e-16 0)
(1.4 -2.43464e-16 0)
(1.4 -6.29628e-16 0)
(1.4 -1.03371e-15 0)
(1.4 -1.70629e-15 0)
(1.4 -1.84489e-15 0)
(1.4 -1.69811e-15 0)
(1.4 -1.60552e-15 0)
(1.4 -1.50753e-15 0)
(1.4 -1.30236e-15 0)
(1.4 -1.0646e-15 0)
(1.4 -1.00901e-15 0)
(1.4 -7.90379e-16 0)
(1.4 -7.91994e-16 0)
(1.4 -5.55467e-16 0)
(1.4 -4.54341e-16 0)
(1.4 -3.6909e-16 0)
(1.4 -3.94527e-16 0)
(1.4 -4.59923e-16 0)
(1.4 -4.19176e-16 0)
(1.4 -3.88606e-16 0)
(1.4 -2.31404e-16 0)
(1.4 -2.02102e-16 0)
(1.4 -1.90155e-16 0)
(1.4 -9.20297e-17 0)
(1.4 4.8686e-16 0)
(1.4 7.876e-16 0)
(1.4 6.6704e-16 0)
(1.4 6.48688e-16 0)
(1.4 8.69131e-16 0)
(1.4 8.60274e-16 0)
(1.4 7.59021e-16 0)
(1.4 7.30974e-16 0)
(1.4 1.03399e-15 0)
(1.4 1.29752e-15 0)
(1.4 1.64439e-15 0)
(1.4 2.18569e-15 0)
(1.4 2.43443e-15 0)
(1.4 3.16835e-15 0)
(1.4 3.67154e-15 0)
(1.4 3.72333e-15 0)
(1.4 3.55727e-15 0)
(1.4 3.56717e-15 0)
(1.4 3.64773e-15 0)
(1.4 3.91232e-15 0)
(1.4 3.37029e-15 0)
(1.4 3.02942e-15 0)
(1.4 2.54734e-15 0)
(1.4 2.13296e-15 0)
(1.4 1.99074e-15 0)
(1.4 1.6886e-15 0)
(1.4 1.27666e-15 0)
(1.4 1.06317e-15 0)
(1.4 4.51079e-16 0)
(1.4 2.64594e-16 0)
(1.4 -2.70052e-17 0)
(1.4 -2.90548e-16 0)
(1.4 -3.71414e-16 0)
(1.4 -3.77128e-16 0)
(1.4 -1.50979e-16 0)
(1.4 -3.83184e-17 0)
(1.4 1.52506e-16 0)
(1.4 2.00171e-16 0)
(1.4 1.82e-16 0)
(1.4 3.57544e-16 0)
(1.4 8.38099e-16 0)
(1.4 1.02339e-15 0)
(1.4 1.46506e-15 0)
(1.4 1.76776e-15 0)
(1.4 1.91436e-15 0)
(1.4 2.15183e-15 0)
(1.4 6.87273e-18 0)
(1.4 9.31847e-19 0)
(1.4 -3.85542e-18 0)
(1.4 -2.28072e-17 0)
(1.4 -1.11863e-17 0)
(1.4 -3.99595e-18 0)
(1.4 3.21285e-16 0)
(1.4 3.75197e-16 0)
(1.4 3.81087e-16 0)
(1.4 3.64539e-16 0)
(1.4 3.54637e-16 0)
(1.4 3.34827e-16 0)
(1.4 3.40969e-16 0)
(1.4 2.30816e-16 0)
(1.4 2.04356e-16 0)
(1.4 1.94058e-16 0)
(1.4 2.3887e-16 0)
(1.4 2.33027e-16 0)
(1.4 1.36088e-16 0)
(1.4 2.24273e-16 0)
(1.4 3.2499e-16 0)
(1.4 3.78683e-16 0)
(1.4 5.67076e-16 0)
(1.4 6.74594e-16 0)
(1.4 9.6398e-16 0)
(1.4 1.19688e-15 0)
(1.4 1.32423e-15 0)
(1.4 1.4078e-15 0)
(1.4 1.50277e-15 0)
(1.4 1.58372e-15 0)
(1.4 1.5141e-15 0)
(1.4 1.48789e-15 0)
(1.4 1.45589e-15 0)
(1.4 1.64597e-15 0)
(1.4 1.69616e-15 0)
(1.4 1.65368e-15 0)
(1.4 1.54045e-15 0)
(1.4 1.49374e-15 0)
(1.4 1.52628e-15 0)
(1.4 1.67569e-15 0)
(1.4 1.70327e-15 0)
(1.4 1.72233e-15 0)
(1.4 1.65475e-15 0)
(1.4 1.62228e-15 0)
(1.4 1.48525e-15 0)
(1.4 1.43128e-15 0)
(1.4 1.34492e-15 0)
(1.4 1.45795e-15 0)
(1.4 1.47923e-15 0)
(1.4 1.48089e-15 0)
(1.4 1.55753e-15 0)
(1.4 1.56527e-15 0)
(1.4 1.33233e-15 0)
(1.4 1.30159e-15 0)
(1.4 9.64486e-16 0)
(1.4 5.97788e-16 0)
(1.4 1.58988e-16 0)
(1.4 -3.3792e-16 0)
(1.4 -1.14631e-15 0)
(1.4 -1.40565e-15 0)
(1.4 -1.7252e-15 0)
(1.4 -1.84186e-15 0)
(1.4 -1.96312e-15 0)
(1.4 -1.92721e-15 0)
(1.4 -1.59929e-15 0)
(1.4 -1.52561e-15 0)
(1.4 -1.42355e-15 0)
(1.4 -1.43191e-15 0)
(1.4 -1.47455e-15 0)
(1.4 -1.66701e-15 0)
(1.4 -1.75497e-15 0)
(1.4 -1.7654e-15 0)
(1.4 -1.81468e-15 0)
(1.4 -1.63331e-15 0)
(1.4 -1.54786e-15 0)
(1.4 -1.60167e-15 0)
(1.4 -1.68094e-15 0)
(1.4 -1.65428e-15 0)
(1.4 -1.29848e-15 0)
(1.4 -1.29404e-15 0)
(1.4 -1.31367e-15 0)
(1.4 -1.33361e-15 0)
(1.4 -1.44813e-15 0)
(1.4 -1.66142e-15 0)
(1.4 -1.40222e-15 0)
(1.4 -9.19378e-16 0)
(1.4 -8.90096e-16 0)
(1.4 -8.76781e-16 0)
(1.4 -3.8801e-16 0)
(1.4 -1.58267e-16 0)
(1.4 6.7019e-17 0)
(1.4 6.8506e-16 0)
(1.4 1.19529e-15 0)
(1.4 1.50506e-15 0)
(1.4 1.63522e-15 0)
(1.4 2.08581e-15 0)
(1.4 2.45163e-15 0)
(1.4 2.54917e-15 0)
(1.4 2.58269e-15 0)
(1.4 2.57392e-15 0)
(1.4 2.61977e-15 0)
(1.4 2.73676e-15 0)
(1.4 3.56014e-15 0)
(1.4 3.77742e-15 0)
(1.4 3.93063e-15 0)
(1.4 3.76863e-15 0)
(1.4 3.29605e-15 0)
(1.4 2.98549e-15 0)
(1.4 2.77563e-15 0)
(1.4 2.26204e-15 0)
(1.4 1.77954e-15 0)
(1.4 1.44097e-15 0)
(1.4 1.31134e-15 0)
(1.4 1.31815e-15 0)
(1.4 1.22798e-15 0)
(1.4 1.20672e-15 0)
(1.4 1.08116e-15 0)
(1.4 9.58542e-16 0)
(1.4 6.14653e-16 0)
(1.4 3.82788e-16 0)
(1.4 9.38342e-16 0)
(1.4 1.49813e-15 0)
(1.4 1.74263e-15 0)
(1.4 1.84083e-15 0)
(1.4 1.88294e-15 0)
(1.4 1.84813e-15 0)
(1.4 2.06725e-15 0)
(1.4 2.13849e-15 0)
(1.4 2.35315e-15 0)
(1.4 2.53449e-15 0)
(1.4 2.67821e-15 0)
(1.4 2.98649e-15 0)
(1.4 -2.00443e-17 0)
(1.4 1.07438e-18 0)
(1.4 -4.50256e-17 0)
(1.4 -5.03195e-17 0)
(1.4 -1.88226e-17 0)
(1.4 -1.90072e-18 0)
(1.4 4.71438e-17 0)
(1.4 8.95667e-17 0)
(1.4 1.22361e-16 0)
(1.4 6.20292e-17 0)
(1.4 6.79555e-17 0)
(1.4 1.39044e-16 0)
(1.4 1.94774e-16 0)
(1.4 -3.01061e-18 0)
(1.4 -6.88552e-17 0)
(1.4 -1.5845e-16 0)
(1.4 -2.1648e-16 0)
(1.4 -1.88574e-16 0)
(1.4 -1.02673e-16 0)
(1.4 -8.92974e-17 0)
(1.4 -4.69395e-17 0)
(1.4 1.19771e-16 0)
(1.4 2.53334e-16 0)
(1.4 3.58322e-16 0)
(1.4 4.95256e-16 0)
(1.4 4.55473e-16 0)
(1.4 5.23562e-16 0)
(1.4 6.38486e-16 0)
(1.4 7.64009e-16 0)
(1.4 8.21685e-16 0)
(1.4 9.6734e-16 0)
(1.4 1.02647e-15 0)
(1.4 9.50103e-16 0)
(1.4 8.45395e-16 0)
(1.4 7.051e-16 0)
(1.4 3.73297e-16 0)
(1.4 2.3715e-16 0)
(1.4 1.28479e-16 0)
(1.4 1.34852e-16 0)
(1.4 8.72906e-17 0)
(1.4 4.82227e-16 0)
(1.4 5.70041e-16 0)
(1.4 6.40666e-16 0)
(1.4 6.77635e-16 0)
(1.4 7.32924e-16 0)
(1.4 7.59642e-16 0)
(1.4 8.99316e-16 0)
(1.4 9.5278e-16 0)
(1.4 9.55777e-16 0)
(1.4 9.93839e-16 0)
(1.4 1.24823e-15 0)
(1.4 1.36664e-15 0)
(1.4 1.28708e-15 0)
(1.4 9.44726e-16 0)
(1.4 8.51358e-16 0)
(1.4 7.78638e-16 0)
(1.4 7.60069e-16 0)
(1.4 4.24111e-16 0)
(1.4 7.74312e-17 0)
(1.4 -3.03768e-16 0)
(1.4 -4.57504e-16 0)
(1.4 -7.07375e-16 0)
(1.4 -7.61841e-16 0)
(1.4 -7.3653e-16 0)
(1.4 -6.49753e-16 0)
(1.4 -6.15716e-16 0)
(1.4 -4.84864e-16 0)
(1.4 -4.71159e-16 0)
(1.4 -4.91318e-16 0)
(1.4 -5.79702e-16 0)
(1.4 -7.68858e-16 0)
(1.4 -8.84132e-16 0)
(1.4 -9.27787e-16 0)
(1.4 -1.05574e-15 0)
(1.4 -1.07331e-15 0)
(1.4 -1.22264e-15 0)
(1.4 -1.45143e-15 0)
(1.4 -1.47697e-15 0)
(1.4 -1.25925e-15 0)
(1.4 -1.13466e-15 0)
(1.4 -1.12388e-15 0)
(1.4 -1.08003e-15 0)
(1.4 -9.97591e-16 0)
(1.4 -8.23937e-16 0)
(1.4 -7.94044e-16 0)
(1.4 -7.83288e-16 0)
(1.4 -9.28045e-16 0)
(1.4 -1.03234e-15 0)
(1.4 -1.10605e-15 0)
(1.4 -1.11407e-15 0)
(1.4 -8.37809e-16 0)
(1.4 -3.08043e-16 0)
(1.4 3.42789e-17 0)
(1.4 3.78908e-16 0)
(1.4 5.23557e-16 0)
(1.4 1.10861e-15 0)
(1.4 1.73857e-15 0)
(1.4 1.98004e-15 0)
(1.4 2.07351e-15 0)
(1.4 1.99401e-15 0)
(1.4 2.02344e-15 0)
(1.4 2.29605e-15 0)
(1.4 2.2516e-15 0)
(1.4 2.06725e-15 0)
(1.4 1.9624e-15 0)
(1.4 1.66853e-15 0)
(1.4 1.32135e-15 0)
(1.4 1.09812e-15 0)
(1.4 1.04634e-15 0)
(1.4 1.10025e-15 0)
(1.4 1.04684e-15 0)
(1.4 8.08632e-16 0)
(1.4 5.22769e-16 0)
(1.4 3.34084e-16 0)
(1.4 4.66868e-16 0)
(1.4 4.9734e-16 0)
(1.4 6.13758e-16 0)
(1.4 7.27875e-16 0)
(1.4 9.34808e-16 0)
(1.4 9.16593e-16 0)
(1.4 1.30545e-15 0)
(1.4 1.28768e-15 0)
(1.4 1.38128e-15 0)
(1.4 1.42097e-15 0)
(1.4 1.64596e-15 0)
(1.4 1.63739e-15 0)
(1.4 1.64153e-15 0)
(1.4 1.75835e-15 0)
(1.4 2.11075e-15 0)
(1.4 2.2588e-15 0)
(1.4 2.25233e-15 0)
(1.4 2.11165e-15 0)
(1.4 -1.83171e-17 0)
(1.4 -7.08085e-19 0)
(1.4 1.25037e-17 0)
(1.4 8.41977e-17 0)
(1.4 7.65386e-17 0)
(1.4 -3.53215e-17 0)
(1.4 -1.23958e-16 0)
(1.4 -1.56956e-16 0)
(1.4 -1.92444e-16 0)
(1.4 -2.40671e-16 0)
(1.4 -2.16034e-16 0)
(1.4 -1.82916e-16 0)
(1.4 -2.63919e-16 0)
(1.4 -1.4409e-16 0)
(1.4 3.18236e-18 0)
(1.4 -3.45696e-17 0)
(1.4 -6.69791e-17 0)
(1.4 -2.69143e-16 0)
(1.4 -3.12651e-16 0)
(1.4 -4.18539e-16 0)
(1.4 -5.00984e-16 0)
(1.4 -6.19716e-16 0)
(1.4 -6.47112e-16 0)
(1.4 -6.45546e-16 0)
(1.4 -6.43366e-16 0)
(1.4 -5.42962e-16 0)
(1.4 -4.81575e-16 0)
(1.4 -4.19154e-16 0)
(1.4 -4.78676e-16 0)
(1.4 -5.54177e-16 0)
(1.4 -5.87035e-16 0)
(1.4 -5.78152e-16 0)
(1.4 -5.97466e-16 0)
(1.4 -6.48486e-16 0)
(1.4 -6.89452e-16 0)
(1.4 -7.90144e-16 0)
(1.4 -8.64553e-16 0)
(1.4 -9.1969e-16 0)
(1.4 -9.61104e-16 0)
(1.4 -1.08351e-15 0)
(1.4 -1.09509e-15 0)
(1.4 -1.13301e-15 0)
(1.4 -1.08176e-15 0)
(1.4 -1.08659e-15 0)
(1.4 -9.621e-16 0)
(1.4 -9.11064e-16 0)
(1.4 -6.43407e-16 0)
(1.4 -2.69692e-16 0)
(1.4 8.29613e-17 0)
(1.4 2.55031e-16 0)
(1.4 7.47462e-16 0)
(1.4 8.33771e-16 0)
(1.4 8.71528e-16 0)
(1.4 7.45433e-16 0)
(1.4 5.66631e-16 0)
(1.4 4.92853e-16 0)
(1.4 6.03543e-16 0)
(1.4 7.74737e-16 0)
(1.4 8.56771e-16 0)
(1.4 9.15338e-16 0)
(1.4 1.00104e-15 0)
(1.4 9.1434e-16 0)
(1.4 7.96203e-16 0)
(1.4 7.26041e-16 0)
(1.4 6.41683e-16 0)
(1.4 7.44914e-16 0)
(1.4 8.76162e-16 0)
(1.4 1.23558e-15 0)
(1.4 1.36463e-15 0)
(1.4 1.43743e-15 0)
(1.4 1.44958e-15 0)
(1.4 1.4717e-15 0)
(1.4 1.58826e-15 0)
(1.4 1.58929e-15 0)
(1.4 1.25531e-15 0)
(1.4 9.40777e-16 0)
(1.4 6.76022e-16 0)
(1.4 5.31138e-16 0)
(1.4 2.31664e-16 0)
(1.4 -1.40017e-16 0)
(1.4 -1.90487e-16 0)
(1.4 -2.49273e-16 0)
(1.4 -3.39539e-16 0)
(1.4 -2.77891e-16 0)
(1.4 -2.22412e-16 0)
(1.4 -2.25491e-16 0)
(1.4 -1.90419e-16 0)
(1.4 -9.68877e-17 0)
(1.4 -1.80053e-16 0)
(1.4 -3.6051e-16 0)
(1.4 -4.92798e-16 0)
(1.4 -2.18664e-16 0)
(1.4 2.62026e-17 0)
(1.4 4.96181e-16 0)
(1.4 8.18216e-16 0)
(1.4 9.01504e-16 0)
(1.4 7.75212e-16 0)
(1.4 8.82809e-16 0)
(1.4 1.00172e-15 0)
(1.4 9.94245e-16 0)
(1.4 8.75542e-16 0)
(1.4 8.4442e-16 0)
(1.4 8.85274e-16 0)
(1.4 9.7687e-16 0)
(1.4 7.48958e-16 0)
(1.4 7.61957e-16 0)
(1.4 8.87017e-16 0)
(1.4 9.34234e-16 0)
(1.4 1.06173e-15 0)
(1.4 1.18289e-15 0)
(1.4 1.16123e-15 0)
(1.4 1.14421e-15 0)
(1.4 7.97174e-16 0)
(1.4 6.19958e-16 0)
(1.4 3.62934e-16 0)
(1.4 4.2046e-17 0)
(1.4 -4.70777e-17 0)
(1.4 -5.45228e-17 0)
(1.4 3.38697e-16 0)
(1.4 5.31596e-16 0)
(1.4 8.34245e-16 0)
(1.4 8.65398e-16 0)
(1.4 9.62803e-16 0)
(1.4 1.18631e-15 0)
(1.4 1.21712e-15 0)
(1.4 1.26929e-15 0)
(1.4 1.34108e-15 0)
(1.4 1.33041e-15 0)
(1.4 1.23041e-15 0)
(1.4 1.18863e-15 0)
(1.4 1.20449e-15 0)
(1.4 1.07607e-15 0)
(1.4 8.90482e-18 0)
(1.4 4.85136e-18 0)
(1.4 8.26686e-17 0)
(1.4 1.45024e-16 0)
(1.4 8.95959e-17 0)
(1.4 8.82194e-17 0)
(1.4 -3.22198e-17 0)
(1.4 -2.62248e-16 0)
(1.4 -3.05596e-16 0)
(1.4 -3.05973e-16 0)
(1.4 -2.97015e-16 0)
(1.4 -2.53725e-16 0)
(1.4 -1.61053e-16 0)
(1.4 4.87472e-17 0)
(1.4 1.60746e-16 0)
(1.4 1.39604e-16 0)
(1.4 2.01029e-16 0)
(1.4 1.47889e-16 0)
(1.4 3.10526e-17 0)
(1.4 -2.32426e-16 0)
(1.4 -2.9665e-16 0)
(1.4 -3.86211e-16 0)
(1.4 -4.95336e-16 0)
(1.4 -5.11566e-16 0)
(1.4 -6.1417e-16 0)
(1.4 -7.26966e-16 0)
(1.4 -8.41055e-16 0)
(1.4 -9.94645e-16 0)
(1.4 -1.14289e-15 0)
(1.4 -1.23469e-15 0)
(1.4 -1.16246e-15 0)
(1.4 -1.16397e-15 0)
(1.4 -1.14622e-15 0)
(1.4 -1.14565e-15 0)
(1.4 -1.24754e-15 0)
(1.4 -1.30915e-15 0)
(1.4 -1.34683e-15 0)
(1.4 -1.37398e-15 0)
(1.4 -1.54863e-15 0)
(1.4 -1.72591e-15 0)
(1.4 -2.10106e-15 0)
(1.4 -2.34271e-15 0)
(1.4 -2.75819e-15 0)
(1.4 -2.831e-15 0)
(1.4 -2.67244e-15 0)
(1.4 -2.47663e-15 0)
(1.4 -1.78661e-15 0)
(1.4 -1.22149e-15 0)
(1.4 -8.1884e-16 0)
(1.4 -4.53028e-16 0)
(1.4 -4.53208e-16 0)
(1.4 -4.33114e-16 0)
(1.4 -3.86078e-16 0)
(1.4 -3.01266e-16 0)
(1.4 -3.08406e-16 0)
(1.4 -3.0744e-16 0)
(1.4 -3.40172e-16 0)
(1.4 4.12305e-17 0)
(1.4 4.65842e-16 0)
(1.4 9.06758e-16 0)
(1.4 1.28748e-15 0)
(1.4 1.70195e-15 0)
(1.4 1.94506e-15 0)
(1.4 1.95944e-15 0)
(1.4 1.99504e-15 0)
(1.4 2.12639e-15 0)
(1.4 2.25502e-15 0)
(1.4 2.30902e-15 0)
(1.4 2.38778e-15 0)
(1.4 2.67182e-15 0)
(1.4 2.92203e-15 0)
(1.4 3.00109e-15 0)
(1.4 2.79464e-15 0)
(1.4 2.77478e-15 0)
(1.4 2.91859e-15 0)
(1.4 2.83606e-15 0)
(1.4 2.69995e-15 0)
(1.4 2.313e-15 0)
(1.4 1.78654e-15 0)
(1.4 1.17873e-15 0)
(1.4 8.50186e-16 0)
(1.4 4.78727e-16 0)
(1.4 3.78884e-16 0)
(1.4 2.74412e-16 0)
(1.4 3.53091e-16 0)
(1.4 3.52965e-16 0)
(1.4 2.37682e-16 0)
(1.4 3.46332e-16 0)
(1.4 4.57195e-16 0)
(1.4 4.9283e-16 0)
(1.4 2.92469e-16 0)
(1.4 2.49226e-16 0)
(1.4 3.1224e-16 0)
(1.4 3.53924e-16 0)
(1.4 3.89683e-16 0)
(1.4 4.33984e-16 0)
(1.4 3.6161e-16 0)
(1.4 1.09523e-16 0)
(1.4 6.09914e-17 0)
(1.4 1.21788e-16 0)
(1.4 -7.27976e-17 0)
(1.4 -2.48321e-16 0)
(1.4 -2.04785e-16 0)
(1.4 4.5793e-17 0)
(1.4 1.95454e-16 0)
(1.4 5.51661e-16 0)
(1.4 8.04691e-16 0)
(1.4 8.94694e-16 0)
(1.4 9.47642e-16 0)
(1.4 8.0878e-16 0)
(1.4 7.7838e-16 0)
(1.4 8.38982e-16 0)
(1.4 6.14631e-16 0)
(1.4 4.68718e-16 0)
(1.4 9.24668e-17 0)
(1.4 -7.30913e-17 0)
(1.4 -3.0626e-17 0)
(1.4 -1.70519e-16 0)
(1.4 -2.42124e-16 0)
(1.4 -2.70267e-16 0)
(1.4 -4.50522e-16 0)
(1.4 -4.01584e-16 0)
(1.4 -2.10349e-16 0)
(1.4 7.07142e-17 0)
(1.4 1.67701e-16 0)
(1.4 4.23149e-16 0)
(1.4 6.51252e-16 0)
(1.4 7.42407e-16 0)
(1.4 8.29906e-16 0)
(1.4 8.05365e-16 0)
(1.4 7.6786e-16 0)
(1.4 6.54477e-16 0)
(1.4 8.85719e-17 0)
(1.4 7.43555e-17 0)
(1.4 2.61631e-17 0)
(1.4 -3.23271e-17 0)
(1.4 3.24165e-17 0)
(1.4 5.17685e-17 0)
(1.4 4.11611e-17 0)
(1.4 1.33004e-16 0)
(1.4 2.45564e-16 0)
(1.4 2.47635e-16 0)
(1.4 2.04033e-16 0)
(1.4 1.96939e-16 0)
(1.4 1.33631e-16 0)
(1.4 5.32215e-17 0)
(1.4 -4.75461e-17 0)
(1.4 -8.55253e-17 0)
(1.4 -7.06951e-17 0)
(1.4 -3.21209e-17 0)
(1.4 -7.30402e-17 0)
(1.4 -6.69971e-17 0)
(1.4 -5.15749e-17 0)
(1.4 2.46568e-16 0)
(1.4 2.97705e-16 0)
(1.4 1.05296e-16 0)
(1.4 -4.16503e-17 0)
(1.4 -2.52604e-16 0)
(1.4 -3.24662e-16 0)
(1.4 -5.2216e-16 0)
(1.4 -5.88123e-16 0)
(1.4 -5.48585e-16 0)
(1.4 -5.38739e-16 0)
(1.4 -6.23163e-16 0)
(1.4 -7.04695e-16 0)
(1.4 -8.24072e-16 0)
(1.4 -9.09022e-16 0)
(1.4 -1.05665e-15 0)
(1.4 -1.15328e-15 0)
(1.4 -1.42206e-15 0)
(1.4 -1.56565e-15 0)
(1.4 -1.6852e-15 0)
(1.4 -1.91947e-15 0)
(1.4 -2.09303e-15 0)
(1.4 -2.38696e-15 0)
(1.4 -2.3703e-15 0)
(1.4 -2.18663e-15 0)
(1.4 -2.05607e-15 0)
(1.4 -1.90764e-15 0)
(1.4 -1.85716e-15 0)
(1.4 -1.85638e-15 0)
(1.4 -1.91224e-15 0)
(1.4 -1.75213e-15 0)
(1.4 -1.71365e-15 0)
(1.4 -1.43719e-15 0)
(1.4 -1.18365e-15 0)
(1.4 -6.00312e-16 0)
(1.4 -4.21657e-16 0)
(1.4 8.50075e-17 0)
(1.4 3.58272e-16 0)
(1.4 1.07892e-15 0)
(1.4 1.38477e-15 0)
(1.4 1.82603e-15 0)
(1.4 2.15325e-15 0)
(1.4 2.37889e-15 0)
(1.4 2.46368e-15 0)
(1.4 2.60673e-15 0)
(1.4 2.67221e-15 0)
(1.4 2.736e-15 0)
(1.4 2.54669e-15 0)
(1.4 2.37577e-15 0)
(1.4 2.36603e-15 0)
(1.4 2.39757e-15 0)
(1.4 2.42014e-15 0)
(1.4 1.97084e-15 0)
(1.4 1.51548e-15 0)
(1.4 1.72596e-15 0)
(1.4 1.50552e-15 0)
(1.4 1.257e-15 0)
(1.4 1.42467e-15 0)
(1.4 1.51502e-15 0)
(1.4 1.83411e-15 0)
(1.4 1.96404e-15 0)
(1.4 1.60321e-15 0)
(1.4 1.41822e-15 0)
(1.4 1.29777e-15 0)
(1.4 1.04119e-15 0)
(1.4 7.60297e-16 0)
(1.4 5.61078e-16 0)
(1.4 3.49779e-16 0)
(1.4 3.07959e-16 0)
(1.4 2.36962e-16 0)
(1.4 7.21916e-17 0)
(1.4 -2.36307e-16 0)
(1.4 -4.13356e-16 0)
(1.4 -5.48534e-16 0)
(1.4 -5.30406e-16 0)
(1.4 -6.16653e-16 0)
(1.4 -6.72692e-16 0)
(1.4 -7.96993e-16 0)
(1.4 -9.10798e-16 0)
(1.4 -8.56499e-16 0)
(1.4 -1.08208e-15 0)
(1.4 -1.12833e-15 0)
(1.4 -1.04214e-15 0)
(1.4 -7.97739e-16 0)
(1.4 -5.40405e-16 0)
(1.4 -2.29294e-16 0)
(1.4 -1.20498e-16 0)
(1.4 -2.22813e-18 0)
(1.4 -6.82761e-17 0)
(1.4 -2.06736e-16 0)
(1.4 -2.47043e-16 0)
(1.4 -2.16804e-16 0)
(1.4 -1.43179e-16 0)
(1.4 -1.71898e-16 0)
(1.4 -2.40678e-16 0)
(1.4 -3.75023e-16 0)
(1.4 -5.90051e-16 0)
(1.4 -9.33684e-16 0)
(1.4 -1.02841e-15 0)
(1.4 -1.21991e-15 0)
(1.4 -1.47069e-15 0)
(1.4 -1.34931e-15 0)
(1.4 -1.06935e-15 0)
(1.4 -9.73746e-16 0)
(1.4 -7.70435e-16 0)
(1.4 -2.72135e-16 0)
(1.4 -6.53863e-17 0)
(1.4 8.27135e-17 0)
(1.4 4.42466e-16 0)
(1.4 5.51631e-16 0)
(1.4 6.33164e-16 0)
(1.4 6.26353e-16 0)
(1.4 -4.22872e-17 0)
(1.4 -5.15315e-17 0)
(1.4 -5.3979e-17 0)
(1.4 -1.26252e-16 0)
(1.4 -9.90525e-17 0)
(1.4 4.2939e-17 0)
(1.4 1.06439e-16 0)
(1.4 2.28778e-16 0)
(1.4 2.06421e-16 0)
(1.4 2.92036e-16 0)
(1.4 2.1229e-16 0)
(1.4 1.55259e-16 0)
(1.4 -7.14343e-17 0)
(1.4 -1.88782e-16 0)
(1.4 -4.51639e-16 0)
(1.4 -5.0344e-16 0)
(1.4 -5.59911e-16 0)
(1.4 -4.78378e-16 0)
(1.4 -4.23228e-16 0)
(1.4 -3.17079e-16 0)
(1.4 -2.77776e-16 0)
(1.4 -2.92528e-16 0)
(1.4 -2.2782e-16 0)
(1.4 -2.52321e-16 0)
(1.4 -3.2308e-16 0)
(1.4 -4.45922e-16 0)
(1.4 -4.40672e-16 0)
(1.4 -4.31524e-16 0)
(1.4 -4.79566e-16 0)
(1.4 -4.98403e-16 0)
(1.4 -5.08401e-16 0)
(1.4 -4.92968e-16 0)
(1.4 -4.97895e-16 0)
(1.4 -5.23211e-16 0)
(1.4 -6.70204e-16 0)
(1.4 -6.74826e-16 0)
(1.4 -5.5606e-16 0)
(1.4 -4.53553e-16 0)
(1.4 -3.18736e-16 0)
(1.4 -2.80649e-16 0)
(1.4 -2.81429e-16 0)
(1.4 -3.32963e-16 0)
(1.4 -4.44664e-16 0)
(1.4 -3.87446e-16 0)
(1.4 -9.18603e-16 0)
(1.4 -1.05549e-15 0)
(1.4 -1.25981e-15 0)
(1.4 -1.39502e-15 0)
(1.4 -1.55088e-15 0)
(1.4 -1.53395e-15 0)
(1.4 -1.31201e-15 0)
(1.4 -8.86812e-16 0)
(1.4 -4.60162e-16 0)
(1.4 6.61144e-17 0)
(1.4 7.07384e-16 0)
(1.4 9.97628e-16 0)
(1.4 1.55227e-15 0)
(1.4 2.17051e-15 0)
(1.4 2.39012e-15 0)
(1.4 2.44452e-15 0)
(1.4 2.47933e-15 0)
(1.4 2.65835e-15 0)
(1.4 2.87967e-15 0)
(1.4 3.15817e-15 0)
(1.4 3.25367e-15 0)
(1.4 3.11632e-15 0)
(1.4 2.76506e-15 0)
(1.4 2.23833e-15 0)
(1.4 1.8436e-15 0)
(1.4 1.50345e-15 0)
(1.4 1.12063e-15 0)
(1.4 8.28542e-16 0)
(1.4 2.94104e-16 0)
(1.4 -1.78898e-17 0)
(1.4 -1.83032e-16 0)
(1.4 3.61709e-16 0)
(1.4 5.37961e-16 0)
(1.4 9.40498e-16 0)
(1.4 1.04657e-15 0)
(1.4 1.15274e-15 0)
(1.4 1.13589e-15 0)
(1.4 1.038e-15 0)
(1.4 8.80921e-16 0)
(1.4 7.43309e-16 0)
(1.4 3.59774e-16 0)
(1.4 2.191e-16 0)
(1.4 -2.81258e-17 0)
(1.4 -6.87587e-16 0)
(1.4 -9.36766e-16 0)
(1.4 -8.59077e-16 0)
(1.4 -5.6109e-16 0)
(1.4 -2.01073e-16 0)
(1.4 -3.31989e-16 0)
(1.4 -2.99927e-16 0)
(1.4 -6.30859e-16 0)
(1.4 -1.03337e-15 0)
(1.4 -1.19072e-15 0)
(1.4 -1.29529e-15 0)
(1.4 -1.25178e-15 0)
(1.4 -1.21339e-15 0)
(1.4 -1.13663e-15 0)
(1.4 -1.25974e-15 0)
(1.4 -1.31741e-15 0)
(1.4 -1.28745e-15 0)
(1.4 -1.23654e-15 0)
(1.4 -1.12694e-15 0)
(1.4 -1.12005e-15 0)
(1.4 -8.40834e-16 0)
(1.4 -5.52239e-16 0)
(1.4 -4.03315e-16 0)
(1.4 -2.89149e-16 0)
(1.4 -3.39863e-16 0)
(1.4 -4.34731e-16 0)
(1.4 -5.09286e-16 0)
(1.4 -4.87089e-16 0)
(1.4 -4.74268e-16 0)
(1.4 -4.45423e-16 0)
(1.4 -4.47383e-16 0)
(1.4 -4.09528e-16 0)
(1.4 -5.19335e-16 0)
(1.4 -6.25238e-16 0)
(1.4 -1.17483e-16 0)
(1.4 2.96673e-16 0)
(1.4 3.81408e-16 0)
(1.4 7.71324e-16 0)
(1.4 1.12186e-15 0)
(1.4 1.34763e-15 0)
(1.4 1.45489e-15 0)
(1.4 1.54821e-15 0)
(1.4 1.60618e-15 0)
(1.4 1.43426e-15 0)
(1.4 1.41029e-15 0)
(1.4 -4.0935e-17 0)
(1.4 -4.36327e-17 0)
(1.4 -4.92554e-17 0)
(1.4 -4.00375e-17 0)
(1.4 -1.04326e-16 0)
(1.4 -1.62969e-16 0)
(1.4 -1.30263e-16 0)
(1.4 -2.12906e-16 0)
(1.4 -2.02807e-16 0)
(1.4 -4.20536e-16 0)
(1.4 -4.91385e-16 0)
(1.4 -5.32416e-16 0)
(1.4 -4.07801e-16 0)
(1.4 -3.32389e-16 0)
(1.4 -1.44336e-16 0)
(1.4 -7.48119e-17 0)
(1.4 -1.48958e-16 0)
(1.4 -1.63985e-16 0)
(1.4 -1.83333e-16 0)
(1.4 -2.75253e-16 0)
(1.4 -3.71323e-16 0)
(1.4 -4.52913e-16 0)
(1.4 -6.19261e-16 0)
(1.4 -5.07403e-16 0)
(1.4 -4.82852e-16 0)
(1.4 -6.17055e-16 0)
(1.4 -6.40857e-16 0)
(1.4 -6.63024e-16 0)
(1.4 -6.34384e-16 0)
(1.4 -6.21232e-16 0)
(1.4 -6.12589e-16 0)
(1.4 -6.09955e-16 0)
(1.4 -6.34799e-16 0)
(1.4 -5.70526e-16 0)
(1.4 -4.17277e-16 0)
(1.4 -3.13151e-16 0)
(1.4 6.49955e-17 0)
(1.4 3.93973e-16 0)
(1.4 7.81865e-16 0)
(1.4 1.02915e-15 0)
(1.4 1.33007e-15 0)
(1.4 1.58565e-15 0)
(1.4 1.6874e-15 0)
(1.4 1.58019e-15 0)
(1.4 1.27284e-15 0)
(1.4 1.04233e-15 0)
(1.4 9.48016e-16 0)
(1.4 9.79246e-16 0)
(1.4 9.89517e-16 0)
(1.4 9.73353e-16 0)
(1.4 1.10381e-15 0)
(1.4 1.30298e-15 0)
(1.4 1.33112e-15 0)
(1.4 1.38234e-15 0)
(1.4 1.5766e-15 0)
(1.4 1.73318e-15 0)
(1.4 2.02589e-15 0)
(1.4 2.20393e-15 0)
(1.4 2.56593e-15 0)
(1.4 2.7854e-15 0)
(1.4 2.98219e-15 0)
(1.4 2.41143e-15 0)
(1.4 1.08919e-15 0)
(1.4 -1.6616e-16 0)
(1.4 -4.42632e-16 0)
(1.4 -5.84434e-16 0)
(1.4 -7.81473e-16 0)
(1.4 -1.06209e-15 0)
(1.4 -1.21343e-15 0)
(1.4 -1.2479e-15 0)
(1.4 -1.3002e-15 0)
(1.4 -1.37882e-15 0)
(1.4 -1.54361e-15 0)
(1.4 -1.75952e-15 0)
(1.4 -1.74212e-15 0)
(1.4 -1.61957e-15 0)
(1.4 -1.38174e-15 0)
(1.4 -1.1327e-15 0)
(1.4 -8.47052e-16 0)
(1.4 -4.28181e-16 0)
(1.4 -4.16824e-16 0)
(1.4 -4.79266e-16 0)
(1.4 -5.44401e-16 0)
(1.4 -9.72924e-17 0)
(1.4 6.60487e-16 0)
(1.4 1.2562e-15 0)
(1.4 1.52513e-15 0)
(1.4 1.60674e-15 0)
(1.4 1.22814e-15 0)
(1.4 9.70981e-16 0)
(1.4 1.17177e-15 0)
(1.4 1.26892e-15 0)
(1.4 1.29858e-15 0)
(1.4 1.31532e-15 0)
(1.4 1.07775e-15 0)
(1.4 6.06587e-16 0)
(1.4 1.58016e-16 0)
(1.4 1.49416e-17 0)
(1.4 -3.83167e-17 0)
(1.4 -1.5116e-16 0)
(1.4 3.11395e-17 0)
(1.4 -3.10488e-16 0)
(1.4 -7.18415e-16 0)
(1.4 -1.00787e-15 0)
(1.4 -1.2058e-15 0)
(1.4 -1.21941e-15 0)
(1.4 -1.2592e-15 0)
(1.4 -1.05366e-15 0)
(1.4 -6.72467e-16 0)
(1.4 -4.89958e-16 0)
(1.4 -3.0653e-16 0)
(1.4 -2.55379e-16 0)
(1.4 5.94163e-17 0)
(1.4 2.73122e-16 0)
(1.4 3.88077e-16 0)
(1.4 1.50183e-16 0)
(1.4 4.4613e-16 0)
(1.4 1.28027e-15 0)
(1.4 1.78821e-15 0)
(1.4 2.08252e-15 0)
(1.4 1.98933e-15 0)
(1.4 1.72718e-15 0)
(1.4 1.71318e-15 0)
(1.4 1.9002e-15 0)
(1.4 2.12197e-15 0)
(1.4 2.24623e-15 0)
(1.4 2.36487e-15 0)
(1.4 2.51528e-15 0)
(1.4 2.61431e-15 0)
(1.4 2.26522e-15 0)
(1.4 2.07386e-15 0)
(1.4 2.04791e-15 0)
(1.4 1.75067e-17 0)
(1.4 7.3404e-18 0)
(1.4 -3.1077e-17 0)
(1.4 -2.0466e-17 0)
(1.4 -1.14391e-16 0)
(1.4 -1.56192e-16 0)
(1.4 -2.57091e-16 0)
(1.4 -2.29324e-16 0)
(1.4 -1.91741e-16 0)
(1.4 -2.43233e-16 0)
(1.4 -2.72429e-16 0)
(1.4 -2.76729e-16 0)
(1.4 -1.8857e-16 0)
(1.4 -9.62257e-17 0)
(1.4 4.54453e-17 0)
(1.4 1.23205e-16 0)
(1.4 1.02922e-16 0)
(1.4 2.99649e-17 0)
(1.4 -4.23864e-17 0)
(1.4 -7.68551e-17 0)
(1.4 -4.83903e-17 0)
(1.4 -8.19998e-17 0)
(1.4 -1.67681e-16 0)
(1.4 -2.2396e-16 0)
(1.4 -2.91502e-16 0)
(1.4 -3.19824e-16 0)
(1.4 -3.70906e-16 0)
(1.4 -6.41684e-16 0)
(1.4 -6.56678e-16 0)
(1.4 -6.94516e-16 0)
(1.4 -7.87552e-16 0)
(1.4 -6.60691e-16 0)
(1.4 -5.2535e-16 0)
(1.4 -5.3782e-16 0)
(1.4 -3.00569e-16 0)
(1.4 5.01341e-17 0)
(1.4 3.45777e-16 0)
(1.4 6.08068e-16 0)
(1.4 7.00364e-16 0)
(1.4 9.96034e-16 0)
(1.4 1.26793e-15 0)
(1.4 1.63447e-15 0)
(1.4 1.81919e-15 0)
(1.4 2.22157e-15 0)
(1.4 2.28319e-15 0)
(1.4 2.20806e-15 0)
(1.4 2.25986e-15 0)
(1.4 2.27926e-15 0)
(1.4 2.35553e-15 0)
(1.4 2.38479e-15 0)
(1.4 2.30504e-15 0)
(1.4 2.21463e-15 0)
(1.4 2.11239e-15 0)
(1.4 1.93818e-15 0)
(1.4 1.96253e-15 0)
(1.4 1.67073e-15 0)
(1.4 1.2828e-15 0)
(1.4 7.87247e-16 0)
(1.4 4.61944e-16 0)
(1.4 -5.89078e-17 0)
(1.4 -4.72048e-16 0)
(1.4 -7.09672e-16 0)
(1.4 -1.20736e-15 0)
(1.4 -1.90662e-15 0)
(1.4 -2.73526e-15 0)
(1.4 -3.07169e-15 0)
(1.4 -3.30171e-15 0)
(1.4 -3.34297e-15 0)
(1.4 -3.23511e-15 0)
(1.4 -3.05838e-15 0)
(1.4 -2.96227e-15 0)
(1.4 -3.0752e-15 0)
(1.4 -3.19704e-15 0)
(1.4 -3.42301e-15 0)
(1.4 -3.40732e-15 0)
(1.4 -3.8882e-15 0)
(1.4 -3.73235e-15 0)
(1.4 -3.60925e-15 0)
(1.4 -2.94593e-15 0)
(1.4 -2.13211e-15 0)
(1.4 -9.77692e-16 0)
(1.4 1.3784e-16 0)
(1.4 4.52131e-16 0)
(1.4 8.39111e-16 0)
(1.4 1.76606e-15 0)
(1.4 2.07977e-15 0)
(1.4 2.15861e-15 0)
(1.4 2.11492e-15 0)
(1.4 2.26953e-15 0)
(1.4 2.29936e-15 0)
(1.4 2.08014e-15 0)
(1.4 1.87747e-15 0)
(1.4 1.89957e-15 0)
(1.4 1.74622e-15 0)
(1.4 1.64265e-15 0)
(1.4 1.43483e-15 0)
(1.4 1.28913e-15 0)
(1.4 8.66756e-16 0)
(1.4 3.83069e-16 0)
(1.4 -9.79117e-17 0)
(1.4 -3.21726e-16 0)
(1.4 -3.4278e-16 0)
(1.4 -3.26584e-16 0)
(1.4 -6.17385e-16 0)
(1.4 -9.54619e-16 0)
(1.4 -1.03131e-15 0)
(1.4 -8.86676e-16 0)
(1.4 -8.75732e-16 0)
(1.4 -6.44205e-16 0)
(1.4 -1.69225e-16 0)
(1.4 5.8254e-17 0)
(1.4 4.63796e-16 0)
(1.4 6.32357e-16 0)
(1.4 8.35489e-16 0)
(1.4 1.16007e-15 0)
(1.4 1.37262e-15 0)
(1.4 1.29995e-15 0)
(1.4 1.72557e-15 0)
(1.4 2.40221e-15 0)
(1.4 2.62131e-15 0)
(1.4 2.79399e-15 0)
(1.4 2.73627e-15 0)
(1.4 2.67881e-15 0)
(1.4 2.82199e-15 0)
(1.4 2.57984e-15 0)
(1.4 2.39493e-15 0)
(1.4 1.88366e-15 0)
(1.4 1.33275e-15 0)
(1.4 1.16361e-15 0)
(1.4 1.05184e-15 0)
(1.4 9.72192e-16 0)
(1.4 8.38165e-16 0)
(1.4 -2.17075e-18 0)
(1.4 4.51234e-17 0)
(1.4 6.60817e-17 0)
(1.4 3.48062e-17 0)
(1.4 1.08309e-16 0)
(1.4 1.54275e-16 0)
(1.4 2.49837e-16 0)
(1.4 2.38834e-16 0)
(1.4 2.34512e-16 0)
(1.4 4.46388e-16 0)
(1.4 4.98664e-16 0)
(1.4 4.74347e-16 0)
(1.4 3.64826e-16 0)
(1.4 3.39269e-16 0)
(1.4 3.20192e-16 0)
(1.4 -1.37081e-17 0)
(1.4 -1.213e-16 0)
(1.4 -4.68358e-17 0)
(1.4 -1.96235e-17 0)
(1.4 -7.58428e-17 0)
(1.4 -2.10819e-17 0)
(1.4 9.99936e-18 0)
(1.4 2.51598e-17 0)
(1.4 -7.12322e-17 0)
(1.4 -1.44094e-16 0)
(1.4 4.94687e-17 0)
(1.4 2.56166e-17 0)
(1.4 -1.2465e-16 0)
(1.4 -2.28686e-17 0)
(1.4 2.68787e-16 0)
(1.4 6.14491e-16 0)
(1.4 8.11333e-16 0)
(1.4 9.47604e-16 0)
(1.4 9.86118e-16 0)
(1.4 1.09227e-15 0)
(1.4 1.04435e-15 0)
(1.4 1.01574e-15 0)
(1.4 9.23695e-16 0)
(1.4 8.68351e-16 0)
(1.4 7.26713e-16 0)
(1.4 5.75039e-16 0)
(1.4 6.86316e-16 0)
(1.4 9.46334e-16 0)
(1.4 1.16683e-15 0)
(1.4 1.53902e-15 0)
(1.4 1.85505e-15 0)
(1.4 1.86316e-15 0)
(1.4 1.88245e-15 0)
(1.4 1.39179e-15 0)
(1.4 9.02275e-16 0)
(1.4 6.01819e-16 0)
(1.4 2.51438e-16 0)
(1.4 2.80207e-16 0)
(1.4 2.61522e-18 0)
(1.4 -5.3431e-16 0)
(1.4 -5.9617e-16 0)
(1.4 -6.0481e-16 0)
(1.4 -9.32147e-16 0)
(1.4 -1.10342e-15 0)
(1.4 -1.50843e-15 0)
(1.4 -1.68219e-15 0)
(1.4 -2.00152e-15 0)
(1.4 -2.42192e-15 0)
(1.4 -2.69914e-15 0)
(1.4 -2.75967e-15 0)
(1.4 -2.93402e-15 0)
(1.4 -3.04985e-15 0)
(1.4 -3.15753e-15 0)
(1.4 -3.29261e-15 0)
(1.4 -3.51307e-15 0)
(1.4 -3.65607e-15 0)
(1.4 -3.98217e-15 0)
(1.4 -3.70826e-15 0)
(1.4 -3.65867e-15 0)
(1.4 -3.74083e-15 0)
(1.4 -3.3951e-15 0)
(1.4 -3.04721e-15 0)
(1.4 -2.18606e-15 0)
(1.4 -1.48129e-15 0)
(1.4 -4.99296e-16 0)
(1.4 5.09731e-17 0)
(1.4 4.18278e-16 0)
(1.4 7.39879e-16 0)
(1.4 5.97389e-16 0)
(1.4 3.47632e-16 0)
(1.4 2.71414e-16 0)
(1.4 4.00337e-16 0)
(1.4 6.99953e-16 0)
(1.4 1.23295e-15 0)
(1.4 1.42003e-15 0)
(1.4 1.37926e-15 0)
(1.4 1.29428e-15 0)
(1.4 1.16201e-15 0)
(1.4 1.08159e-15 0)
(1.4 1.08386e-15 0)
(1.4 9.13948e-16 0)
(1.4 6.71631e-16 0)
(1.4 3.78699e-16 0)
(1.4 1.88986e-16 0)
(1.4 8.73247e-17 0)
(1.4 -1.96686e-16 0)
(1.4 -3.34998e-16 0)
(1.4 -5.96915e-16 0)
(1.4 -8.91925e-16 0)
(1.4 -9.66447e-16 0)
(1.4 -9.66397e-16 0)
(1.4 -9.72951e-16 0)
(1.4 -9.551e-16 0)
(1.4 -7.58069e-16 0)
(1.4 -6.39814e-16 0)
(1.4 -2.97682e-16 0)
(1.4 -1.44952e-16 0)
(1.4 2.0096e-16 0)
(1.4 5.57753e-16 0)
(1.4 9.52241e-16 0)
(1.4 1.67575e-15 0)
(1.4 2.16446e-15 0)
(1.4 2.352e-15 0)
(1.4 2.32529e-15 0)
(1.4 2.28163e-15 0)
(1.4 2.36973e-15 0)
(1.4 2.34279e-15 0)
(1.4 2.08839e-15 0)
(1.4 1.92371e-15 0)
(1.4 1.54408e-15 0)
(1.4 1.15552e-15 0)
(1.4 8.03639e-16 0)
(1.4 6.39657e-16 0)
(1.4 5.54278e-16 0)
(1.4 4.57585e-16 0)
(1.4 2.36998e-16 0)
(1.4 -1.86938e-16 0)
(1.4 1.34961e-17 0)
(1.4 1.46567e-16 0)
(1.4 1.75951e-16 0)
(1.4 1.22394e-16 0)
(1.4 2.29051e-16 0)
(1.4 1.98018e-16 0)
(1.4 3.23306e-16 0)
(1.4 3.72553e-16 0)
(1.4 4.64915e-16 0)
(1.4 6.46224e-16 0)
(1.4 5.4207e-16 0)
(1.4 5.03741e-16 0)
(1.4 4.13216e-16 0)
(1.4 2.7633e-16 0)
(1.4 3.24801e-16 0)
(1.4 1.56903e-16 0)
(1.4 -7.53464e-17 0)
(1.4 -2.48977e-16 0)
(1.4 -3.77266e-16 0)
(1.4 -3.3861e-16 0)
(1.4 -3.93081e-16 0)
(1.4 -1.53113e-16 0)
(1.4 -1.28979e-16 0)
(1.4 -1.4918e-16 0)
(1.4 1.45344e-16 0)
(1.4 2.15239e-16 0)
(1.4 3.3387e-16 0)
(1.4 6.22074e-16 0)
(1.4 7.63334e-16 0)
(1.4 8.07349e-16 0)
(1.4 8.19029e-16 0)
(1.4 9.11841e-16 0)
(1.4 9.8244e-16 0)
(1.4 1.12457e-15 0)
(1.4 1.20263e-15 0)
(1.4 1.20426e-15 0)
(1.4 1.18917e-15 0)
(1.4 7.65894e-16 0)
(1.4 9.85145e-16 0)
(1.4 8.49754e-16 0)
(1.4 6.53959e-16 0)
(1.4 4.98859e-16 0)
(1.4 1.10288e-16 0)
(1.4 -2.22677e-17 0)
(1.4 -3.93502e-16 0)
(1.4 -4.36108e-16 0)
(1.4 -7.16079e-16 0)
(1.4 -8.86826e-16 0)
(1.4 -8.8181e-16 0)
(1.4 -9.09744e-16 0)
(1.4 -1.10155e-15 0)
(1.4 -1.31173e-15 0)
(1.4 -1.32055e-15 0)
(1.4 -1.25907e-15 0)
(1.4 -1.26069e-15 0)
(1.4 -1.38475e-15 0)
(1.4 -1.47132e-15 0)
(1.4 -1.41731e-15 0)
(1.4 -1.4752e-15 0)
(1.4 -1.53934e-15 0)
(1.4 -1.6378e-15 0)
(1.4 -1.76239e-15 0)
(1.4 -1.83589e-15 0)
(1.4 -1.65283e-15 0)
(1.4 -1.24338e-15 0)
(1.4 -8.31899e-16 0)
(1.4 -6.90077e-16 0)
(1.4 -5.11347e-16 0)
(1.4 -2.96126e-16 0)
(1.4 -4.33259e-16 0)
(1.4 -2.96096e-16 0)
(1.4 -4.31373e-16 0)
(1.4 -3.92116e-16 0)
(1.4 1.13512e-16 0)
(1.4 -4.22529e-17 0)
(1.4 -7.47435e-18 0)
(1.4 3.71097e-17 0)
(1.4 -5.4045e-16 0)
(1.4 -7.15932e-16 0)
(1.4 -9.81185e-16 0)
(1.4 -1.15976e-15 0)
(1.4 -1.34356e-15 0)
(1.4 -1.67863e-15 0)
(1.4 -1.91354e-15 0)
(1.4 -1.70893e-15 0)
(1.4 -1.49756e-15 0)
(1.4 -1.05638e-15 0)
(1.4 -3.42342e-16 0)
(1.4 2.46438e-17 0)
(1.4 1.36611e-16 0)
(1.4 2.60692e-16 0)
(1.4 -1.42497e-16 0)
(1.4 -6.30745e-16 0)
(1.4 -7.57539e-16 0)
(1.4 -6.99155e-16 0)
(1.4 -6.88658e-16 0)
(1.4 -7.34046e-16 0)
(1.4 -8.16264e-16 0)
(1.4 -8.43226e-16 0)
(1.4 -9.06177e-16 0)
(1.4 -9.31384e-16 0)
(1.4 -9.58593e-16 0)
(1.4 -1.16081e-15 0)
(1.4 -1.1336e-15 0)
(1.4 -1.08727e-15 0)
(1.4 -1.00066e-15 0)
(1.4 -9.19929e-16 0)
(1.4 -8.17239e-16 0)
(1.4 -7.2889e-16 0)
(1.4 -6.98114e-16 0)
(1.4 -7.10234e-16 0)
(1.4 -5.63444e-16 0)
(1.4 -3.03198e-16 0)
(1.4 -1.00559e-16 0)
(1.4 2.52633e-16 0)
(1.4 2.55213e-16 0)
(1.4 4.54845e-16 0)
(1.4 8.92485e-16 0)
(1.4 1.11562e-15 0)
(1.4 1.0593e-15 0)
(1.4 8.92595e-16 0)
(1.4 5.269e-16 0)
(1.4 -7.30915e-17 0)
(1.4 -2.88015e-16 0)
(1.4 -8.31327e-16 0)
(1.4 -9.86907e-16 0)
(1.4 -1.08313e-15 0)
(1.4 -1.04266e-15 0)
(1.4 -1.005e-15 0)
(1.4 -1.02831e-15 0)
(1.4 -1.19205e-15 0)
(1.4 -1.1769e-15 0)
(1.4 -1.81748e-17 0)
(1.4 -1.2741e-16 0)
(1.4 -4.26162e-17 0)
(1.4 -2.49795e-17 0)
(1.4 -7.09394e-17 0)
(1.4 -1.28526e-16 0)
(1.4 -2.74644e-16 0)
(1.4 -4.32854e-16 0)
(1.4 -2.56172e-16 0)
(1.4 -1.74082e-16 0)
(1.4 -1.47249e-16 0)
(1.4 -1.72447e-16 0)
(1.4 -3.54751e-16 0)
(1.4 -4.79948e-16 0)
(1.4 -5.43952e-16 0)
(1.4 -2.86914e-16 0)
(1.4 -1.32453e-16 0)
(1.4 -1.90913e-16 0)
(1.4 -1.0438e-16 0)
(1.4 -4.58048e-17 0)
(1.4 -2.28466e-16 0)
(1.4 -2.42097e-16 0)
(1.4 -1.38068e-16 0)
(1.4 -7.22146e-17 0)
(1.4 -2.95677e-17 0)
(1.4 1.51246e-17 0)
(1.4 9.91901e-17 0)
(1.4 4.95494e-16 0)
(1.4 6.34736e-16 0)
(1.4 5.22066e-16 0)
(1.4 4.69285e-16 0)
(1.4 2.38553e-16 0)
(1.4 2.17829e-16 0)
(1.4 1.61184e-16 0)
(1.4 -6.16575e-18 0)
(1.4 -6.46438e-17 0)
(1.4 -3.05119e-16 0)
(1.4 -4.5748e-16 0)
(1.4 -9.2398e-16 0)
(1.4 -9.88683e-16 0)
(1.4 -1.18535e-15 0)
(1.4 -1.30268e-15 0)
(1.4 -1.28784e-15 0)
(1.4 -1.3752e-15 0)
(1.4 -1.45349e-15 0)
(1.4 -1.50043e-15 0)
(1.4 -1.74465e-15 0)
(1.4 -1.94722e-15 0)
(1.4 -1.77736e-15 0)
(1.4 -1.49393e-15 0)
(1.4 -1.44046e-15 0)
(1.4 -1.32185e-15 0)
(1.4 -1.43588e-15 0)
(1.4 -1.52575e-15 0)
(1.4 -1.39438e-15 0)
(1.4 -1.32849e-15 0)
(1.4 -1.1814e-15 0)
(1.4 -1.02191e-15 0)
(1.4 -7.5903e-16 0)
(1.4 -4.98604e-16 0)
(1.4 -1.80747e-16 0)
(1.4 6.08494e-16 0)
(1.4 8.03745e-16 0)
(1.4 1.00087e-15 0)
(1.4 1.6392e-15 0)
(1.4 1.90124e-15 0)
(1.4 2.06357e-15 0)
(1.4 2.07191e-15 0)
(1.4 1.92361e-15 0)
(1.4 1.73556e-15 0)
(1.4 1.64561e-15 0)
(1.4 1.69458e-15 0)
(1.4 1.50151e-15 0)
(1.4 1.28257e-15 0)
(1.4 1.26172e-15 0)
(1.4 1.15307e-15 0)
(1.4 5.5566e-16 0)
(1.4 1.65513e-16 0)
(1.4 -6.4693e-16 0)
(1.4 -1.09815e-15 0)
(1.4 -1.5444e-15 0)
(1.4 -1.75517e-15 0)
(1.4 -1.7494e-15 0)
(1.4 -2.05654e-15 0)
(1.4 -2.0797e-15 0)
(1.4 -2.168e-15 0)
(1.4 -2.23794e-15 0)
(1.4 -2.19727e-15 0)
(1.4 -2.19672e-15 0)
(1.4 -2.07545e-15 0)
(1.4 -2.01256e-15 0)
(1.4 -2.06962e-15 0)
(1.4 -2.10756e-15 0)
(1.4 -2.24144e-15 0)
(1.4 -2.48454e-15 0)
(1.4 -2.62631e-15 0)
(1.4 -2.31368e-15 0)
(1.4 -2.18946e-15 0)
(1.4 -2.16007e-15 0)
(1.4 -2.1459e-15 0)
(1.4 -2.08089e-15 0)
(1.4 -1.93668e-15 0)
(1.4 -1.73185e-15 0)
(1.4 -1.52478e-15 0)
(1.4 -1.25514e-15 0)
(1.4 -9.90128e-16 0)
(1.4 -7.65101e-16 0)
(1.4 -8.23598e-16 0)
(1.4 -8.62324e-16 0)
(1.4 -7.27845e-16 0)
(1.4 -5.34985e-16 0)
(1.4 -5.01606e-16 0)
(1.4 -4.31357e-16 0)
(1.4 -4.08554e-16 0)
(1.4 -3.31801e-16 0)
(1.4 -3.62742e-16 0)
(1.4 -5.26634e-16 0)
(1.4 -4.5956e-16 0)
(1.4 -4.81717e-16 0)
(1.4 -6.09572e-16 0)
(1.4 -8.89783e-16 0)
(1.4 -1.30885e-15 0)
(1.4 -1.90282e-15 0)
(1.4 -2.13595e-15 0)
(1.4 -2.29563e-15 0)
(1.4 -2.4516e-15 0)
(1.4 -2.65137e-15 0)
(1.4 -2.89829e-15 0)
(1.4 -2.95592e-15 0)
(1.4 -2.89141e-15 0)
(1.4 -2.57028e-15 0)
(1.4 -2.49648e-15 0)
(1.4 -7.22998e-17 0)
(1.4 -9.5867e-17 0)
(1.4 -9.61171e-17 0)
(1.4 -1.08205e-16 0)
(1.4 -9.27376e-17 0)
(1.4 -8.60579e-17 0)
(1.4 -1.19405e-16 0)
(1.4 -1.77178e-16 0)
(1.4 -3.11908e-16 0)
(1.4 -3.4166e-16 0)
(1.4 -3.47673e-16 0)
(1.4 -3.02598e-16 0)
(1.4 -4.21678e-16 0)
(1.4 -3.7846e-16 0)
(1.4 -3.01333e-16 0)
(1.4 -3.11679e-16 0)
(1.4 -3.1239e-16 0)
(1.4 -1.16831e-16 0)
(1.4 1.13e-16 0)
(1.4 1.92016e-16 0)
(1.4 2.31587e-16 0)
(1.4 2.70803e-16 0)
(1.4 4.3149e-16 0)
(1.4 6.39877e-16 0)
(1.4 5.78306e-16 0)
(1.4 5.09602e-16 0)
(1.4 4.75062e-16 0)
(1.4 3.75242e-16 0)
(1.4 5.66224e-16 0)
(1.4 6.89508e-16 0)
(1.4 3.89873e-16 0)
(1.4 -2.20113e-16 0)
(1.4 -5.40401e-16 0)
(1.4 -7.8732e-16 0)
(1.4 -7.46949e-16 0)
(1.4 -9.44131e-16 0)
(1.4 -9.98079e-16 0)
(1.4 -1.38954e-15 0)
(1.4 -1.76693e-15 0)
(1.4 -2.0207e-15 0)
(1.4 -1.7529e-15 0)
(1.4 -1.66434e-15 0)
(1.4 -1.38372e-15 0)
(1.4 -1.34182e-15 0)
(1.4 -1.22961e-15 0)
(1.4 -1.06282e-15 0)
(1.4 -1.07934e-15 0)
(1.4 -9.51342e-16 0)
(1.4 -9.17652e-16 0)
(1.4 -9.28762e-16 0)
(1.4 -3.61784e-16 0)
(1.4 -1.45969e-16 0)
(1.4 5.12017e-17 0)
(1.4 -3.23848e-17 0)
(1.4 -3.6797e-17 0)
(1.4 -2.27783e-17 0)
(1.4 1.18931e-16 0)
(1.4 2.41159e-16 0)
(1.4 2.77329e-16 0)
(1.4 5.43137e-16 0)
(1.4 7.13141e-16 0)
(1.4 7.62429e-16 0)
(1.4 1.45849e-15 0)
(1.4 1.75409e-15 0)
(1.4 1.82551e-15 0)
(1.4 1.82567e-15 0)
(1.4 1.80724e-15 0)
(1.4 1.72099e-15 0)
(1.4 1.77699e-15 0)
(1.4 1.73642e-15 0)
(1.4 1.57049e-15 0)
(1.4 1.3974e-15 0)
(1.4 1.25477e-15 0)
(1.4 1.38511e-15 0)
(1.4 1.06796e-15 0)
(1.4 7.98889e-16 0)
(1.4 2.38771e-16 0)
(1.4 -3.40049e-16 0)
(1.4 -7.16873e-16 0)
(1.4 -1.05133e-15 0)
(1.4 -1.31884e-15 0)
(1.4 -1.4705e-15 0)
(1.4 -1.37121e-15 0)
(1.4 -1.3011e-15 0)
(1.4 -1.40272e-15 0)
(1.4 -2.23274e-15 0)
(1.4 -2.55983e-15 0)
(1.4 -3.17282e-15 0)
(1.4 -3.48742e-15 0)
(1.4 -3.58085e-15 0)
(1.4 -3.49799e-15 0)
(1.4 -3.4946e-15 0)
(1.4 -3.35166e-15 0)
(1.4 -3.10972e-15 0)
(1.4 -3.45212e-15 0)
(1.4 -3.45052e-15 0)
(1.4 -3.33572e-15 0)
(1.4 -3.18187e-15 0)
(1.4 -2.69501e-15 0)
(1.4 -2.58362e-15 0)
(1.4 -2.49185e-15 0)
(1.4 -2.30024e-15 0)
(1.4 -2.25146e-15 0)
(1.4 -2.01743e-15 0)
(1.4 -2.01901e-15 0)
(1.4 -1.98815e-15 0)
(1.4 -1.92431e-15 0)
(1.4 -1.74976e-15 0)
(1.4 -1.3675e-15 0)
(1.4 -1.02556e-15 0)
(1.4 -8.53452e-16 0)
(1.4 -7.38021e-16 0)
(1.4 -6.11825e-16 0)
(1.4 -4.87275e-16 0)
(1.4 -3.20699e-16 0)
(1.4 -7.8584e-17 0)
(1.4 -2.71458e-16 0)
(1.4 -6.12057e-16 0)
(1.4 -6.92699e-16 0)
(1.4 -7.48521e-16 0)
(1.4 -8.63534e-16 0)
(1.4 -8.92069e-16 0)
(1.4 -9.71508e-16 0)
(1.4 -9.79993e-16 0)
(1.4 -1.0084e-15 0)
(1.4 -9.94055e-16 0)
(1.4 -1.39998e-15 0)
(1.4 -1.69375e-15 0)
(1.4 -2.03863e-15 0)
(1.4 -2.45876e-15 0)
(1.4 -2.64849e-15 0)
(1.4 -2.59694e-15 0)
(1.4 1.2228e-17 0)
(1.4 3.83781e-17 0)
(1.4 2.86456e-17 0)
(1.4 5.23156e-17 0)
(1.4 1.37567e-16 0)
(1.4 2.47834e-16 0)
(1.4 3.36978e-16 0)
(1.4 2.3333e-16 0)
(1.4 9.97257e-17 0)
(1.4 1.54774e-17 0)
(1.4 4.87894e-17 0)
(1.4 1.09408e-16 0)
(1.4 2.60464e-16 0)
(1.4 3.98819e-16 0)
(1.4 5.0628e-16 0)
(1.4 4.39027e-16 0)
(1.4 3.40502e-16 0)
(1.4 3.02465e-16 0)
(1.4 3.32275e-16 0)
(1.4 3.99588e-16 0)
(1.4 4.3004e-16 0)
(1.4 3.69974e-16 0)
(1.4 2.79029e-16 0)
(1.4 2.72706e-16 0)
(1.4 1.0247e-16 0)
(1.4 -2.28407e-16 0)
(1.4 -5.79073e-16 0)
(1.4 -8.09923e-16 0)
(1.4 -7.33501e-16 0)
(1.4 -6.25223e-16 0)
(1.4 -5.87354e-16 0)
(1.4 -6.06933e-16 0)
(1.4 -6.48258e-16 0)
(1.4 -8.23136e-16 0)
(1.4 -9.46425e-16 0)
(1.4 -1.2799e-15 0)
(1.4 -1.14891e-15 0)
(1.4 -9.49215e-16 0)
(1.4 -7.67843e-16 0)
(1.4 -9.1848e-16 0)
(1.4 -1.64021e-16 0)
(1.4 2.51491e-16 0)
(1.4 8.48329e-16 0)
(1.4 1.00946e-15 0)
(1.4 1.21798e-15 0)
(1.4 1.41256e-15 0)
(1.4 1.65294e-15 0)
(1.4 1.71651e-15 0)
(1.4 1.60009e-15 0)
(1.4 1.38497e-15 0)
(1.4 1.11926e-15 0)
(1.4 1.04277e-15 0)
(1.4 1.03978e-15 0)
(1.4 1.05573e-15 0)
(1.4 1.04365e-15 0)
(1.4 1.12365e-15 0)
(1.4 1.28705e-15 0)
(1.4 1.43939e-15 0)
(1.4 1.46024e-15 0)
(1.4 1.39486e-15 0)
(1.4 1.37954e-15 0)
(1.4 1.16059e-15 0)
(1.4 1.08508e-15 0)
(1.4 1.16804e-15 0)
(1.4 1.09279e-15 0)
(1.4 1.03623e-15 0)
(1.4 9.06318e-16 0)
(1.4 6.4165e-16 0)
(1.4 3.79424e-16 0)
(1.4 3.39297e-16 0)
(1.4 6.59428e-16 0)
(1.4 8.17242e-16 0)
(1.4 1.26636e-15 0)
(1.4 1.09576e-15 0)
(1.4 5.44217e-16 0)
(1.4 2.85195e-16 0)
(1.4 6.38739e-17 0)
(1.4 -5.02084e-17 0)
(1.4 -2.02072e-16 0)
(1.4 3.04578e-17 0)
(1.4 2.88238e-16 0)
(1.4 5.63878e-16 0)
(1.4 1.81265e-16 0)
(1.4 7.31026e-18 0)
(1.4 -4.0993e-16 0)
(1.4 -6.19723e-16 0)
(1.4 -9.23482e-16 0)
(1.4 -1.02793e-15 0)
(1.4 -1.56796e-15 0)
(1.4 -1.72256e-15 0)
(1.4 -2.16125e-15 0)
(1.4 -2.44733e-15 0)
(1.4 -2.58142e-15 0)
(1.4 -2.58209e-15 0)
(1.4 -2.42367e-15 0)
(1.4 -2.32821e-15 0)
(1.4 -2.25283e-15 0)
(1.4 -2.195e-15 0)
(1.4 -2.07598e-15 0)
(1.4 -1.91164e-15 0)
(1.4 -1.76226e-15 0)
(1.4 -1.67384e-15 0)
(1.4 -1.6065e-15 0)
(1.4 -1.46912e-15 0)
(1.4 -1.4477e-15 0)
(1.4 -1.55547e-15 0)
(1.4 -1.34952e-15 0)
(1.4 -9.47241e-16 0)
(1.4 -6.90279e-16 0)
(1.4 -5.98946e-16 0)
(1.4 -3.90541e-16 0)
(1.4 -4.32479e-16 0)
(1.4 -3.17486e-16 0)
(1.4 2.80607e-17 0)
(1.4 1.25073e-16 0)
(1.4 -2.27289e-17 0)
(1.4 -2.30363e-16 0)
(1.4 -5.54988e-16 0)
(1.4 -5.65632e-16 0)
(1.4 -5.47331e-16 0)
(1.4 -3.63096e-16 0)
(1.4 -5.65062e-16 0)
(1.4 -7.92497e-16 0)
(1.4 -8.71816e-16 0)
(1.4 -8.184e-16 0)
(1.4 -8.7195e-16 0)
(1.4 -9.62142e-16 0)
(1.4 -1.11183e-15 0)
(1.4 -1.24676e-15 0)
(1.4 -1.27764e-15 0)
(1.4 -1.31218e-15 0)
(1.4 -1.38266e-15 0)
(1.4 3.25215e-17 0)
(1.4 1.01351e-16 0)
(1.4 9.46639e-17 0)
(1.4 9.29115e-17 0)
(1.4 2.56387e-17 0)
(1.4 -2.99643e-17 0)
(1.4 -1.29331e-16 0)
(1.4 -3.79793e-17 0)
(1.4 5.6805e-17 0)
(1.4 6.81892e-17 0)
(1.4 1.60874e-16 0)
(1.4 1.05614e-16 0)
(1.4 2.64294e-16 0)
(1.4 3.74725e-16 0)
(1.4 4.54482e-16 0)
(1.4 5.32811e-16 0)
(1.4 6.27458e-16 0)
(1.4 4.9222e-16 0)
(1.4 3.15577e-16 0)
(1.4 -9.24978e-17 0)
(1.4 -3.39155e-16 0)
(1.4 -4.86853e-16 0)
(1.4 -7.56994e-16 0)
(1.4 -8.27503e-16 0)
(1.4 -8.02738e-16 0)
(1.4 -5.29402e-16 0)
(1.4 -4.8918e-16 0)
(1.4 -6.88162e-16 0)
(1.4 -8.79302e-16 0)
(1.4 -1.01272e-15 0)
(1.4 -8.4313e-16 0)
(1.4 -7.65816e-16 0)
(1.4 -5.68894e-16 0)
(1.4 -3.49032e-16 0)
(1.4 2.83985e-16 0)
(1.4 5.13057e-16 0)
(1.4 6.36508e-16 0)
(1.4 8.52869e-16 0)
(1.4 1.29984e-15 0)
(1.4 1.45451e-15 0)
(1.4 1.52524e-15 0)
(1.4 1.51014e-15 0)
(1.4 1.58648e-15 0)
(1.4 1.63601e-15 0)
(1.4 1.77642e-15 0)
(1.4 1.79634e-15 0)
(1.4 1.78692e-15 0)
(1.4 1.76564e-15 0)
(1.4 1.75689e-15 0)
(1.4 1.59373e-15 0)
(1.4 1.21284e-15 0)
(1.4 1.26564e-15 0)
(1.4 1.05247e-15 0)
(1.4 9.98389e-16 0)
(1.4 8.81714e-16 0)
(1.4 8.66002e-16 0)
(1.4 8.03574e-16 0)
(1.4 9.19742e-16 0)
(1.4 5.6597e-16 0)
(1.4 3.44326e-16 0)
(1.4 5.10283e-16 0)
(1.4 5.2315e-16 0)
(1.4 3.65747e-16 0)
(1.4 3.86586e-16 0)
(1.4 4.43835e-16 0)
(1.4 4.25313e-16 0)
(1.4 4.073e-16 0)
(1.4 2.78944e-16 0)
(1.4 -5.32562e-18 0)
(1.4 -7.68923e-18 0)
(1.4 4.50727e-16 0)
(1.4 6.46942e-16 0)
(1.4 7.51693e-16 0)
(1.4 7.52296e-16 0)
(1.4 7.55444e-16 0)
(1.4 8.67726e-16 0)
(1.4 1.0261e-15 0)
(1.4 1.00995e-15 0)
(1.4 1.28206e-15 0)
(1.4 1.30552e-15 0)
(1.4 1.36274e-15 0)
(1.4 1.32922e-15 0)
(1.4 1.22725e-15 0)
(1.4 1.03587e-15 0)
(1.4 1.12852e-15 0)
(1.4 1.32755e-15 0)
(1.4 1.35226e-15 0)
(1.4 1.37778e-15 0)
(1.4 1.35347e-15 0)
(1.4 1.18811e-15 0)
(1.4 1.07031e-15 0)
(1.4 8.98573e-16 0)
(1.4 7.4114e-16 0)
(1.4 5.38104e-16 0)
(1.4 4.18509e-16 0)
(1.4 2.4885e-16 0)
(1.4 -4.79154e-17 0)
(1.4 -1.7339e-17 0)
(1.4 -1.43792e-16 0)
(1.4 -3.58754e-16 0)
(1.4 -4.56589e-16 0)
(1.4 -2.96873e-16 0)
(1.4 1.69837e-16 0)
(1.4 2.49908e-16 0)
(1.4 2.40201e-16 0)
(1.4 2.80256e-16 0)
(1.4 5.42331e-16 0)
(1.4 7.43352e-16 0)
(1.4 7.58886e-16 0)
(1.4 7.87062e-16 0)
(1.4 8.00256e-16 0)
(1.4 7.11684e-16 0)
(1.4 8.55306e-16 0)
(1.4 7.86271e-16 0)
(1.4 7.08672e-16 0)
(1.4 5.4031e-16 0)
(1.4 1.53479e-16 0)
(1.4 -2.65597e-16 0)
(1.4 -7.57704e-16 0)
(1.4 -1.26406e-15 0)
(1.4 -1.55869e-15 0)
(1.4 -1.66729e-15 0)
(1.4 -1.56692e-15 0)
(1.4 -1.40749e-15 0)
(1.4 -1.29771e-15 0)
(1.4 -1.31386e-15 0)
(1.4 -1.31832e-15 0)
(1.4 -1.28506e-15 0)
(1.4 -1.08757e-15 0)
(1.4 -1.09199e-15 0)
(1.4 -1.14585e-15 0)
(1.4 -1.1581e-15 0)
(1.4 4.32108e-17 0)
(1.4 8.54218e-17 0)
(1.4 9.21062e-17 0)
(1.4 6.00931e-17 0)
(1.4 -1.37959e-17 0)
(1.4 -3.08973e-17 0)
(1.4 -4.27339e-17 0)
(1.4 1.81831e-17 0)
(1.4 9.26543e-17 0)
(1.4 3.95406e-17 0)
(1.4 2.28691e-17 0)
(1.4 -1.51748e-17 0)
(1.4 -9.1303e-17 0)
(1.4 -1.21116e-16 0)
(1.4 2.31512e-17 0)
(1.4 2.9104e-16 0)
(1.4 4.12648e-16 0)
(1.4 4.91898e-16 0)
(1.4 6.16256e-16 0)
(1.4 5.81668e-16 0)
(1.4 5.31559e-16 0)
(1.4 4.06179e-16 0)
(1.4 3.67692e-16 0)
(1.4 2.59319e-16 0)
(1.4 2.83152e-16 0)
(1.4 3.01726e-16 0)
(1.4 2.66302e-16 0)
(1.4 1.76114e-16 0)
(1.4 -9.0041e-17 0)
(1.4 -1.8517e-16 0)
(1.4 -3.48975e-16 0)
(1.4 -1.66448e-16 0)
(1.4 1.70587e-17 0)
(1.4 2.94168e-16 0)
(1.4 7.05166e-16 0)
(1.4 1.07661e-15 0)
(1.4 1.3013e-15 0)
(1.4 1.59928e-15 0)
(1.4 1.80398e-15 0)
(1.4 2.06701e-15 0)
(1.4 2.0192e-15 0)
(1.4 1.99571e-15 0)
(1.4 1.97425e-15 0)
(1.4 1.97528e-15 0)
(1.4 1.77907e-15 0)
(1.4 1.3342e-15 0)
(1.4 8.87996e-16 0)
(1.4 8.10732e-16 0)
(1.4 9.23137e-16 0)
(1.4 1.07163e-15 0)
(1.4 1.25732e-15 0)
(1.4 9.82761e-16 0)
(1.4 8.28429e-16 0)
(1.4 5.58908e-16 0)
(1.4 3.54311e-16 0)
(1.4 -9.49054e-18 0)
(1.4 -6.52096e-16 0)
(1.4 -1.1679e-15 0)
(1.4 -1.26461e-15 0)
(1.4 -1.18319e-15 0)
(1.4 -1.17902e-15 0)
(1.4 -8.20929e-16 0)
(1.4 -9.43239e-16 0)
(1.4 -5.77707e-16 0)
(1.4 -2.94269e-16 0)
(1.4 -1.08429e-16 0)
(1.4 2.88834e-17 0)
(1.4 1.36637e-16 0)
(1.4 1.53764e-16 0)
(1.4 1.81174e-16 0)
(1.4 3.86935e-16 0)
(1.4 4.20324e-16 0)
(1.4 6.01306e-16 0)
(1.4 9.943e-16 0)
(1.4 1.4294e-15 0)
(1.4 1.73058e-15 0)
(1.4 2.08188e-15 0)
(1.4 2.26275e-15 0)
(1.4 2.44204e-15 0)
(1.4 2.49252e-15 0)
(1.4 2.24662e-15 0)
(1.4 2.22459e-15 0)
(1.4 2.20754e-15 0)
(1.4 2.3898e-15 0)
(1.4 2.37068e-15 0)
(1.4 2.52703e-15 0)
(1.4 2.5576e-15 0)
(1.4 2.68326e-15 0)
(1.4 2.82388e-15 0)
(1.4 2.82955e-15 0)
(1.4 2.85757e-15 0)
(1.4 2.88291e-15 0)
(1.4 3.01594e-15 0)
(1.4 2.94355e-15 0)
)
;

boundaryField
{
    inlet
    {
        type            fixedValue;
        value           uniform (1.4 0 0);
    }
    outlet
    {
        type            inletOutlet;
        inletValue      nonuniform 0();
        value           nonuniform 0();
    }
    bottom
    {
        type            symmetryPlane;
    }
    top
    {
        type            symmetryPlane;
    }
    obstacle
    {
        type            slip;
    }
    front
    {
        type            empty;
    }
    back
    {
        type            empty;
    }
    procBoundary40to32
    {
        type            processor;
        value           nonuniform List<vector> 
133
(
(1.4 -1.87231e-15 0)
(1.4 -1.86119e-15 0)
(1.4 -1.73649e-15 0)
(1.4 -1.56295e-15 0)
(1.4 -1.55282e-15 0)
(1.4 -1.64111e-15 0)
(1.4 -1.06496e-15 0)
(1.4 -1.02593e-15 0)
(1.4 -1.06062e-15 0)
(1.4 -9.35213e-16 0)
(1.4 -7.18869e-16 0)
(1.4 -6.83346e-16 0)
(1.4 -6.69875e-16 0)
(1.4 -5.7114e-16 0)
(1.4 -3.61339e-16 0)
(1.4 -2.14622e-16 0)
(1.4 1.74898e-16 0)
(1.4 2.53775e-16 0)
(1.4 4.98898e-16 0)
(1.4 6.68319e-16 0)
(1.4 6.98007e-16 0)
(1.4 8.35133e-16 0)
(1.4 9.25223e-16 0)
(1.4 1.04827e-15 0)
(1.4 1.06522e-15 0)
(1.4 1.20775e-15 0)
(1.4 1.25502e-15 0)
(1.4 1.3467e-15 0)
(1.4 1.39829e-15 0)
(1.4 1.39944e-15 0)
(1.4 1.43459e-15 0)
(1.4 1.42276e-15 0)
(1.4 1.3001e-15 0)
(1.4 1.19918e-15 0)
(1.4 1.03565e-15 0)
(1.4 8.15638e-16 0)
(1.4 -9.45337e-17 0)
(1.4 -1.09629e-15 0)
(1.4 -1.70333e-15 0)
(1.4 -1.94099e-15 0)
(1.4 -2.06631e-15 0)
(1.4 -2.38462e-15 0)
(1.4 -2.70599e-15 0)
(1.4 -2.81433e-15 0)
(1.4 -3.08929e-15 0)
(1.4 -3.5984e-15 0)
(1.4 -3.92629e-15 0)
(1.4 -4.09211e-15 0)
(1.4 -4.11769e-15 0)
(1.4 -4.05981e-15 0)
(1.4 -3.88539e-15 0)
(1.4 -3.83068e-15 0)
(1.4 -4.06618e-15 0)
(1.4 -4.4066e-15 0)
(1.4 -4.04583e-15 0)
(1.4 -3.77077e-15 0)
(1.4 -3.44477e-15 0)
(1.4 -3.32363e-15 0)
(1.4 -3.025e-15 0)
(1.4 -2.64498e-15 0)
(1.4 -2.52772e-15 0)
(1.4 -2.49776e-15 0)
(1.4 -2.35108e-15 0)
(1.4 -2.28642e-15 0)
(1.4 -1.91926e-15 0)
(1.4 -1.64745e-15 0)
(1.4 -1.41047e-15 0)
(1.4 -1.19556e-15 0)
(1.4 -1.16976e-15 0)
(1.4 -1.22917e-15 0)
(1.4 -1.18806e-15 0)
(1.4 -1.10487e-15 0)
(1.4 -1.20228e-15 0)
(1.4 -1.59166e-15 0)
(1.4 -1.96878e-15 0)
(1.4 3.74501e-18 0)
(1.4 -6.8046e-18 0)
(1.4 -7.62864e-17 0)
(1.4 -7.82134e-17 0)
(1.4 -9.5598e-17 0)
(1.4 -4.14897e-17 0)
(1.4 -2.32969e-17 0)
(1.4 -3.17161e-17 0)
(1.4 3.46029e-18 0)
(1.4 1.33966e-17 0)
(1.4 3.33999e-18 0)
(1.4 -1.59419e-16 0)
(1.4 -2.21288e-16 0)
(1.4 -1.64746e-16 0)
(1.4 -1.66873e-16 0)
(1.4 -7.01018e-17 0)
(1.4 -4.20109e-17 0)
(1.4 5.63705e-17 0)
(1.4 1.54792e-16 0)
(1.4 1.52845e-16 0)
(1.4 1.96794e-16 0)
(1.4 1.8215e-16 0)
(1.4 2.42318e-16 0)
(1.4 2.11563e-16 0)
(1.4 2.70023e-16 0)
(1.4 2.47687e-16 0)
(1.4 1.985e-16 0)
(1.4 1.49338e-16 0)
(1.4 1.00585e-16 0)
(1.4 1.97901e-16 0)
(1.4 2.76874e-16 0)
(1.4 2.92553e-16 0)
(1.4 2.50221e-16 0)
(1.4 2.4234e-16 0)
(1.4 9.44018e-17 0)
(1.4 7.74433e-17 0)
(1.4 1.18354e-16 0)
(1.4 1.01743e-16 0)
(1.4 6.5044e-17 0)
(1.4 3.37599e-16 0)
(1.4 5.78431e-16 0)
(1.4 9.58522e-16 0)
(1.4 1.29512e-15 0)
(1.4 1.31223e-15 0)
(1.4 1.18533e-15 0)
(1.4 1.1254e-15 0)
(1.4 1.07926e-15 0)
(1.4 1.10402e-15 0)
(1.4 1.31238e-15 0)
(1.4 1.31383e-15 0)
(1.4 1.29073e-15 0)
(1.4 1.21941e-15 0)
(1.4 9.44564e-16 0)
(1.4 6.18768e-16 0)
(1.4 5.94902e-16 0)
(1.4 5.51879e-16 0)
(1.4 3.56759e-16 0)
(1.4 3.56759e-16 0)
)
;
    }
    procBoundary40to33
    {
        type            processor;
        value           uniform (1.4 -1.03019e-15 0);
    }
    procBoundary40to41
    {
        type            processor;
        value           nonuniform List<vector> 
17
(
(1.4 -1.22315e-15 0)
(1.4 -4.94915e-16 0)
(1.4 2.29566e-15 0)
(1.4 3.31207e-15 0)
(1.4 1.97579e-15 0)
(1.4 1.07059e-15 0)
(1.4 6.85392e-16 0)
(1.4 7.92879e-16 0)
(1.4 1.41743e-15 0)
(1.4 1.75702e-15 0)
(1.4 5.04929e-16 0)
(1.4 -4.12193e-16 0)
(1.4 -1.18127e-15 0)
(1.4 -2.33107e-15 0)
(1.4 -2.47636e-15 0)
(1.4 -1.52946e-15 0)
(1.4 -1.26484e-15 0)
)
;
    }
    procBoundary40to48
    {
        type            processor;
        value           nonuniform List<vector> 
133
(
(1.4 2.78199e-15 0)
(1.4 2.71824e-15 0)
(1.4 2.58447e-15 0)
(1.4 2.52582e-15 0)
(1.4 2.47126e-15 0)
(1.4 2.39748e-15 0)
(1.4 2.23803e-15 0)
(1.4 2.30169e-15 0)
(1.4 2.33723e-15 0)
(1.4 1.94376e-15 0)
(1.4 1.56179e-15 0)
(1.4 1.53019e-15 0)
(1.4 1.45847e-15 0)
(1.4 1.31617e-15 0)
(1.4 1.25909e-15 0)
(1.4 1.22812e-15 0)
(1.4 1.22365e-15 0)
(1.4 1.27256e-15 0)
(1.4 1.14248e-15 0)
(1.4 9.57776e-16 0)
(1.4 7.75805e-16 0)
(1.4 6.65926e-16 0)
(1.4 4.69763e-16 0)
(1.4 4.1395e-16 0)
(1.4 2.35392e-16 0)
(1.4 6.68242e-17 0)
(1.4 -1.59212e-16 0)
(1.4 -1.00065e-16 0)
(1.4 2.08899e-16 0)
(1.4 5.84816e-16 0)
(1.4 5.02421e-16 0)
(1.4 4.1618e-16 0)
(1.4 4.06356e-16 0)
(1.4 3.35054e-16 0)
(1.4 1.9412e-16 0)
(1.4 -9.34458e-17 0)
(1.4 -7.07833e-16 0)
(1.4 -8.7276e-16 0)
(1.4 -2.00314e-17 0)
(1.4 -6.07448e-17 0)
(1.4 -8.40252e-17 0)
(1.4 -1.23647e-16 0)
(1.4 -1.35895e-16 0)
(1.4 -1.19424e-16 0)
(1.4 -7.72879e-17 0)
(1.4 -9.62428e-17 0)
(1.4 -7.83039e-18 0)
(1.4 3.49796e-17 0)
(1.4 -6.85497e-17 0)
(1.4 -1.57247e-16 0)
(1.4 -2.22276e-16 0)
(1.4 -2.69618e-16 0)
(1.4 -2.61355e-16 0)
(1.4 -3.18838e-16 0)
(1.4 -2.56892e-16 0)
(1.4 5.06031e-17 0)
(1.4 2.28577e-16 0)
(1.4 8.84279e-16 0)
(1.4 1.10592e-15 0)
(1.4 1.17443e-15 0)
(1.4 1.05492e-15 0)
(1.4 9.30313e-16 0)
(1.4 8.5413e-16 0)
(1.4 6.67191e-16 0)
(1.4 5.43754e-16 0)
(1.4 5.17727e-16 0)
(1.4 5.09446e-16 0)
(1.4 5.01785e-16 0)
(1.4 5.68049e-16 0)
(1.4 5.63119e-16 0)
(1.4 5.59259e-16 0)
(1.4 6.11612e-16 0)
(1.4 6.70176e-16 0)
(1.4 7.16839e-16 0)
(1.4 7.54648e-16 0)
(1.4 7.50264e-16 0)
(1.4 7.20024e-16 0)
(1.4 6.22065e-16 0)
(1.4 4.72796e-16 0)
(1.4 5.08558e-16 0)
(1.4 4.68167e-16 0)
(1.4 3.20666e-16 0)
(1.4 3.89165e-17 0)
(1.4 7.89199e-17 0)
(1.4 -3.52437e-16 0)
(1.4 -6.02871e-16 0)
(1.4 -7.87238e-16 0)
(1.4 -7.66812e-16 0)
(1.4 -6.97232e-16 0)
(1.4 -7.90615e-16 0)
(1.4 -8.67206e-16 0)
(1.4 -1.02331e-15 0)
(1.4 -1.2121e-15 0)
(1.4 -1.5273e-15 0)
(1.4 -1.78077e-15 0)
(1.4 -2.24604e-15 0)
(1.4 -2.41614e-15 0)
(1.4 -2.45827e-15 0)
(1.4 -2.45817e-15 0)
(1.4 -2.42747e-15 0)
(1.4 -2.34647e-15 0)
(1.4 -1.78372e-15 0)
(1.4 -1.38483e-15 0)
(1.4 -9.36192e-16 0)
(1.4 -4.16388e-16 0)
(1.4 -2.74426e-17 0)
(1.4 3.63853e-16 0)
(1.4 4.28183e-16 0)
(1.4 4.67111e-16 0)
(1.4 6.37437e-16 0)
(1.4 7.31392e-16 0)
(1.4 7.90343e-16 0)
(1.4 8.61822e-16 0)
(1.4 1.11364e-15 0)
(1.4 1.19852e-15 0)
(1.4 1.61145e-15 0)
(1.4 1.8099e-15 0)
(1.4 2.24225e-15 0)
(1.4 2.56848e-15 0)
(1.4 2.68865e-15 0)
(1.4 2.5821e-15 0)
(1.4 2.6077e-15 0)
(1.4 2.73924e-15 0)
(1.4 2.77221e-15 0)
(1.4 2.56302e-15 0)
(1.4 2.54133e-15 0)
(1.4 2.56967e-15 0)
(1.4 2.53681e-15 0)
(1.4 2.4572e-15 0)
(1.4 2.52993e-15 0)
(1.4 2.82187e-15 0)
(1.4 2.78199e-15 0)
(1.4 3.0193e-15 0)
)
;
    }
}


// ************************************************************************* //
