/*--------------------------------*- C++ -*----------------------------------*\
  =========                 |
  \\      /  F ield         | OpenFOAM: The Open Source CFD Toolbox
   \\    /   O peration     | Website:  https://openfoam.org
    \\  /    A nd           | Version:  7
     \\/     M anipulation  |
\*---------------------------------------------------------------------------*/
FoamFile
{
    version     2.0;
    format      ascii;
    class       volVectorField;
    location    "14.5";
    object      U;
}
// * * * * * * * * * * * * * * * * * * * * * * * * * * * * * * * * * * * * * //

dimensions      [0 1 -1 0 0 0 0];

internalField   nonuniform List<vector> 
2413
(
(2 -8.96198e-16 0)
(2 -1.06957e-15 0)
(2 -1.63303e-15 0)
(2 -1.9727e-15 0)
(2 -2.10551e-15 0)
(2 -2.33269e-15 0)
(2 -2.65475e-15 0)
(2 -3.06613e-15 0)
(2 -3.19085e-15 0)
(2 -3.2903e-15 0)
(2 -3.02214e-15 0)
(2 -2.68807e-15 0)
(2 -2.1738e-15 0)
(2 -1.50362e-15 0)
(2 -1.32916e-15 0)
(2 -1.35758e-15 0)
(2 -1.80184e-15 0)
(2 -1.94875e-15 0)
(2 -2.03607e-15 0)
(2 -2.06622e-15 0)
(2 -2.15019e-15 0)
(2 -2.47948e-15 0)
(2 -2.41751e-15 0)
(2 -1.71687e-15 0)
(2 -1.53941e-15 0)
(2 -1.65729e-15 0)
(2 -1.14365e-15 0)
(2 -6.27344e-16 0)
(2 -5.0621e-16 0)
(2 -5.52449e-16 0)
(2 -7.63053e-16 0)
(2 -7.47236e-16 0)
(2 -7.01767e-16 0)
(2 -6.42713e-16 0)
(2 -6.65655e-16 0)
(2 -9.9425e-16 0)
(2 -1.34039e-15 0)
(2 -1.38932e-15 0)
(2 -1.41277e-15 0)
(2 -1.44514e-15 0)
(2 -1.52028e-15 0)
(2 -1.56884e-15 0)
(2 -1.70436e-15 0)
(2 -2.11479e-15 0)
(2 -2.55701e-15 0)
(2 -2.63396e-15 0)
(2 -2.35965e-15 0)
(2 -1.93319e-15 0)
(2 -1.82569e-15 0)
(2 -1.72428e-15 0)
(2 -1.46623e-15 0)
(2 -1.35308e-15 0)
(2 -1.54316e-15 0)
(2 -1.83942e-15 0)
(2 -1.4277e-15 0)
(2 -5.75488e-16 0)
(2 6.23696e-17 0)
(2 6.01853e-17 0)
(2 8.54642e-17 0)
(2 1.40812e-16 0)
(2 4.30326e-17 0)
(2 3.2859e-17 0)
(2 -5.33208e-16 0)
(2 -1.54503e-15 0)
(2 -1.7063e-15 0)
(2 -1.81116e-15 0)
(2 -1.89374e-15 0)
(2 -1.99245e-15 0)
(2 -2.04294e-15 0)
(2 -2.04652e-15 0)
(2 -2.09334e-15 0)
(2 -2.16775e-15 0)
(2 -2.18037e-15 0)
(2 -2.17825e-15 0)
(2 -2.12917e-15 0)
(2 -2.03974e-15 0)
(2 -2.08152e-15 0)
(2 -2.08965e-15 0)
(2 -2.02873e-15 0)
(2 -1.99659e-15 0)
(2 -1.96341e-15 0)
(2 -2.12536e-15 0)
(2 -2.26341e-15 0)
(2 -2.07119e-15 0)
(2 -1.72138e-15 0)
(2 -1.61563e-15 0)
(2 -1.24495e-15 0)
(2 -8.05841e-16 0)
(2 -4.40406e-16 0)
(2 -1.4586e-16 0)
(2 -1.24019e-16 0)
(2 6.86278e-17 0)
(2 1.84605e-16 0)
(2 2.14726e-16 0)
(2 4.99366e-16 0)
(2 7.16489e-16 0)
(2 6.72523e-17 0)
(2 -6.27397e-16 0)
(2 -6.56076e-16 0)
(2 -7.0109e-16 0)
(2 -8.25274e-16 0)
(2 8.34998e-17 0)
(2 4.38039e-16 0)
(2 8.41538e-16 0)
(2 1.31751e-15 0)
(2 1.47412e-15 0)
(2 1.72275e-15 0)
(2 1.98792e-15 0)
(2 1.76632e-15 0)
(2 1.70728e-15 0)
(2 1.6599e-15 0)
(2 1.64439e-15 0)
(2 1.44106e-15 0)
(2 1.36507e-15 0)
(2 1.31976e-15 0)
(2 1.34667e-15 0)
(2 1.50431e-15 0)
(2 1.71139e-15 0)
(2 1.67127e-15 0)
(2 3.19852e-16 0)
(2 1.48577e-15 0)
(2 -2.67613e-15 0)
(2 -2.75166e-15 0)
(2 -2.72023e-15 0)
(2 -2.65148e-15 0)
(2 -2.43884e-15 0)
(2 -2.46554e-15 0)
(2 -2.63704e-15 0)
(2 -2.84617e-15 0)
(2 -3.20114e-15 0)
(2 -3.10306e-15 0)
(2 -2.61559e-15 0)
(2 -2.12571e-15 0)
(2 -1.82988e-15 0)
(2 -1.52184e-15 0)
(2 -1.28545e-15 0)
(2 -1.16115e-15 0)
(2 -1.19681e-15 0)
(2 -1.42121e-15 0)
(2 -1.30415e-15 0)
(2 -1.24828e-15 0)
(2 -1.44019e-15 0)
(2 -1.59681e-15 0)
(2 -1.64972e-15 0)
(2 -1.53778e-15 0)
(2 -1.5086e-15 0)
(2 -1.03151e-15 0)
(2 -9.77539e-16 0)
(2 -1.04632e-15 0)
(2 -1.0709e-15 0)
(2 -1.13925e-15 0)
(2 -1.26858e-15 0)
(2 -1.29593e-15 0)
(2 -1.35945e-15 0)
(2 -1.45072e-15 0)
(2 -1.43216e-15 0)
(2 -1.46755e-15 0)
(2 -1.52404e-15 0)
(2 -1.60763e-15 0)
(2 -1.76484e-15 0)
(2 -1.72524e-15 0)
(2 -1.65695e-15 0)
(2 -1.65819e-15 0)
(2 -1.73491e-15 0)
(2 -2.20304e-15 0)
(2 -2.77706e-15 0)
(2 -2.56881e-15 0)
(2 -2.47074e-15 0)
(2 -1.55667e-15 0)
(2 -9.47613e-16 0)
(2 -7.87834e-16 0)
(2 -8.62711e-16 0)
(2 -1.05504e-15 0)
(2 -1.26901e-15 0)
(2 -1.1272e-15 0)
(2 -1.06324e-15 0)
(2 -1.07599e-15 0)
(2 7.02038e-17 0)
(2 4.50292e-16 0)
(2 5.80127e-17 0)
(2 -3.46861e-16 0)
(2 -5.39093e-16 0)
(2 -4.19664e-16 0)
(2 -9.69209e-16 0)
(2 -1.92898e-15 0)
(2 -2.22086e-15 0)
(2 -2.20628e-15 0)
(2 -2.1145e-15 0)
(2 -2.09022e-15 0)
(2 -1.87662e-15 0)
(2 -1.66281e-15 0)
(2 -1.60896e-15 0)
(2 -1.20466e-15 0)
(2 -9.42102e-16 0)
(2 -7.1184e-16 0)
(2 -5.48598e-16 0)
(2 -4.14168e-16 0)
(2 -3.84921e-16 0)
(2 -6.56407e-16 0)
(2 -8.58804e-16 0)
(2 -1.07828e-15 0)
(2 -1.08578e-15 0)
(2 -1.07903e-15 0)
(2 -7.34e-16 0)
(2 3.27224e-17 0)
(2 1.92637e-16 0)
(2 1.61634e-16 0)
(2 4.47665e-16 0)
(2 7.40552e-16 0)
(2 8.0349e-16 0)
(2 7.05583e-16 0)
(2 3.87538e-16 0)
(2 6.33344e-16 0)
(2 6.41788e-16 0)
(2 6.11741e-16 0)
(2 5.93861e-16 0)
(2 7.23338e-16 0)
(2 5.26211e-16 0)
(2 -5.52611e-17 0)
(2 8.42373e-17 0)
(2 7.37515e-16 0)
(2 5.59402e-16 0)
(2 8.84596e-16 0)
(2 9.99172e-16 0)
(2 1.89771e-15 0)
(2 2.6604e-15 0)
(2 3.21111e-15 0)
(2 3.83952e-15 0)
(2 4.08743e-15 0)
(2 4.54676e-15 0)
(2 4.62128e-15 0)
(2 4.88285e-15 0)
(2 4.87966e-15 0)
(2 4.64609e-15 0)
(2 4.28684e-15 0)
(2 4.33856e-15 0)
(2 4.48915e-15 0)
(2 4.37448e-15 0)
(2 4.27841e-15 0)
(2 4.15583e-15 0)
(2 3.88467e-15 0)
(2 3.36632e-15 0)
(2 -2.96966e-15 0)
(2 -3.06882e-15 0)
(2 -2.33774e-15 0)
(2 -2.05218e-15 0)
(2 -1.91815e-15 0)
(2 -1.54209e-15 0)
(2 -1.17527e-15 0)
(2 -1.03839e-15 0)
(2 -4.91552e-16 0)
(2 -2.08712e-16 0)
(2 -6.19e-17 0)
(2 5.76796e-17 0)
(2 3.78971e-16 0)
(2 5.06122e-16 0)
(2 7.6369e-16 0)
(2 8.96884e-16 0)
(2 7.27837e-16 0)
(2 1.48055e-16 0)
(2 -8.33028e-19 0)
(2 -8.49135e-16 0)
(2 -1.19516e-15 0)
(2 -1.15885e-15 0)
(2 -1.14993e-15 0)
(2 -1.1266e-15 0)
(2 -1.1916e-15 0)
(2 -1.43542e-15 0)
(2 -1.99191e-15 0)
(2 -2.33474e-15 0)
(2 -2.40201e-15 0)
(2 -2.54034e-15 0)
(2 -2.82703e-15 0)
(2 -2.78346e-15 0)
(2 -2.76725e-15 0)
(2 -2.76395e-15 0)
(2 -2.48221e-15 0)
(2 -2.14559e-15 0)
(2 -2.01588e-15 0)
(2 -1.88709e-15 0)
(2 -1.70986e-15 0)
(2 -1.70362e-15 0)
(2 -1.65819e-15 0)
(2 -1.67853e-15 0)
(2 -1.47647e-15 0)
(2 -1.13123e-15 0)
(2 -8.72623e-16 0)
(2 -7.82609e-16 0)
(2 3.37843e-16 0)
(2 9.15255e-16 0)
(2 2.10739e-15 0)
(2 2.94491e-15 0)
(2 2.91418e-15 0)
(2 2.49299e-15 0)
(2 1.63697e-15 0)
(2 8.41042e-16 0)
(2 2.98257e-16 0)
(2 1.16821e-16 0)
(2 -6.31342e-16 0)
(2 -8.18519e-16 0)
(2 -9.19994e-16 0)
(2 -2.06576e-15 0)
(2 -2.67541e-15 0)
(2 -2.72551e-15 0)
(2 -2.65242e-15 0)
(2 -2.49438e-15 0)
(2 -2.46331e-15 0)
(2 -2.03845e-15 0)
(2 -1.89538e-15 0)
(2 -1.41961e-15 0)
(2 -1.25994e-15 0)
(2 -1.11532e-15 0)
(2 -1.09528e-15 0)
(2 -7.21318e-16 0)
(2 -5.19031e-17 0)
(2 4.87609e-16 0)
(2 7.49387e-16 0)
(2 7.74068e-16 0)
(2 2.77793e-16 0)
(2 9.76931e-18 0)
(2 -3.34043e-16 0)
(2 -5.43956e-16 0)
(2 -4.28288e-16 0)
(2 -2.27639e-16 0)
(2 1.96566e-16 0)
(2 5.59178e-16 0)
(2 6.65944e-16 0)
(2 7.89703e-16 0)
(2 9.26301e-16 0)
(2 1.39101e-15 0)
(2 1.40836e-15 0)
(2 2.78662e-16 0)
(2 -7.81445e-16 0)
(2 -9.62943e-16 0)
(2 6.87416e-16 0)
(2 3.16423e-15 0)
(2 3.96163e-15 0)
(2 4.38108e-15 0)
(2 4.85036e-15 0)
(2 4.93855e-15 0)
(2 4.71242e-15 0)
(2 4.50132e-15 0)
(2 4.43042e-15 0)
(2 3.74226e-15 0)
(2 3.52096e-15 0)
(2 4.24645e-15 0)
(2 4.88928e-15 0)
(2 5.1245e-15 0)
(2 5.01476e-15 0)
(2 5.22983e-15 0)
(2 5.54116e-15 0)
(2 5.57686e-15 0)
(2 5.52267e-15 0)
(2 5.1848e-15 0)
(2 4.3912e-15 0)
(2 4.58305e-15 0)
(2 4.8824e-15 0)
(2 5.06467e-15 0)
(2 4.79007e-15 0)
(2 4.60072e-15 0)
(2 4.22613e-15 0)
(2 4.63761e-15 0)
(2 5.01938e-15 0)
(2 -1.94492e-15 0)
(2 -2.22155e-15 0)
(2 -1.18252e-15 0)
(2 -1.12638e-15 0)
(2 -9.84011e-16 0)
(2 -8.20491e-16 0)
(2 -4.62744e-16 0)
(2 -8.82558e-17 0)
(2 1.52501e-17 0)
(2 6.83855e-16 0)
(2 1.52241e-15 0)
(2 1.89866e-15 0)
(2 2.01211e-15 0)
(2 2.19426e-15 0)
(2 2.07641e-15 0)
(2 2.00114e-15 0)
(2 1.70302e-15 0)
(2 1.57595e-15 0)
(2 8.17865e-16 0)
(2 2.71399e-16 0)
(2 2.42854e-16 0)
(2 1.74966e-17 0)
(2 3.73862e-16 0)
(2 3.13584e-16 0)
(2 2.11729e-16 0)
(2 -1.66409e-17 0)
(2 -2.6617e-16 0)
(2 -5.22686e-16 0)
(2 -1.50695e-15 0)
(2 -1.78276e-15 0)
(2 -1.69487e-15 0)
(2 -1.59466e-15 0)
(2 -1.47346e-15 0)
(2 -1.4186e-15 0)
(2 -1.03644e-15 0)
(2 -3.37343e-16 0)
(2 -1.48388e-16 0)
(2 -7.20948e-17 0)
(2 1.06384e-16 0)
(2 7.21431e-17 0)
(2 -4.62883e-17 0)
(2 5.84311e-17 0)
(2 -2.10531e-17 0)
(2 3.50218e-16 0)
(2 9.48397e-16 0)
(2 1.43299e-15 0)
(2 1.96995e-15 0)
(2 1.99871e-15 0)
(2 1.9539e-15 0)
(2 1.92976e-15 0)
(2 1.3627e-15 0)
(2 5.58715e-16 0)
(2 5.70806e-16 0)
(2 6.50237e-16 0)
(2 -6.69226e-16 0)
(2 -1.39677e-15 0)
(2 -1.94316e-15 0)
(2 -2.39405e-15 0)
(2 -2.86343e-15 0)
(2 -3.38094e-15 0)
(2 -3.47045e-15 0)
(2 -3.67803e-15 0)
(2 -3.66289e-15 0)
(2 -3.10886e-15 0)
(2 -1.70277e-15 0)
(2 -1.40703e-15 0)
(2 -1.41485e-15 0)
(2 -1.54638e-15 0)
(2 -1.39136e-15 0)
(2 -1.13e-15 0)
(2 -1.18036e-15 0)
(2 -1.12519e-15 0)
(2 -8.36473e-16 0)
(2 -9.4458e-16 0)
(2 -6.99152e-16 0)
(2 -2.06034e-16 0)
(2 2.85808e-17 0)
(2 2.44561e-16 0)
(2 3.5492e-16 0)
(2 -1.22107e-16 0)
(2 -5.82081e-16 0)
(2 -6.40805e-16 0)
(2 -6.06388e-16 0)
(2 -5.39869e-16 0)
(2 -2.31663e-16 0)
(2 4.59109e-18 0)
(2 1.10852e-16 0)
(2 9.56657e-17 0)
(2 1.79651e-16 0)
(2 8.52328e-16 0)
(2 1.52337e-15 0)
(2 1.83151e-15 0)
(2 2.06586e-15 0)
(2 2.22642e-15 0)
(2 2.24578e-15 0)
(2 2.7045e-15 0)
(2 2.80678e-15 0)
(2 2.86585e-15 0)
(2 3.66102e-15 0)
(2 4.18607e-15 0)
(2 4.48444e-15 0)
(2 5.19425e-15 0)
(2 5.95682e-15 0)
(2 6.29633e-15 0)
(2 6.0131e-15 0)
(2 5.93644e-15 0)
(2 6.01687e-15 0)
(2 5.42641e-15 0)
(2 4.74141e-15 0)
(2 4.4894e-15 0)
(2 4.0903e-15 0)
(2 3.90042e-15 0)
(2 3.74513e-15 0)
(2 3.67143e-15 0)
(2 3.62958e-15 0)
(2 3.94518e-15 0)
(2 4.10288e-15 0)
(2 3.47018e-15 0)
(2 3.06781e-15 0)
(2 3.28007e-15 0)
(2 4.08588e-15 0)
(2 -6.4552e-16 0)
(2 -2.04469e-16 0)
(2 -6.12427e-17 0)
(2 -4.81079e-17 0)
(2 -6.52633e-17 0)
(2 -4.37618e-17 0)
(2 -8.63646e-17 0)
(2 3.95218e-17 0)
(2 8.20605e-16 0)
(2 1.7697e-15 0)
(2 2.14434e-15 0)
(2 2.23074e-15 0)
(2 1.95527e-15 0)
(2 1.60136e-15 0)
(2 1.38572e-15 0)
(2 1.38833e-15 0)
(2 1.20959e-15 0)
(2 1.42345e-15 0)
(2 1.59618e-15 0)
(2 1.9247e-15 0)
(2 1.73778e-15 0)
(2 1.31499e-15 0)
(2 5.78573e-16 0)
(2 -5.43972e-16 0)
(2 -9.2432e-16 0)
(2 -8.64241e-16 0)
(2 -8.11916e-16 0)
(2 -9.00475e-16 0)
(2 -1.04674e-15 0)
(2 -1.10248e-15 0)
(2 -9.91618e-16 0)
(2 -5.39617e-16 0)
(2 -4.96544e-16 0)
(2 1.40438e-16 0)
(2 4.75936e-16 0)
(2 1.15902e-15 0)
(2 1.53783e-15 0)
(2 1.96389e-15 0)
(2 2.16248e-15 0)
(2 2.38137e-15 0)
(2 2.41058e-15 0)
(2 2.52739e-15 0)
(2 2.94474e-15 0)
(2 3.38786e-15 0)
(2 3.38131e-15 0)
(2 3.3383e-15 0)
(2 2.94145e-15 0)
(2 2.6912e-15 0)
(2 2.29731e-15 0)
(2 1.64764e-15 0)
(2 1.10145e-15 0)
(2 1.11862e-15 0)
(2 1.01381e-15 0)
(2 3.9541e-16 0)
(2 -4.97704e-16 0)
(2 -1.03624e-15 0)
(2 -1.25307e-15 0)
(2 -1.3849e-15 0)
(2 -1.35056e-15 0)
(2 -1.30365e-15 0)
(2 -1.44506e-15 0)
(2 -1.46073e-15 0)
(2 -1.46738e-15 0)
(2 -1.51373e-15 0)
(2 -1.71134e-15 0)
(2 -1.7033e-15 0)
(2 -1.88129e-15 0)
(2 -1.94165e-15 0)
(2 -1.90426e-15 0)
(2 -1.57043e-15 0)
(2 -1.23713e-15 0)
(2 -1.1988e-15 0)
(2 -1.29893e-15 0)
(2 -8.43816e-16 0)
(2 -6.49539e-16 0)
(2 -1.39192e-16 0)
(2 7.55608e-17 0)
(2 2.2267e-16 0)
(2 6.71876e-17 0)
(2 -1.54643e-16 0)
(2 -2.9343e-16 0)
(2 -3.84875e-16 0)
(2 -2.76585e-16 0)
(2 -1.17973e-16 0)
(2 -6.18127e-17 0)
(2 2.57901e-17 0)
(2 2.88982e-17 0)
(2 -2.01035e-16 0)
(2 -2.95557e-16 0)
(2 -2.87577e-16 0)
(2 2.06386e-17 0)
(2 5.72137e-16 0)
(2 9.74604e-16 0)
(2 1.23542e-15 0)
(2 1.42103e-15 0)
(2 1.83787e-15 0)
(2 2.65809e-15 0)
(2 2.86828e-15 0)
(2 3.03596e-15 0)
(2 3.24571e-15 0)
(2 3.27488e-15 0)
(2 3.27319e-15 0)
(2 3.25066e-15 0)
(2 3.25258e-15 0)
(2 3.03644e-15 0)
(2 3.0966e-15 0)
(2 3.23701e-15 0)
(2 3.16772e-15 0)
(2 3.13919e-15 0)
(2 3.08421e-15 0)
(2 3.08807e-15 0)
(2 3.15459e-15 0)
(2 3.19238e-15 0)
(2 2.78363e-15 0)
(2 2.60986e-15 0)
(2 2.97055e-15 0)
(2 3.333e-15 0)
(2 3.51207e-15 0)
(2 3.12023e-15 0)
(2 3.11426e-15 0)
(2 -1.85623e-15 0)
(2 -1.54467e-15 0)
(2 -4.66192e-16 0)
(2 8.54273e-17 0)
(2 1.63767e-16 0)
(2 3.65967e-16 0)
(2 5.98773e-16 0)
(2 8.21284e-16 0)
(2 7.50093e-16 0)
(2 6.7494e-16 0)
(2 1.04285e-15 0)
(2 1.17094e-15 0)
(2 1.43246e-15 0)
(2 1.49175e-15 0)
(2 1.32815e-15 0)
(2 1.10951e-15 0)
(2 1.03952e-15 0)
(2 1.16325e-15 0)
(2 1.37419e-15 0)
(2 1.45063e-15 0)
(2 1.47484e-15 0)
(2 1.39198e-15 0)
(2 1.00684e-15 0)
(2 7.36351e-16 0)
(2 4.80534e-16 0)
(2 4.75912e-16 0)
(2 6.50645e-16 0)
(2 7.26302e-16 0)
(2 7.47665e-16 0)
(2 6.40906e-16 0)
(2 4.41049e-16 0)
(2 4.2823e-16 0)
(2 7.82193e-16 0)
(2 9.75445e-16 0)
(2 1.45886e-15 0)
(2 1.54119e-15 0)
(2 1.65758e-15 0)
(2 1.72666e-15 0)
(2 2.04033e-15 0)
(2 2.4995e-15 0)
(2 2.90551e-15 0)
(2 2.92614e-15 0)
(2 2.98857e-15 0)
(2 3.01372e-15 0)
(2 3.00104e-15 0)
(2 2.31162e-15 0)
(2 1.65975e-15 0)
(2 1.63857e-15 0)
(2 1.38814e-15 0)
(2 6.52825e-16 0)
(2 3.22504e-16 0)
(2 2.18934e-16 0)
(2 5.31214e-17 0)
(2 1.19023e-17 0)
(2 -3.38309e-17 0)
(2 -2.0627e-16 0)
(2 -1.8908e-16 0)
(2 5.11352e-16 0)
(2 9.79364e-16 0)
(2 1.15005e-15 0)
(2 9.90863e-16 0)
(2 8.9519e-16 0)
(2 9.18919e-16 0)
(2 7.77482e-16 0)
(2 6.9597e-16 0)
(2 7.2692e-16 0)
(2 9.05171e-16 0)
(2 1.122e-15 0)
(2 1.16051e-15 0)
(2 1.0831e-15 0)
(2 8.48799e-16 0)
(2 5.51379e-16 0)
(2 2.43558e-16 0)
(2 1.90977e-16 0)
(2 9.9075e-17 0)
(2 1.86185e-16 0)
(2 3.24686e-16 0)
(2 5.20194e-16 0)
(2 4.29651e-16 0)
(2 4.03592e-16 0)
(2 3.99805e-16 0)
(2 2.37514e-16 0)
(2 -4.83794e-17 0)
(2 1.8546e-16 0)
(2 9.57863e-16 0)
(2 1.15473e-15 0)
(2 1.26633e-15 0)
(2 1.25188e-15 0)
(2 1.26285e-15 0)
(2 1.23016e-15 0)
(2 1.56063e-15 0)
(2 1.613e-15 0)
(2 1.75208e-15 0)
(2 1.71423e-15 0)
(2 2.11342e-15 0)
(2 2.40891e-15 0)
(2 2.51582e-15 0)
(2 2.09915e-15 0)
(2 1.66357e-15 0)
(2 1.66546e-15 0)
(2 1.71131e-15 0)
(2 1.71476e-15 0)
(2 1.77421e-15 0)
(2 1.86419e-15 0)
(2 2.0453e-15 0)
(2 2.13444e-15 0)
(2 2.3472e-15 0)
(2 2.69018e-15 0)
(2 3.28211e-15 0)
(2 3.7714e-15 0)
(2 3.85187e-15 0)
(2 3.76376e-15 0)
(2 3.58934e-15 0)
(2 3.53776e-15 0)
(2 3.50576e-15 0)
(2 3.53422e-15 0)
(2 3.59792e-15 0)
(2 3.9186e-15 0)
(2 4.10135e-15 0)
(2 4.09627e-15 0)
(2 -1.26928e-15 0)
(2 -1.2109e-15 0)
(2 7.71039e-17 0)
(2 4.96495e-16 0)
(2 8.17444e-16 0)
(2 9.88514e-16 0)
(2 1.17396e-15 0)
(2 1.34353e-15 0)
(2 1.49689e-15 0)
(2 1.03783e-15 0)
(2 4.81279e-16 0)
(2 5.36915e-16 0)
(2 4.86236e-16 0)
(2 9.72136e-16 0)
(2 1.57471e-15 0)
(2 1.64435e-15 0)
(2 1.43299e-15 0)
(2 1.23559e-15 0)
(2 1.09455e-15 0)
(2 1.20759e-15 0)
(2 1.29476e-15 0)
(2 1.52413e-15 0)
(2 2.1353e-15 0)
(2 2.3624e-15 0)
(2 2.91052e-15 0)
(2 3.03088e-15 0)
(2 2.99676e-15 0)
(2 3.04983e-15 0)
(2 3.29011e-15 0)
(2 3.57285e-15 0)
(2 3.82997e-15 0)
(2 3.68743e-15 0)
(2 3.78604e-15 0)
(2 3.6346e-15 0)
(2 3.62348e-15 0)
(2 3.28746e-15 0)
(2 2.98829e-15 0)
(2 2.77814e-15 0)
(2 2.61593e-15 0)
(2 2.59443e-15 0)
(2 2.66573e-15 0)
(2 2.70562e-15 0)
(2 2.35792e-15 0)
(2 2.24586e-15 0)
(2 2.12715e-15 0)
(2 1.35853e-15 0)
(2 1.21057e-15 0)
(2 1.0842e-15 0)
(2 4.26314e-16 0)
(2 1.07444e-17 0)
(2 -1.25549e-16 0)
(2 -2.10474e-16 0)
(2 -3.93611e-16 0)
(2 -8.05474e-16 0)
(2 -2.81978e-17 0)
(2 2.97093e-16 0)
(2 3.9295e-16 0)
(2 6.99259e-16 0)
(2 8.19553e-16 0)
(2 8.41543e-16 0)
(2 1.12594e-15 0)
(2 1.34983e-15 0)
(2 1.46675e-15 0)
(2 1.74749e-15 0)
(2 2.49694e-15 0)
(2 2.9526e-15 0)
(2 3.66731e-15 0)
(2 4.25786e-15 0)
(2 4.35891e-15 0)
(2 4.21539e-15 0)
(2 3.98635e-15 0)
(2 3.91364e-15 0)
(2 3.7199e-15 0)
(2 3.58755e-15 0)
(2 3.35535e-15 0)
(2 3.3189e-15 0)
(2 3.2071e-15 0)
(2 2.99992e-15 0)
(2 2.81261e-15 0)
(2 2.63373e-15 0)
(2 2.57188e-15 0)
(2 2.42254e-15 0)
(2 1.96234e-15 0)
(2 1.50475e-15 0)
(2 1.43994e-15 0)
(2 8.05016e-16 0)
(2 7.8213e-16 0)
(2 8.02383e-16 0)
(2 7.99605e-16 0)
(2 7.85972e-16 0)
(2 1.06016e-15 0)
(2 1.19612e-15 0)
(2 1.11419e-15 0)
(2 1.27484e-15 0)
(2 1.38687e-15 0)
(2 1.30126e-15 0)
(2 1.1907e-15 0)
(2 1.29312e-15 0)
(2 1.45144e-15 0)
(2 1.20442e-15 0)
(2 8.87994e-16 0)
(2 8.87529e-16 0)
(2 9.12267e-16 0)
(2 9.11964e-16 0)
(2 1.10284e-15 0)
(2 7.2372e-16 0)
(2 6.16872e-16 0)
(2 7.66405e-16 0)
(2 7.39188e-16 0)
(2 1.48762e-15 0)
(2 1.64937e-15 0)
(2 1.3849e-15 0)
(2 2.39625e-15 0)
(2 2.80737e-15 0)
(2 2.82669e-15 0)
(2 2.61046e-15 0)
(2 2.44708e-15 0)
(2 3.20787e-15 0)
(2 4.51337e-15 0)
(2 4.83756e-15 0)
(2 3.03306e-15 0)
(2 2.98872e-15 0)
(2 2.84336e-15 0)
(2 2.77706e-15 0)
(2 2.61021e-15 0)
(2 2.46886e-15 0)
(2 2.67819e-15 0)
(2 3.11911e-15 0)
(2 3.13964e-15 0)
(2 2.93329e-15 0)
(2 2.7755e-15 0)
(2 2.68851e-15 0)
(2 2.69994e-15 0)
(2 2.85605e-15 0)
(2 2.91746e-15 0)
(2 3.05543e-15 0)
(2 3.31092e-15 0)
(2 3.70128e-15 0)
(2 3.80617e-15 0)
(2 3.70474e-15 0)
(2 3.6613e-15 0)
(2 3.60467e-15 0)
(2 3.52332e-15 0)
(2 3.48617e-15 0)
(2 3.53639e-15 0)
(2 3.92473e-15 0)
(2 4.65291e-15 0)
(2 5.18601e-15 0)
(2 5.34568e-15 0)
(2 5.78004e-15 0)
(2 5.83554e-15 0)
(2 5.75566e-15 0)
(2 5.74941e-15 0)
(2 5.50609e-15 0)
(2 5.32147e-15 0)
(2 5.21289e-15 0)
(2 5.10951e-15 0)
(2 5.05739e-15 0)
(2 4.84401e-15 0)
(2 4.67741e-15 0)
(2 4.64681e-15 0)
(2 4.77317e-15 0)
(2 4.17113e-15 0)
(2 3.81164e-15 0)
(2 3.1978e-15 0)
(2 2.87345e-15 0)
(2 2.7533e-15 0)
(2 2.49445e-15 0)
(2 2.26501e-15 0)
(2 1.63538e-15 0)
(2 1.54475e-15 0)
(2 1.51152e-15 0)
(2 1.59671e-15 0)
(2 1.82635e-15 0)
(2 2.61675e-15 0)
(2 3.10053e-15 0)
(2 2.99331e-15 0)
(2 2.60192e-15 0)
(2 2.19295e-15 0)
(2 1.81778e-15 0)
(2 1.96214e-15 0)
(2 1.9903e-15 0)
(2 2.35621e-15 0)
(2 2.59216e-15 0)
(2 2.58908e-15 0)
(2 2.53419e-15 0)
(2 2.46165e-15 0)
(2 2.59678e-15 0)
(2 2.91243e-15 0)
(2 3.89931e-15 0)
(2 4.76899e-15 0)
(2 4.74153e-15 0)
(2 4.59821e-15 0)
(2 4.58303e-15 0)
(2 4.57565e-15 0)
(2 4.65179e-15 0)
(2 4.731e-15 0)
(2 4.72671e-15 0)
(2 4.39488e-15 0)
(2 3.83563e-15 0)
(2 3.55684e-15 0)
(2 3.54827e-15 0)
(2 3.54899e-15 0)
(2 2.86176e-15 0)
(2 2.35144e-15 0)
(2 2.03045e-15 0)
(2 2.0588e-15 0)
(2 2.12177e-15 0)
(2 2.2952e-15 0)
(2 2.55458e-15 0)
(2 2.92889e-15 0)
(2 3.34365e-15 0)
(2 3.54746e-15 0)
(2 3.61572e-15 0)
(2 3.44653e-15 0)
(2 3.17858e-15 0)
(2 2.75117e-15 0)
(2 2.48169e-15 0)
(2 2.2495e-15 0)
(2 2.07857e-15 0)
(2 1.75663e-15 0)
(2 1.89681e-15 0)
(2 2.07728e-15 0)
(2 1.22769e-15 0)
(2 4.31659e-16 0)
(2 -2.6428e-16 0)
(2 -5.40996e-16 0)
(2 -5.65462e-16 0)
(2 -4.49466e-16 0)
(2 -4.0814e-16 0)
(2 -3.8118e-16 0)
(2 1.18225e-16 0)
(2 1.03438e-15 0)
(2 1.29731e-15 0)
(2 1.18332e-15 0)
(2 1.61325e-15 0)
(2 2.03142e-15 0)
(2 2.14787e-15 0)
(2 2.00935e-15 0)
(2 1.84777e-15 0)
(2 3.97463e-15 0)
(2 3.95363e-15 0)
(2 3.8562e-15 0)
(2 3.76139e-15 0)
(2 3.75728e-15 0)
(2 3.91474e-15 0)
(2 3.96114e-15 0)
(2 4.20354e-15 0)
(2 4.40624e-15 0)
(2 4.7511e-15 0)
(2 4.9728e-15 0)
(2 4.81952e-15 0)
(2 4.47074e-15 0)
(2 3.89293e-15 0)
(2 3.63998e-15 0)
(2 3.80764e-15 0)
(2 3.97384e-15 0)
(2 4.02833e-15 0)
(2 3.93685e-15 0)
(2 3.46166e-15 0)
(2 3.55731e-15 0)
(2 3.56266e-15 0)
(2 3.56688e-15 0)
(2 3.52064e-15 0)
(2 3.44352e-15 0)
(2 3.33869e-15 0)
(2 3.17146e-15 0)
(2 3.12695e-15 0)
(2 3.20225e-15 0)
(2 3.30324e-15 0)
(2 3.45024e-15 0)
(2 3.58082e-15 0)
(2 3.61293e-15 0)
(2 3.54212e-15 0)
(2 3.43953e-15 0)
(2 3.49416e-15 0)
(2 3.63649e-15 0)
(2 3.73112e-15 0)
(2 3.8475e-15 0)
(2 3.86665e-15 0)
(2 3.87573e-15 0)
(2 3.76174e-15 0)
(2 3.36348e-15 0)
(2 2.71401e-15 0)
(2 2.33272e-15 0)
(2 2.04732e-15 0)
(2 1.72151e-15 0)
(2 1.71683e-15 0)
(2 1.74822e-15 0)
(2 1.73146e-15 0)
(2 1.52193e-15 0)
(2 1.04549e-15 0)
(2 1.23115e-15 0)
(2 1.44259e-15 0)
(2 1.73342e-15 0)
(2 2.35293e-15 0)
(2 2.57385e-15 0)
(2 2.71824e-15 0)
(2 2.45974e-15 0)
(2 2.38178e-15 0)
(2 2.27273e-15 0)
(2 2.28854e-15 0)
(2 2.3848e-15 0)
(2 2.25294e-15 0)
(2 2.12681e-15 0)
(2 1.82186e-15 0)
(2 1.36809e-15 0)
(2 9.99133e-16 0)
(2 1.04986e-15 0)
(2 1.34072e-15 0)
(2 1.69144e-15 0)
(2 1.50058e-15 0)
(2 1.07425e-15 0)
(2 9.49533e-16 0)
(2 9.5901e-16 0)
(2 9.20358e-16 0)
(2 1.6152e-15 0)
(2 2.01201e-15 0)
(2 2.5631e-15 0)
(2 2.76363e-15 0)
(2 2.89056e-15 0)
(2 2.7794e-15 0)
(2 3.21191e-15 0)
(2 3.43693e-15 0)
(2 3.82181e-15 0)
(2 3.95788e-15 0)
(2 3.92496e-15 0)
(2 4.02896e-15 0)
(2 4.15231e-15 0)
(2 4.16359e-15 0)
(2 4.2493e-15 0)
(2 4.51647e-15 0)
(2 4.68203e-15 0)
(2 4.50755e-15 0)
(2 3.6561e-15 0)
(2 2.93698e-15 0)
(2 2.70861e-15 0)
(2 2.47514e-15 0)
(2 2.87317e-15 0)
(2 2.96582e-15 0)
(2 2.86054e-15 0)
(2 2.83601e-15 0)
(2 2.76132e-15 0)
(2 2.80662e-15 0)
(2 2.78098e-15 0)
(2 3.02205e-15 0)
(2 3.11121e-15 0)
(2 2.75755e-15 0)
(2 2.7052e-15 0)
(2 2.71383e-15 0)
(2 2.68702e-15 0)
(2 2.6262e-15 0)
(2 2.4215e-15 0)
(2 2.51044e-15 0)
(2 2.50913e-15 0)
(2 2.27988e-15 0)
(2 1.86354e-15 0)
(2 1.81475e-15 0)
(2 1.72983e-15 0)
(2 1.63222e-15 0)
(2 4.54711e-15 0)
(2 4.45324e-15 0)
(2 4.32116e-15 0)
(2 4.52581e-15 0)
(2 4.59571e-15 0)
(2 4.37923e-15 0)
(2 4.34928e-15 0)
(2 4.24992e-15 0)
(2 4.2733e-15 0)
(2 4.43068e-15 0)
(2 4.50716e-15 0)
(2 4.59101e-15 0)
(2 4.48962e-15 0)
(2 4.38248e-15 0)
(2 4.16435e-15 0)
(2 3.68376e-15 0)
(2 3.41513e-15 0)
(2 3.37493e-15 0)
(2 3.23008e-15 0)
(2 2.94092e-15 0)
(2 2.84133e-15 0)
(2 2.91404e-15 0)
(2 3.13362e-15 0)
(2 3.21267e-15 0)
(2 3.25374e-15 0)
(2 3.08608e-15 0)
(2 2.87916e-15 0)
(2 2.70442e-15 0)
(2 2.43581e-15 0)
(2 2.38437e-15 0)
(2 2.31293e-15 0)
(2 2.472e-15 0)
(2 2.66323e-15 0)
(2 2.60341e-15 0)
(2 2.44973e-15 0)
(2 2.41363e-15 0)
(2 2.49317e-15 0)
(2 2.36837e-15 0)
(2 2.35593e-15 0)
(2 2.04799e-15 0)
(2 1.62752e-15 0)
(2 9.08565e-16 0)
(2 6.99173e-16 0)
(2 8.06329e-16 0)
(2 8.5402e-16 0)
(2 9.22405e-16 0)
(2 1.0641e-15 0)
(2 1.15959e-15 0)
(2 1.92268e-15 0)
(2 2.06405e-15 0)
(2 1.98035e-15 0)
(2 1.43517e-15 0)
(2 1.04157e-15 0)
(2 8.64122e-16 0)
(2 9.3775e-16 0)
(2 1.27357e-15 0)
(2 1.30763e-15 0)
(2 1.71134e-15 0)
(2 1.81156e-15 0)
(2 1.54757e-15 0)
(2 1.15113e-15 0)
(2 1.20836e-15 0)
(2 1.20428e-15 0)
(2 1.09854e-15 0)
(2 9.81575e-16 0)
(2 9.99379e-16 0)
(2 9.81062e-16 0)
(2 5.26167e-16 0)
(2 4.26057e-16 0)
(2 4.52494e-16 0)
(2 3.66441e-16 0)
(2 3.55734e-16 0)
(2 4.91048e-16 0)
(2 8.27053e-16 0)
(2 9.58451e-16 0)
(2 1.17852e-15 0)
(2 1.2222e-15 0)
(2 1.29174e-15 0)
(2 1.30104e-15 0)
(2 1.12754e-15 0)
(2 1.36282e-15 0)
(2 1.45877e-15 0)
(2 9.75414e-16 0)
(2 1.8092e-15 0)
(2 2.98627e-15 0)
(2 3.2654e-15 0)
(2 3.24237e-15 0)
(2 3.33236e-15 0)
(2 3.29781e-15 0)
(2 2.19204e-15 0)
(2 1.62957e-15 0)
(2 2.11489e-15 0)
(2 2.35368e-15 0)
(2 2.31156e-15 0)
(2 2.24776e-15 0)
(2 2.26564e-15 0)
(2 2.34882e-15 0)
(2 2.31415e-15 0)
(2 2.36252e-15 0)
(2 2.41201e-15 0)
(2 2.46634e-15 0)
(2 2.41369e-15 0)
(2 2.39936e-15 0)
(2 2.51496e-15 0)
(2 2.59978e-15 0)
(2 3.10154e-15 0)
(2 3.73333e-15 0)
(2 4.02196e-15 0)
(2 4.01273e-15 0)
(2 4.07337e-15 0)
(2 4.04043e-15 0)
(2 3.82314e-15 0)
(2 3.64404e-15 0)
(2 3.13243e-15 0)
(2 2.95087e-15 0)
(2 2.74077e-15 0)
(2 2.68037e-15 0)
(2 2.6519e-15 0)
(2 2.71361e-15 0)
(2 2.82021e-15 0)
(2 2.42317e-15 0)
(2 3.02799e-15 0)
(2 3.24405e-15 0)
(2 3.34782e-15 0)
(2 3.3965e-15 0)
(2 3.30789e-15 0)
(2 3.12428e-15 0)
(2 3.0726e-15 0)
(2 3.04215e-15 0)
(2 3.01479e-15 0)
(2 2.80316e-15 0)
(2 3.17231e-15 0)
(2 2.88238e-15 0)
(2 2.62095e-15 0)
(2 2.31794e-15 0)
(2 1.64703e-15 0)
(2 1.27486e-15 0)
(2 1.06369e-15 0)
(2 1.04132e-15 0)
(2 1.14556e-15 0)
(2 1.11745e-15 0)
(2 1.01851e-15 0)
(2 8.9479e-16 0)
(2 9.00981e-16 0)
(2 9.64355e-16 0)
(2 1.02606e-15 0)
(2 1.05894e-15 0)
(2 1.01305e-15 0)
(2 8.59805e-16 0)
(2 7.80123e-16 0)
(2 7.97996e-16 0)
(2 1.02185e-15 0)
(2 1.14717e-15 0)
(2 1.19074e-15 0)
(2 1.15657e-15 0)
(2 1.00843e-15 0)
(2 9.88758e-16 0)
(2 9.72831e-16 0)
(2 9.11543e-16 0)
(2 8.18467e-16 0)
(2 6.96647e-16 0)
(2 3.428e-16 0)
(2 4.07261e-16 0)
(2 5.14474e-16 0)
(2 5.3208e-16 0)
(2 3.16255e-16 0)
(2 3.51506e-16 0)
(2 4.72502e-16 0)
(2 5.91932e-16 0)
(2 1.18346e-15 0)
(2 1.37356e-15 0)
(2 1.9839e-15 0)
(2 2.57274e-15 0)
(2 2.3573e-15 0)
(2 1.83238e-15 0)
(2 1.25909e-15 0)
(2 1.10951e-15 0)
(2 1.11318e-15 0)
(2 1.3391e-15 0)
(2 1.57782e-15 0)
(2 1.70778e-15 0)
(2 1.68129e-15 0)
(2 1.49622e-15 0)
(2 1.76408e-15 0)
(2 1.75549e-15 0)
(2 1.79439e-15 0)
(2 1.86335e-15 0)
(2 1.83734e-15 0)
(2 1.748e-15 0)
(2 1.69045e-15 0)
(2 1.67469e-15 0)
(2 1.93871e-15 0)
(2 1.95597e-15 0)
(2 1.75698e-15 0)
(2 1.39456e-15 0)
(2 1.01198e-15 0)
(2 7.31166e-16 0)
(2 1.82171e-16 0)
(2 3.62382e-16 0)
(2 1.2119e-15 0)
(2 1.47351e-15 0)
(2 1.38483e-15 0)
(2 1.35991e-15 0)
(2 1.59169e-15 0)
(2 1.94e-15 0)
(2 2.14039e-15 0)
(2 2.15088e-15 0)
(2 2.31857e-15 0)
(2 2.44592e-15 0)
(2 2.31877e-15 0)
(2 2.06217e-15 0)
(2 1.73208e-15 0)
(2 1.58254e-15 0)
(2 1.87735e-15 0)
(2 2.02861e-15 0)
(2 2.11763e-15 0)
(2 1.9898e-15 0)
(2 1.97171e-15 0)
(2 2.08133e-15 0)
(2 2.17654e-15 0)
(2 2.44124e-15 0)
(2 2.65374e-15 0)
(2 2.85461e-15 0)
(2 2.9276e-15 0)
(2 2.81245e-15 0)
(2 2.74064e-15 0)
(2 2.64816e-15 0)
(2 2.6913e-15 0)
(2 2.76989e-15 0)
(2 2.90844e-15 0)
(2 3.0232e-15 0)
(2 3.16865e-15 0)
(2 3.23478e-15 0)
(2 3.19415e-15 0)
(2 3.0582e-15 0)
(2 2.81929e-15 0)
(2 2.69724e-15 0)
(2 2.61403e-15 0)
(2 2.39315e-15 0)
(2 2.13164e-15 0)
(2 1.15719e-15 0)
(2 1.43347e-15 0)
(2 1.57912e-15 0)
(2 1.66999e-15 0)
(2 1.75577e-15 0)
(2 1.80932e-15 0)
(2 2.01208e-15 0)
(2 2.15855e-15 0)
(2 2.29712e-15 0)
(2 2.2128e-15 0)
(2 1.74767e-15 0)
(2 1.52436e-15 0)
(2 1.53426e-15 0)
(2 1.05154e-15 0)
(2 1.34881e-15 0)
(2 8.00513e-16 0)
(2 6.46192e-16 0)
(2 4.50181e-16 0)
(2 7.55229e-17 0)
(2 -1.66951e-16 0)
(2 -3.84912e-16 0)
(2 -7.1999e-16 0)
(2 -9.64635e-16 0)
(2 -8.67839e-16 0)
(2 -6.40957e-16 0)
(2 -3.89649e-16 0)
(2 -3.82879e-16 0)
(2 4.10076e-17 0)
(2 1.44183e-16 0)
(2 7.55208e-17 0)
(2 6.85277e-17 0)
(2 1.08312e-16 0)
(2 1.54139e-17 0)
(2 -5.50448e-17 0)
(2 -1.37606e-16 0)
(2 -3.57479e-16 0)
(2 -7.50903e-16 0)
(2 -8.0865e-16 0)
(2 -1.00235e-15 0)
(2 -1.14668e-15 0)
(2 -1.09268e-15 0)
(2 -1.07721e-15 0)
(2 -1.06008e-15 0)
(2 -8.20333e-16 0)
(2 -6.49249e-16 0)
(2 -5.09913e-16 0)
(2 -5.45603e-16 0)
(2 -5.63617e-16 0)
(2 -3.72578e-16 0)
(2 2.90863e-16 0)
(2 9.7287e-16 0)
(2 1.52736e-15 0)
(2 2.03327e-15 0)
(2 2.11544e-15 0)
(2 2.10473e-15 0)
(2 1.688e-15 0)
(2 1.38238e-15 0)
(2 1.27425e-15 0)
(2 1.32872e-15 0)
(2 1.71404e-15 0)
(2 1.91741e-15 0)
(2 2.02652e-15 0)
(2 2.04942e-15 0)
(2 2.0938e-15 0)
(2 2.18264e-15 0)
(2 2.31439e-15 0)
(2 2.29549e-15 0)
(2 2.53518e-15 0)
(2 2.48312e-15 0)
(2 2.2765e-15 0)
(2 2.19478e-15 0)
(2 2.19734e-15 0)
(2 2.21805e-15 0)
(2 2.19132e-15 0)
(2 2.03248e-15 0)
(2 1.87151e-15 0)
(2 1.66389e-15 0)
(2 1.44519e-15 0)
(2 1.5713e-15 0)
(2 2.03836e-15 0)
(2 2.25405e-15 0)
(2 2.45833e-15 0)
(2 2.4059e-15 0)
(2 2.44423e-15 0)
(2 2.36047e-15 0)
(2 2.29249e-15 0)
(2 2.27837e-15 0)
(2 2.27439e-15 0)
(2 2.52296e-15 0)
(2 2.60664e-15 0)
(2 2.02895e-15 0)
(2 1.56681e-15 0)
(2 1.44123e-15 0)
(2 1.44771e-15 0)
(2 1.51595e-15 0)
(2 1.47762e-15 0)
(2 1.50645e-15 0)
(2 1.83572e-15 0)
(2 1.97978e-15 0)
(2 1.97488e-15 0)
(2 1.93688e-15 0)
(2 2.09636e-15 0)
(2 2.11473e-15 0)
(2 2.23617e-15 0)
(2 2.41437e-15 0)
(2 2.40692e-15 0)
(2 2.45991e-15 0)
(2 2.47791e-15 0)
(2 2.39308e-15 0)
(2 2.34789e-15 0)
(2 2.29084e-15 0)
(2 2.21624e-15 0)
(2 2.04319e-15 0)
(2 1.95997e-15 0)
(2 1.94585e-15 0)
(2 1.84281e-15 0)
(2 1.70806e-15 0)
(2 1.5976e-15 0)
(2 1.815e-15 0)
(2 1.18226e-15 0)
(2 1.50447e-15 0)
(2 1.71582e-15 0)
(2 1.78556e-15 0)
(2 2.11711e-15 0)
(2 2.22477e-15 0)
(2 2.72024e-15 0)
(2 2.91237e-15 0)
(2 2.96909e-15 0)
(2 2.82948e-15 0)
(2 2.54646e-15 0)
(2 2.22504e-15 0)
(2 1.72928e-15 0)
(2 1.56197e-15 0)
(2 1.74902e-15 0)
(2 1.92646e-15 0)
(2 2.33167e-15 0)
(2 2.504e-15 0)
(2 2.62366e-15 0)
(2 2.75802e-15 0)
(2 2.77976e-15 0)
(2 2.43309e-15 0)
(2 1.56595e-15 0)
(2 1.2964e-15 0)
(2 1.26847e-15 0)
(2 1.31205e-15 0)
(2 1.30379e-15 0)
(2 1.36847e-15 0)
(2 1.61011e-15 0)
(2 1.99811e-15 0)
(2 2.21672e-15 0)
(2 2.26654e-15 0)
(2 2.1538e-15 0)
(2 1.12119e-15 0)
(2 8.98686e-16 0)
(2 9.31134e-16 0)
(2 3.74858e-16 0)
(2 -1.61265e-16 0)
(2 -2.59825e-16 0)
(2 -2.73211e-16 0)
(2 -1.74248e-16 0)
(2 1.97514e-16 0)
(2 6.49274e-16 0)
(2 1.0276e-15 0)
(2 1.08293e-15 0)
(2 1.25141e-15 0)
(2 1.69662e-15 0)
(2 1.83561e-15 0)
(2 1.62575e-15 0)
(2 1.24814e-15 0)
(2 1.07781e-15 0)
(2 9.81475e-16 0)
(2 9.79487e-16 0)
(2 9.66296e-16 0)
(2 9.88639e-16 0)
(2 1.04094e-15 0)
(2 9.6034e-16 0)
(2 9.13213e-16 0)
(2 6.69796e-16 0)
(2 7.29119e-16 0)
(2 6.84131e-16 0)
(2 7.13474e-16 0)
(2 1.03793e-15 0)
(2 1.25637e-15 0)
(2 1.29338e-15 0)
(2 1.29465e-15 0)
(2 1.50372e-15 0)
(2 1.87977e-15 0)
(2 2.27008e-15 0)
(2 3.04235e-15 0)
(2 4.13185e-15 0)
(2 4.24959e-15 0)
(2 4.13262e-15 0)
(2 3.96135e-15 0)
(2 3.89211e-15 0)
(2 3.64317e-15 0)
(2 3.50244e-15 0)
(2 3.51605e-15 0)
(2 3.40982e-15 0)
(2 2.9335e-15 0)
(2 2.63218e-15 0)
(2 2.7451e-15 0)
(2 2.95187e-15 0)
(2 2.75555e-15 0)
(2 2.42704e-15 0)
(2 2.4188e-15 0)
(2 1.91034e-15 0)
(2 1.25299e-15 0)
(2 1.09647e-15 0)
(2 1.04571e-15 0)
(2 1.05356e-15 0)
(2 1.06197e-15 0)
(2 1.05621e-15 0)
(2 1.42308e-15 0)
(2 1.74185e-15 0)
(2 1.82916e-15 0)
(2 1.92131e-15 0)
(2 1.94542e-15 0)
(2 1.84032e-15 0)
(2 1.94159e-15 0)
(2 2.16079e-15 0)
(2 2.26873e-15 0)
(2 2.2283e-15 0)
(2 2.28553e-15 0)
(2 2.38783e-15 0)
(2 2.71876e-15 0)
(2 3.07749e-15 0)
(2 3.16246e-15 0)
(2 2.99391e-15 0)
(2 2.6154e-15 0)
(2 2.31223e-15 0)
(2 2.13917e-15 0)
(2 1.63495e-15 0)
(2 1.4113e-15 0)
(2 1.34263e-15 0)
(2 1.3325e-15 0)
(2 1.22113e-15 0)
(2 1.16552e-15 0)
(2 1.07089e-15 0)
(2 1.14425e-15 0)
(2 1.39311e-15 0)
(2 -2.39142e-16 0)
(2 2.43458e-16 0)
(2 -6.73841e-16 0)
(2 -9.15994e-16 0)
(2 -1.03257e-15 0)
(2 -1.20986e-15 0)
(2 -1.80462e-15 0)
(2 -2.21093e-15 0)
(2 -2.34206e-15 0)
(2 -1.93689e-15 0)
(2 -6.93921e-16 0)
(2 -4.25691e-17 0)
(2 2.45449e-16 0)
(2 4.15718e-16 0)
(2 1.17145e-15 0)
(2 1.95659e-15 0)
(2 2.2147e-15 0)
(2 1.8273e-15 0)
(2 1.70028e-15 0)
(2 1.25251e-15 0)
(2 9.44802e-16 0)
(2 1.06557e-15 0)
(2 1.30359e-15 0)
(2 1.38456e-15 0)
(2 1.13544e-15 0)
(2 7.69817e-16 0)
(2 2.95231e-17 0)
(2 -1.0519e-16 0)
(2 4.97322e-17 0)
(2 1.32008e-16 0)
(2 5.26146e-17 0)
(2 2.03562e-17 0)
(2 5.71269e-17 0)
(2 1.68547e-17 0)
(2 2.28147e-16 0)
(2 4.77568e-16 0)
(2 6.08043e-16 0)
(2 7.10363e-16 0)
(2 8.16735e-16 0)
(2 1.02548e-15 0)
(2 1.09123e-15 0)
(2 1.10642e-15 0)
(2 9.65322e-16 0)
(2 9.03117e-16 0)
(2 8.81355e-16 0)
(2 9.36147e-16 0)
(2 1.14228e-15 0)
(2 1.20247e-15 0)
(2 9.2483e-16 0)
(2 2.2742e-16 0)
(2 -1.20585e-16 0)
(2 -2.84714e-16 0)
(2 -3.73176e-16 0)
(2 -2.93758e-16 0)
(2 5.13883e-18 0)
(2 1.75972e-16 0)
(2 1.51336e-16 0)
(2 -2.0968e-17 0)
(2 -2.13545e-16 0)
(2 -3.22919e-16 0)
(2 -5.14735e-16 0)
(2 -7.83774e-16 0)
(2 -3.84112e-16 0)
(2 2.11642e-16 0)
(2 6.58314e-16 0)
(2 9.56518e-16 0)
(2 1.31573e-15 0)
(2 1.46183e-15 0)
(2 1.84004e-15 0)
(2 2.33086e-15 0)
(2 2.95781e-15 0)
(2 3.11663e-15 0)
(2 3.31761e-15 0)
(2 3.20555e-15 0)
(2 3.04119e-15 0)
(2 2.99115e-15 0)
(2 2.78315e-15 0)
(2 2.66186e-15 0)
(2 2.35959e-15 0)
(2 1.66368e-15 0)
(2 1.23853e-15 0)
(2 1.29686e-15 0)
(2 1.38543e-15 0)
(2 1.38903e-15 0)
(2 1.19691e-15 0)
(2 9.2177e-16 0)
(2 5.82228e-16 0)
(2 4.34697e-16 0)
(2 3.50852e-16 0)
(2 2.82895e-16 0)
(2 1.27264e-16 0)
(2 2.25098e-16 0)
(2 3.53009e-16 0)
(2 2.73566e-16 0)
(2 2.59741e-16 0)
(2 3.15664e-16 0)
(2 7.61791e-17 0)
(2 9.09944e-17 0)
(2 4.59778e-16 0)
(2 8.85101e-16 0)
(2 8.67982e-16 0)
(2 1.07188e-15 0)
(2 1.06874e-15 0)
(2 1.01282e-15 0)
(2 8.94846e-16 0)
(2 8.8381e-16 0)
(2 9.84266e-16 0)
(2 1.12617e-15 0)
(2 1.20098e-15 0)
(2 1.0449e-15 0)
(2 1.04645e-15 0)
(2 1.17073e-15 0)
(2 1.36516e-15 0)
(2 1.49716e-15 0)
(2 1.46939e-15 0)
(2 1.36027e-15 0)
(2 1.18281e-15 0)
(2 7.4567e-16 0)
(2 7.51623e-16 0)
(2 7.51028e-16 0)
(2 -2.77221e-15 0)
(2 -2.58639e-15 0)
(2 -2.50345e-15 0)
(2 -2.71663e-15 0)
(2 -2.93236e-15 0)
(2 -3.19931e-15 0)
(2 -3.31142e-15 0)
(2 -3.5222e-15 0)
(2 -3.39255e-15 0)
(2 -2.9639e-15 0)
(2 -2.56526e-15 0)
(2 -1.54788e-15 0)
(2 -1.23276e-15 0)
(2 -1.16428e-15 0)
(2 -9.72526e-16 0)
(2 -8.67006e-16 0)
(2 -5.94176e-16 0)
(2 -3.9393e-16 0)
(2 -1.97667e-16 0)
(2 -9.73072e-18 0)
(2 -5.71006e-18 0)
(2 8.69456e-16 0)
(2 1.07599e-15 0)
(2 1.17514e-15 0)
(2 2.39246e-16 0)
(2 -1.97214e-16 0)
(2 -6.06624e-16 0)
(2 -9.75307e-16 0)
(2 -1.41353e-15 0)
(2 -1.00159e-15 0)
(2 -4.17482e-16 0)
(2 2.05565e-16 0)
(2 3.16398e-16 0)
(2 5.6999e-16 0)
(2 9.11556e-16 0)
(2 9.29734e-16 0)
(2 1.14869e-15 0)
(2 1.42121e-15 0)
(2 1.32874e-15 0)
(2 1.19272e-15 0)
(2 8.66292e-16 0)
(2 5.69481e-16 0)
(2 4.49246e-16 0)
(2 4.39424e-16 0)
(2 2.7844e-16 0)
(2 1.79225e-16 0)
(2 1.78381e-16 0)
(2 2.45779e-16 0)
(2 2.68845e-16 0)
(2 1.53933e-16 0)
(2 -1.09961e-16 0)
(2 -2.65437e-17 0)
(2 1.30254e-16 0)
(2 1.35314e-16 0)
(2 -4.63037e-17 0)
(2 -2.12036e-16 0)
(2 -1.64791e-16 0)
(2 -1.55433e-16 0)
(2 -4.3739e-16 0)
(2 -6.99814e-16 0)
(2 -1.04695e-15 0)
(2 -8.62505e-16 0)
(2 -1.17868e-15 0)
(2 -7.03464e-16 0)
(2 -4.01306e-16 0)
(2 -6.87527e-17 0)
(2 1.6268e-16 0)
(2 2.05969e-16 0)
(2 1.40629e-16 0)
(2 1.492e-16 0)
(2 4.45761e-16 0)
(2 8.38448e-16 0)
(2 7.3577e-16 0)
(2 6.8164e-16 0)
(2 1.08768e-15 0)
(2 1.14652e-15 0)
(2 1.25902e-15 0)
(2 1.38313e-15 0)
(2 1.30952e-15 0)
(2 8.89787e-16 0)
(2 8.00644e-16 0)
(2 6.371e-16 0)
(2 6.66503e-16 0)
(2 8.79741e-16 0)
(2 1.0068e-15 0)
(2 1.13846e-15 0)
(2 1.31292e-15 0)
(2 9.83552e-16 0)
(2 9.25057e-16 0)
(2 8.2473e-16 0)
(2 4.91076e-16 0)
(2 -7.99889e-17 0)
(2 -4.22764e-16 0)
(2 -7.85947e-16 0)
(2 -1.01126e-15 0)
(2 -1.24053e-15 0)
(2 -1.89903e-15 0)
(2 -2.09332e-15 0)
(2 -2.06693e-15 0)
(2 -1.67505e-15 0)
(2 -1.35477e-15 0)
(2 -1.33755e-15 0)
(2 -1.04389e-15 0)
(2 -9.73083e-16 0)
(2 -8.48663e-16 0)
(1.90783 -0.015171 0)
(1.75218 0.0470892 0)
(1.6939 0.104341 0)
(1.67355 0.111231 0)
(1.67191 0.0911307 0)
(1.65635 0.0669252 0)
(1.62675 0.0474931 0)
(1.59638 0.0341881 0)
(1.99855 0.000807005 0)
(1.98118 0.0114837 0)
(1.95662 0.0343065 0)
(1.9268 0.0615015 0)
(1.9062 0.085322 0)
(1.88423 0.103036 0)
(1.87711 0.119503 0)
(1.86846 0.12681 0)
(1.99995 7.81417e-05 0)
(1.99931 0.00170209 0)
(1.99256 0.00808507 0)
(1.97883 0.0205544 0)
(1.96474 0.0351288 0)
(1.9474 0.0550481 0)
(1.93868 0.0686635 0)
(1.92968 0.0805317 0)
(2 2.15516e-06 0)
(1.99999 7.9121e-05 0)
(1.99949 0.000968136 0)
(1.99721 0.0042913 0)
(1.99183 0.0119615 0)
(1.98255 0.0247034 0)
(1.9709 0.0385997 0)
(1.95734 0.0532837 0)
(2 9.29647e-09 0)
(2 8.00378e-07 0)
(1.99998 2.94918e-05 0)
(1.99982 0.000278007 0)
(1.99901 0.00151008 0)
(1.99665 0.00515859 0)
(1.99134 0.0131311 0)
(1.98217 0.0264493 0)
(2 6.27908e-12 0)
(2 2.28742e-09 0)
(2 2.46433e-07 0)
(2 5.21093e-06 0)
(1.99995 6.17579e-05 0)
(1.99972 0.000383056 0)
(1.99873 0.0017899 0)
(1.99624 0.00544258 0)
(2 3.07509e-15 0)
(2 1.95144e-12 0)
(2 5.78485e-10 0)
(2 2.97959e-08 0)
(2 7.42374e-07 0)
(1.99999 9.76302e-06 0)
(1.99994 8.19683e-05 0)
(1.99966 0.000451281 0)
(2 9.70357e-16 0)
(2 1.00697e-15 0)
(2 4.044e-13 0)
(2 4.69995e-11 0)
(2 2.8631e-09 0)
(2 7.25271e-08 0)
(2 1.24899e-06 0)
(1.99999 1.34082e-05 0)
(2 1.43927e-15 0)
(2 1.15876e-15 0)
(2 3.55522e-16 0)
(2 2.29721e-14 0)
(2 2.84769e-12 0)
(2 1.70428e-10 0)
(2 5.80754e-09 0)
(2 1.14578e-07 0)
(2 2.06114e-15 0)
(2 2.39557e-15 0)
(2 2.29698e-15 0)
(2 3.35021e-15 0)
(2 3.39353e-15 0)
(2 1.15317e-13 0)
(2 7.33267e-12 0)
(2 3.15829e-10 0)
(2 1.06553e-15 0)
(2 1.48823e-15 0)
(2 2.26227e-15 0)
(2 3.27716e-15 0)
(2 2.22284e-15 0)
(2 2.46577e-16 0)
(2 -9.28279e-15 0)
(2 1.96731e-13 0)
(2 -3.76711e-16 0)
(2 -8.26948e-16 0)
(2 6.11148e-16 0)
(2 1.47194e-15 0)
(2 1.55609e-15 0)
(2 -7.73802e-16 0)
(2 -2.78219e-15 0)
(2 -9.36483e-14 0)
(2 3.29541e-16 0)
(2 6.37624e-17 0)
(2 3.27389e-16 0)
(2 1.59195e-16 0)
(2 8.09298e-16 0)
(2 9.04041e-17 0)
(2 -9.35289e-15 0)
(2 -3.77091e-14 0)
(2 1.05318e-15 0)
(2 1.98207e-15 0)
(2 1.48134e-15 0)
(2 2.24662e-16 0)
(2 -3.46695e-16 0)
(2 6.00599e-17 0)
(2 -8.90783e-16 0)
(2 -1.05785e-14 0)
(-0.021863 0.0301824 0)
(-0.0623039 0.0301723 0)
(-0.103441 0.0306976 0)
(-0.143909 0.0303744 0)
(-0.183906 0.030301 0)
(-0.226661 0.0299985 0)
(-0.267719 0.0299121 0)
(-0.310615 0.0303213 0)
(-0.0209838 0.0932451 0)
(-0.0598946 0.0932551 0)
(-0.0995667 0.0948246 0)
(-0.138558 0.0937397 0)
(-0.177024 0.0930509 0)
(-0.217927 0.0916475 0)
(-0.257147 0.0908044 0)
(-0.298289 0.0915337 0)
(-0.0213526 0.15413 0)
(-0.060274 0.153961 0)
(-0.0996308 0.156417 0)
(-0.13753 0.154587 0)
(-0.174693 0.153311 0)
(-0.213993 0.151103 0)
(-0.252344 0.150075 0)
(-0.293088 0.151848 0)
(-0.0201777 0.215581 0)
(-0.0564213 0.214401 0)
(-0.0932153 0.217027 0)
(-0.128571 0.214193 0)
(-0.164386 0.212514 0)
(-0.202955 0.210282 0)
(-0.242122 0.210037 0)
(-0.283704 0.213112 0)
(-0.0192147 0.27441 0)
(-0.0534432 0.272243 0)
(-0.0885746 0.275492 0)
(-0.122597 0.273062 0)
(-0.158154 0.272625 0)
(-0.196413 0.271759 0)
(-0.23539 0.272547 0)
(-0.275565 0.276122 0)
(-0.0175645 0.331275 0)
(-0.0482654 0.328141 0)
(-0.0804085 0.332231 0)
(-0.111667 0.330761 0)
(-0.145364 0.331872 0)
(-0.181508 0.332217 0)
(-0.219312 0.333447 0)
(-0.258073 0.336762 0)
(-0.0167193 0.385581 0)
(-0.0449997 0.381656 0)
(-0.0752332 0.387098 0)
(-0.10443 0.387379 0)
(-0.136482 0.390717 0)
(-0.170448 0.393246 0)
(-0.207412 0.396012 0)
(-0.244625 0.399624 0)
(-0.0156626 0.438511 0)
(-0.0406516 0.433587 0)
(-0.0684165 0.440309 0)
(-0.0946153 0.44224 0)
(-0.124154 0.447823 0)
(-0.155548 0.452745 0)
(-0.189624 0.457002 0)
(-0.224489 0.460801 0)
(-0.0145255 0.488966 0)
(-0.0356858 0.483129 0)
(-0.0610573 0.49125 0)
(-0.0841119 0.49494 0)
(-0.111 0.503135 0)
(-0.139591 0.51072 0)
(-0.170846 0.517224 0)
(-0.203245 0.521872 0)
(-0.0133944 0.536758 0)
(-0.0301024 0.530362 0)
(-0.0534075 0.540114 0)
(-0.0731922 0.545498 0)
(-0.0972959 0.556416 0)
(-0.12268 0.566619 0)
(-0.150577 0.575567 0)
(-0.179836 0.581358 0)
(-0.0123701 0.581577 0)
(-0.0245163 0.57543 0)
(-0.0461884 0.586978 0)
(-0.0625494 0.594024 0)
(-0.0837014 0.607544 0)
(-0.105393 0.620048 0)
(-0.129247 0.631432 0)
(-0.154676 0.638664 0)
(-0.0110848 0.623352 0)
(-0.0186476 0.618545 0)
(-0.0385155 0.631629 0)
(-0.051231 0.640423 0)
(-0.0692965 0.656177 0)
(-0.0869612 0.670267 0)
(-0.10628 0.683869 0)
(-0.127313 0.692718 0)
(-0.00935252 0.661751 0)
(-0.0128665 0.659286 0)
(-0.0297714 0.67324 0)
(-0.038299 0.684099 0)
(-0.0527397 0.701238 0)
(-0.066417 0.716177 0)
(-0.0813987 0.731724 0)
(-0.0981741 0.742568 0)
(-0.00677844 0.697104 0)
(-0.00790494 0.697132 0)
(-0.0209184 0.711295 0)
(-0.0258325 0.724787 0)
(-0.0368101 0.743514 0)
(-0.0466325 0.759362 0)
(-0.0575451 0.776825 0)
(-0.0697155 0.789746 0)
(-0.00418386 0.729852 0)
(-0.00377846 0.731985 0)
(-0.0126179 0.746333 0)
(-0.0145 0.762752 0)
(-0.020704 0.781643 0)
(-0.0257408 0.798123 0)
(-0.0326484 0.81665 0)
(-0.0399004 0.830803 0)
(-0.00159259 0.760833 0)
(-0.0003792 0.764068 0)
(-0.00496015 0.778315 0)
(-0.00287377 0.796476 0)
(-0.00415914 0.814599 0)
(-0.0054292 0.832803 0)
(-0.00830133 0.852659 0)
(-0.0106221 0.868487 0)
(0.000762484 0.789581 0)
(0.00399295 0.79329 0)
(0.00454892 0.806059 0)
(0.00968531 0.824557 0)
(0.0116903 0.843922 0)
(0.0137808 0.863488 0)
(0.0158653 0.883208 0)
(0.0179457 0.900338 0)
(0.00222161 0.815245 0)
(0.00863168 0.818943 0)
(0.0133853 0.830492 0)
(0.020698 0.849237 0)
(0.0262608 0.869818 0)
(0.0322039 0.890332 0)
(0.0389102 0.910639 0)
(0.04535 0.927902 0)
(0.00359226 0.838065 0)
(0.0132112 0.841229 0)
(0.0213314 0.851589 0)
(0.0313559 0.870106 0)
(0.0405946 0.891118 0)
(0.0501562 0.911782 0)
(0.0605193 0.931945 0)
(0.0712218 0.950535 0)
(0.00502832 0.857196 0)
(0.0174256 0.860005 0)
(0.0288087 0.869186 0)
(0.0415132 0.8871 0)
(0.0540676 0.908475 0)
(0.0671488 0.929575 0)
(0.0809347 0.949403 0)
(0.0953687 0.967773 0)
(0.00630038 0.873252 0)
(0.0215992 0.874945 0)
(0.0354807 0.883235 0)
(0.0509663 0.900625 0)
(0.0665841 0.921584 0)
(0.0827925 0.942269 0)
(0.0997754 0.961781 0)
(0.118009 0.980916 0)
(0.00785532 0.884889 0)
(0.0252364 0.886418 0)
(0.0418209 0.893653 0)
(0.0597134 0.909619 0)
(0.0781869 0.930143 0)
(0.0973363 0.950678 0)
(0.116707 0.969056 0)
(0.137793 0.987419 0)
(0.00874378 0.892086 0)
(0.0285903 0.893414 0)
(0.0474182 0.89968 0)
(0.0676858 0.914625 0)
(0.088565 0.934226 0)
(0.110669 0.954717 0)
(0.13289 0.972967 0)
(0.156552 0.990552 0)
(0.00975591 0.895434 0)
(0.0316112 0.89605 0)
(0.0525931 0.901581 0)
(0.0746208 0.914865 0)
(0.0975016 0.933005 0)
(0.121704 0.952549 0)
(0.146266 0.970408 0)
(0.172453 0.987793 0)
(0.0106355 0.894796 0)
(0.0341276 0.894613 0)
(0.0569618 0.899048 0)
(0.081483 0.911758 0)
(0.106505 0.929547 0)
(0.13264 0.948961 0)
(0.15861 0.965733 0)
(0.186322 0.981525 0)
(0.0116293 0.890125 0)
(0.036918 0.889479 0)
(0.061322 0.893274 0)
(0.0867346 0.903882 0)
(0.113226 0.919849 0)
(0.141417 0.938601 0)
(0.169201 0.954972 0)
(0.198574 0.970352 0)
(0.0123875 0.881874 0)
(0.0388007 0.880613 0)
(0.0646266 0.88349 0)
(0.0915097 0.892731 0)
(0.119064 0.90688 0)
(0.1487 0.92474 0)
(0.177975 0.940569 0)
(0.20873 0.955305 0)
(0.0131408 0.869441 0)
(0.0408608 0.868044 0)
(0.0679752 0.870419 0)
(0.0961017 0.87863 0)
(0.124452 0.89098 0)
(0.154935 0.907541 0)
(0.185095 0.922493 0)
(0.216818 0.936608 0)
(0.0137996 0.853956 0)
(0.0426352 0.852496 0)
(0.0708586 0.854315 0)
(0.100108 0.861714 0)
(0.129272 0.872529 0)
(0.160357 0.887752 0)
(0.191093 0.901724 0)
(0.223205 0.914882 0)
(0.014281 0.835563 0)
(0.0439332 0.834137 0)
(0.0729604 0.835407 0)
(0.103032 0.842076 0)
(0.132906 0.851526 0)
(0.164461 0.865437 0)
(0.195741 0.878528 0)
(0.228049 0.890722 0)
(0.014544 0.814874 0)
(0.044648 0.813469 0)
(0.0741388 0.814164 0)
(0.104653 0.820082 0)
(0.13498 0.828196 0)
(0.166838 0.840735 0)
(0.198621 0.852961 0)
(0.23122 0.864449 0)
(0.0145952 0.792509 0)
(0.0448108 0.790972 0)
(0.0745004 0.791086 0)
(0.105119 0.796263 0)
(0.13558 0.803008 0)
(0.167526 0.814048 0)
(0.19967 0.82527 0)
(0.232663 0.836206 0)
(0.0144688 0.76904 0)
(0.0444726 0.767065 0)
(0.0741507 0.766632 0)
(0.104583 0.771189 0)
(0.134856 0.776541 0)
(0.166611 0.785938 0)
(0.19887 0.795907 0)
(0.232186 0.80616 0)
(0.0141827 0.744936 0)
(0.0435711 0.742157 0)
(0.0729419 0.741254 0)
(0.10285 0.745411 0)
(0.132604 0.749397 0)
(0.163836 0.757034 0)
(0.195871 0.765432 0)
(0.229274 0.774627 0)
(0.0138168 0.720549 0)
(0.0421405 0.716738 0)
(0.07081 0.715482 0)
(0.0998038 0.719464 0)
(0.128737 0.72214 0)
(0.159131 0.727985 0)
(0.190568 0.734535 0)
(0.223686 0.742228 0)
(0.0133238 0.696199 0)
(0.0401894 0.691388 0)
(0.0677093 0.689923 0)
(0.0954133 0.693839 0)
(0.123317 0.695261 0)
(0.152662 0.699391 0)
(0.18317 0.703966 0)
(0.215554 0.709835 0)
(0.0127019 0.672401 0)
(0.0377248 0.666814 0)
(0.0637655 0.66517 0)
(0.0900312 0.668897 0)
(0.116839 0.669109 0)
(0.145016 0.671741 0)
(0.174324 0.674431 0)
(0.205507 0.678406 0)
(0.0121487 0.649607 0)
(0.0354607 0.643588 0)
(0.0598354 0.641724 0)
(0.0844745 0.645011 0)
(0.110108 0.644 0)
(0.136949 0.645437 0)
(0.164804 0.646529 0)
(0.194374 0.648785 0)
(0.011653 0.628527 0)
(0.0337035 0.622501 0)
(0.0566587 0.6204 0)
(0.0797245 0.622694 0)
(0.103808 0.62066 0)
(0.129015 0.621071 0)
(0.155178 0.620794 0)
(0.182891 0.621576 0)
(0.011254 0.608883 0)
(0.0323913 0.603155 0)
(0.0542468 0.601145 0)
(0.0761679 0.602687 0)
(0.0987277 0.599514 0)
(0.122031 0.599063 0)
(0.146331 0.59753 0)
(0.172018 0.597006 0)
(0.0109298 0.590703 0)
(0.0315119 0.585423 0)
(0.0525193 0.583494 0)
(0.0736038 0.584422 0)
(0.095119 0.581011 0)
(0.117011 0.579242 0)
(0.13944 0.576634 0)
(0.162938 0.574897 0)
(0.0105681 0.573831 0)
(0.0307035 0.568877 0)
(0.0512444 0.567029 0)
(0.0717194 0.567392 0)
(0.0923279 0.563897 0)
(0.113385 0.561805 0)
(0.134588 0.557946 0)
(0.156403 0.554595 0)
(0.0102815 0.557955 0)
(0.0298913 0.553163 0)
(0.0500002 0.551327 0)
(0.0699698 0.551162 0)
(0.0900349 0.547497 0)
(0.110254 0.5449 0)
(0.130566 0.540695 0)
(0.151505 0.536782 0)
(0.0100177 0.542695 0)
(0.0290628 0.538027 0)
(0.0486416 0.536065 0)
(0.0681588 0.535413 0)
(0.0877271 0.531692 0)
(0.107288 0.528779 0)
(0.126806 0.52422 0)
(0.146726 0.519643 0)
(0.00979943 0.527743 0)
(0.0283471 0.523285 0)
(0.0473612 0.521169 0)
(0.0663475 0.520117 0)
(0.0853724 0.516398 0)
(0.104385 0.513363 0)
(0.123254 0.508657 0)
(0.142269 0.503533 0)
(0.00957418 0.513022 0)
(0.0276589 0.508907 0)
(0.0460937 0.506694 0)
(0.0645074 0.50536 0)
(0.0829425 0.501669 0)
(0.101423 0.498587 0)
(0.119755 0.493888 0)
(0.138059 0.488402 0)
(0.00933681 0.498796 0)
(0.0270033 0.495079 0)
(0.0449062 0.4928 0)
(0.0628107 0.491196 0)
(0.0807051 0.487433 0)
(0.0986958 0.48416 0)
(0.116572 0.479395 0)
(0.134268 0.473524 0)
(0.00906415 0.485035 0)
(0.0262712 0.481698 0)
(0.0435773 0.479341 0)
(0.0609047 0.477436 0)
(0.078144 0.473513 0)
(0.0954665 0.469881 0)
(0.112716 0.464952 0)
(0.12969 0.458734 0)
(0.00866541 0.471222 0)
(0.0252414 0.468255 0)
(0.0418138 0.465818 0)
(0.0584848 0.46359 0)
(0.0750471 0.459466 0)
(0.0916938 0.455322 0)
(0.108345 0.450034 0)
(0.124727 0.443343 0)
(0.00824342 0.45605 0)
(0.0241775 0.453471 0)
(0.0399858 0.450962 0)
(0.0559309 0.448452 0)
(0.0717198 0.444227 0)
(0.0874992 0.439649 0)
(0.103279 0.434048 0)
(0.118756 0.427067 0)
(0.00767172 0.437396 0)
(0.022776 0.435372 0)
(0.0375749 0.433 0)
(0.0525662 0.430522 0)
(0.0674126 0.426605 0)
(0.0822563 0.422029 0)
(0.0971707 0.416477 0)
(0.111887 0.409555 0)
(0.00715928 0.412518 0)
(0.021714 0.411179 0)
(0.0357542 0.409071 0)
(0.0500189 0.406828 0)
(0.0641679 0.403558 0)
(0.0782174 0.399496 0)
(0.0922808 0.39457 0)
(0.10613 0.388424 0)
(0.00667748 0.379679 0)
(0.0207299 0.379023 0)
(0.0340782 0.377139 0)
(0.0476407 0.375173 0)
(0.0610809 0.372744 0)
(0.0743162 0.369692 0)
(0.0874766 0.366148 0)
(0.10046 0.361759 0)
(0.00627501 0.342258 0)
(0.0198003 0.342114 0)
(0.0325954 0.340145 0)
(0.0457142 0.338003 0)
(0.0589196 0.335836 0)
(0.0720591 0.33328 0)
(0.0851999 0.330776 0)
(0.0981782 0.328097 0)
(0.00595081 0.305098 0)
(0.0188139 0.305277 0)
(0.0310442 0.30295 0)
(0.0437779 0.300107 0)
(0.0570523 0.297494 0)
(0.0705507 0.294642 0)
(0.084234 0.292336 0)
(0.0977602 0.29055 0)
(0.0055712 0.271684 0)
(0.0172093 0.272239 0)
(0.0284176 0.269419 0)
(0.0403541 0.265305 0)
(0.053638 0.261538 0)
(0.0676776 0.257786 0)
(0.0823509 0.254845 0)
(0.0972383 0.252916 0)
(0.00491417 0.245291 0)
(0.0151453 0.24537 0)
(0.0251395 0.241477 0)
(0.0356993 0.235557 0)
(0.0483332 0.229907 0)
(0.0629532 0.224752 0)
(0.0789549 0.220469 0)
(0.0959234 0.217627 0)
(0.00245333 0.22593 0)
(0.00821712 0.225458 0)
(0.0161764 0.220722 0)
(0.0259899 0.212743 0)
(0.0392826 0.203502 0)
(0.0560384 0.19565 0)
(0.0746749 0.189155 0)
(0.0941768 0.184688 0)
(-0.00109958 0.219719 0)
(-0.00159671 0.214789 0)
(0.00180805 0.203777 0)
(0.0119722 0.190662 0)
(0.0267091 0.176237 0)
(0.0467126 0.165377 0)
(0.0684904 0.157357 0)
(0.0911472 0.152093 0)
(-0.00622845 0.228695 0)
(-0.0213442 0.221318 0)
(-0.0298063 0.202305 0)
(-0.0188176 0.180322 0)
(-0.00120831 0.157599 0)
(0.0234223 0.140147 0)
(0.0509254 0.128156 0)
(0.079292 0.120998 0)
(-0.0220261 0.266511 0)
(-0.058045 0.24824 0)
(-0.0678263 0.20556 0)
(-0.0507126 0.159722 0)
(-0.0239827 0.123662 0)
(0.008676 0.0989578 0)
(0.0428621 0.084228 0)
(0.0766365 0.0764313 0)
(-0.0513246 0.347458 0)
(-0.0890546 0.281395 0)
(-0.0744773 0.191807 0)
(-0.0434207 0.1081 0)
(0.0111923 0.0619734 0)
(0.0619818 0.0376284 0)
(0.107207 0.0282737 0)
(0.147006 0.0260631 0)
(-0.0182053 0.459319 0)
(-0.0202794 0.276545 0)
(0.092987 0.128988 0)
(0.207656 0.0511093 0)
(0.293267 0.0265708 0)
(0.348228 0.0181545 0)
(0.386681 0.0124052 0)
(0.416326 0.00848154 0)
(0.646961 0.279299 0)
(0.694976 0.0249448 0)
(0.849932 -0.0938567 0)
(0.95762 -0.119833 0)
(0.99562 -0.0911949 0)
(0.996991 -0.0598417 0)
(0.987154 -0.0351938 0)
(0.975816 -0.0163999 0)
)
;

boundaryField
{
    inlet
    {
        type            fixedValue;
        value           nonuniform 0();
    }
    outlet
    {
        type            inletOutlet;
        inletValue      nonuniform 0();
        value           nonuniform 0();
    }
    bottom
    {
        type            symmetryPlane;
    }
    top
    {
        type            symmetryPlane;
    }
    obstacle
    {
        type            slip;
    }
    front
    {
        type            empty;
    }
    back
    {
        type            empty;
    }
    procBoundary2to1
    {
        type            processor;
        value           nonuniform List<vector> 
16
(
(2 -1.49381e-15 0)
(2 -3.02506e-15 0)
(2 -2.78437e-15 0)
(2 -1.72057e-15 0)
(2 -9.49782e-16 0)
(2 -9.49782e-16 0)
(2 -2.02663e-15 0)
(2 -9.13745e-16 0)
(2 2.49909e-15 0)
(2 3.76436e-15 0)
(2 3.86206e-15 0)
(2 2.125e-15 0)
(2 1.09733e-15 0)
(2 1.45282e-15 0)
(2 -7.87235e-16 0)
(2 -2.50301e-15 0)
)
;
    }
    procBoundary2to3
    {
        type            processor;
        value           nonuniform List<vector> 
28
(
(-0.354456 0.0299551 0)
(-0.340915 0.0903704 0)
(-0.335868 0.151037 0)
(-0.327275 0.212831 0)
(-0.317189 0.275644 0)
(-0.298713 0.336523 0)
(-0.283044 0.40039 0)
(-0.260822 0.46246 0)
(-0.237038 0.524615 0)
(-0.210362 0.585085 0)
(-0.181344 0.643645 0)
(-0.149601 0.699062 0)
(-0.116237 0.750903 0)
(-0.08276 0.799824 0)
(-0.0479027 0.842648 0)
(-0.013599 0.881576 0)
(0.0195015 0.914874 0)
(0.0513443 0.942578 0)
(0.0814266 0.965879 0)
(0.109448 0.982951 0)
(0.135721 0.996278 0)
(0.158854 1.00279 0)
(0.180263 1.00533 0)
(0.198625 1.00218 0)
(0.214117 0.994296 0)
(0.227653 0.982226 0)
(0.238867 0.966028 0)
(0.24787 0.946583 0)
)
;
    }
    procBoundary2to10
    {
        type            processor;
        value           nonuniform List<vector> 
129
(
(2 -7.46796e-16 0)
(2 -4.12657e-16 0)
(2 -4.15257e-16 0)
(2 -2.16082e-16 0)
(2 -5.43538e-17 0)
(2 2.19726e-17 0)
(2 8.32503e-17 0)
(2 2.69813e-17 0)
(2 -2.05628e-16 0)
(2 -1.69289e-16 0)
(2 -1.41896e-16 0)
(2 -1.48501e-16 0)
(2 1.77374e-16 0)
(2 -1.52388e-16 0)
(2 -3.03945e-16 0)
(2 -1.7238e-15 0)
(2 -2.11213e-15 0)
(2 -2.35403e-15 0)
(2 -2.33677e-15 0)
(2 -2.22912e-15 0)
(2 -2.23212e-15 0)
(2 -2.3273e-15 0)
(2 -1.88637e-15 0)
(2 -1.33945e-15 0)
(2 -1.14065e-15 0)
(2 -1.08107e-15 0)
(2 -7.58053e-16 0)
(2 -5.40224e-17 0)
(2 1.35203e-16 0)
(2 -1.56053e-17 0)
(2 -3.77121e-16 0)
(2 -2.03188e-16 0)
(2 7.76757e-17 0)
(2 1.6581e-16 0)
(2 6.97038e-16 0)
(2 9.79446e-16 0)
(2 1.20675e-15 0)
(2 1.38142e-15 0)
(2 1.31585e-15 0)
(2 1.1023e-15 0)
(2 1.051e-15 0)
(2 1.45847e-15 0)
(2 1.45452e-15 0)
(2 1.185e-15 0)
(2 1.11324e-15 0)
(2 8.28571e-16 0)
(2 5.37283e-16 0)
(2 5.90777e-16 0)
(2 8.23968e-16 0)
(2 1.12361e-15 0)
(2 1.10809e-15 0)
(2 1.01457e-15 0)
(2 9.74196e-16 0)
(2 7.96188e-16 0)
(2 5.49482e-16 0)
(2 2.24451e-16 0)
(2 -6.99473e-17 0)
(2 -9.66024e-17 0)
(2 -6.64876e-17 0)
(2 -1.25364e-16 0)
(2 -1.78484e-16 0)
(2 -1.89409e-16 0)
(2 -3.0761e-16 0)
(2 -3.01417e-16 0)
(2 -1.539e-16 0)
(2 5.51431e-17 0)
(2 9.42778e-17 0)
(2 2.09582e-17 0)
(2 -1.04622e-16 0)
(2 -3.5282e-16 0)
(2 -5.38841e-16 0)
(2 -9.08857e-16 0)
(2 -9.62903e-16 0)
(2 -1.24353e-15 0)
(2 -1.68835e-15 0)
(2 -1.70559e-15 0)
(2 -1.60151e-15 0)
(2 -1.99992e-15 0)
(2 -2.20538e-15 0)
(2 -2.56972e-15 0)
(2 -2.56344e-15 0)
(2 -2.67431e-15 0)
(2 -2.46041e-15 0)
(2 -1.61853e-15 0)
(2 -1.55385e-15 0)
(2 -1.50788e-15 0)
(2 -1.53259e-15 0)
(2 -1.55403e-15 0)
(2 -1.19726e-15 0)
(2 -1.12372e-15 0)
(2 -1.10119e-15 0)
(2 -8.80296e-16 0)
(2 -5.80941e-16 0)
(2 -2.37758e-16 0)
(2 -2.35189e-16 0)
(2 -3.70997e-16 0)
(2 -4.77193e-16 0)
(2 -4.06702e-16 0)
(2 -2.68281e-16 0)
(2 -1.38415e-17 0)
(2 3.46222e-16 0)
(2 2.91912e-16 0)
(2 5.43583e-16 0)
(2 6.7938e-16 0)
(2 6.40924e-16 0)
(2 5.36357e-16 0)
(2 2.65821e-16 0)
(2 1.16827e-16 0)
(2 -3.18834e-16 0)
(2 -6.6788e-16 0)
(2 -6.32273e-16 0)
(2 -7.66219e-16 0)
(2 -1.32952e-15 0)
(2 -1.44661e-15 0)
(2 -1.50793e-15 0)
(2 -1.49082e-15 0)
(2 -1.20188e-15 0)
(2 -1.01904e-15 0)
(2 -9.54505e-16 0)
(2 -7.46796e-16 0)
(2 -1.04134e-15 0)
(2 6.84862e-16 0)
(2 1.60351e-15 0)
(2 1.15091e-15 0)
(2 8.69117e-16 0)
(2 4.47708e-16 0)
(2 -2.84276e-16 0)
(2 -2.22779e-16 0)
(2 -2.02108e-15 0)
)
;
    }
    procBoundary2to11
    {
        type            processor;
        value           nonuniform List<vector> 
27
(
(0.254975 0.924269 0)
(0.260087 0.899315 0)
(0.263406 0.872394 0)
(0.265213 0.84389 0)
(0.26529 0.813748 0)
(0.262901 0.781878 0)
(0.257498 0.748614 0)
(0.248976 0.714803 0)
(0.23787 0.681581 0)
(0.225061 0.650074 0)
(0.211586 0.621058 0)
(0.198498 0.594889 0)
(0.187141 0.571429 0)
(0.178835 0.550174 0)
(0.17271 0.531389 0)
(0.166802 0.514121 0)
(0.161415 0.497816 0)
(0.156417 0.482473 0)
(0.151929 0.467187 0)
(0.146571 0.452061 0)
(0.141014 0.436206 0)
(0.134124 0.41942 0)
(0.126538 0.401741 0)
(0.119811 0.381442 0)
(0.113392 0.356664 0)
(0.110997 0.325333 0)
(0.110923 0.289565 0)
)
;
    }
    procBoundary2to19
    {
        type            processor;
        value           nonuniform List<vector> 
23
(
(1.56782 0.0291347 0)
(1.85912 0.127691 0)
(1.91869 0.095849 0)
(1.94592 0.0666241 0)
(1.97214 0.0406856 0)
(1.99092 0.013541 0)
(1.99862 0.00192274 0)
(1.99993 9.10795e-05 0)
(2 1.65677e-06 0)
(2 8.0205e-09 0)
(2 1.14566e-11 0)
(2 -1.87628e-13 0)
(2 -2.27484e-13 0)
(2 -1.24123e-13 0)
(0.111916 0.252456 0)
(0.112975 0.216752 0)
(0.114159 0.183064 0)
(0.11375 0.15017 0)
(0.107321 0.118286 0)
(0.109215 0.0742959 0)
(0.182867 0.0283511 0)
(0.440875 0.00816583 0)
(0.964719 -0.00159131 0)
)
;
    }
}


// ************************************************************************* //
