/*--------------------------------*- C++ -*----------------------------------*\
  =========                 |
  \\      /  F ield         | OpenFOAM: The Open Source CFD Toolbox
   \\    /   O peration     | Website:  https://openfoam.org
    \\  /    A nd           | Version:  7
     \\/     M anipulation  |
\*---------------------------------------------------------------------------*/
FoamFile
{
    version     2.0;
    format      ascii;
    class       labelList;
    location    "constant/polyMesh";
    object      faceProcAddressing;
}
// * * * * * * * * * * * * * * * * * * * * * * * * * * * * * * * * * * * * * //


1621
(
10
11
12
13
14
15
16
17
18
19
20
21
22
23
24
25
26
27
29
30
52
53
54
55
56
57
58
59
60
61
62
63
65
82
83
84
85
86
87
88
89
90
91
92
93
95
112
113
114
115
116
117
118
119
120
121
122
123
125
142
143
144
145
146
147
148
149
150
151
152
153
155
172
173
174
175
176
177
178
179
180
181
182
183
185
202
203
204
205
206
207
208
209
210
211
212
213
215
232
233
234
235
236
237
238
239
240
241
242
243
245
262
263
264
265
266
267
268
269
270
271
272
273
275
292
293
294
295
296
297
298
299
300
301
302
303
305
322
323
324
325
326
327
328
329
330
331
332
333
335
352
353
354
355
356
357
358
359
360
361
362
363
365
382
383
384
385
386
387
388
389
390
391
392
393
395
412
414
415
416
417
418
419
420
421
422
423
425
444
445
446
447
448
449
450
451
452
453
455
474
475
476
477
478
479
480
481
482
483
484
485
487
504
505
506
507
508
509
510
511
512
513
514
515
517
534
535
536
537
538
539
540
541
542
543
544
545
564
565
566
567
568
569
570
571
572
573
575
594
595
596
597
598
599
600
601
602
603
605
624
625
626
627
628
629
630
631
632
633
654
655
656
657
658
659
660
661
663
684
685
686
687
688
689
690
691
693
714
715
716
717
718
719
720
721
744
745
746
747
748
749
751
774
775
776
777
778
779
781
804
806
807
808
809
811
836
837
838
839
866
867
869
896
897
899
926
927
929
956
957
959
986
987
989
1016
6089
6119
6149
6179
6206
6207
6209
6236
6237
6239
6266
6267
6268
6269
6271
6296
6297
6298
6299
6301
6326
6327
6328
6329
6331
6356
6357
6358
6359
6361
6386
6387
6388
6389
6391
6414
6415
6416
6417
6418
6419
6420
6421
6423
6444
6445
6446
6447
6448
6449
6450
6451
6453
6474
6475
6476
6477
6478
6479
6480
6481
6483
6504
6505
6506
6507
6508
6509
6510
6511
6513
6534
6535
6536
6537
6538
6539
6540
6541
6542
6543
6545
6564
6565
6566
6567
6568
6569
6570
6571
6572
6573
6575
6594
6595
6596
6597
6598
6599
6600
6601
6602
6603
6605
6624
6625
6626
6627
6628
6629
6630
6631
6632
6633
6634
6635
6637
6654
6655
6656
6657
6658
6659
6660
6661
6662
6663
6664
6665
6667
6684
6685
6686
6687
6688
6689
6690
6691
6692
6693
6694
6695
6697
6714
6715
6716
6717
6718
6719
6720
6721
6722
6723
6724
6725
6727
6744
6745
6746
6747
6748
6749
6750
6751
6752
6753
6754
6755
6774
6775
6776
6777
6778
6779
6780
6781
6782
6783
6785
6802
6803
6804
6805
6806
6807
6808
6809
6810
6811
6812
6813
6815
6832
6833
6834
6835
6836
6837
6838
6839
6840
6841
6842
6843
6845
6862
6863
6864
6865
6866
6867
6868
6869
6870
6871
6872
6873
6875
6892
6893
6894
6895
6896
6897
6898
6899
6900
6901
6902
6903
6905
6922
6923
6924
6925
6926
6927
6928
6929
6930
6931
6932
6933
6935
6952
6953
6954
6955
6956
6957
6958
6959
6960
6961
6962
6963
6965
6982
6983
6984
6985
6986
6987
6988
6989
6990
6991
6992
6993
6995
7012
7013
7014
7015
7016
7017
7018
7019
7020
7021
7022
7023
7025
7042
7043
7044
7045
7046
7047
7048
7049
7050
7051
7052
7053
7055
7072
7073
7074
7075
7076
7077
7078
7079
7080
7081
7082
7083
7085
7102
7103
7104
7105
7106
7107
7108
7109
7110
7111
7112
7113
7115
7132
7133
7134
7135
7136
7137
7138
7139
7140
7141
7142
7143
7145
7162
7163
7164
7165
7166
7167
7168
7169
7170
7171
7172
7173
7175
7189
7190
7191
7192
7193
7194
43711
43712
43713
43714
43715
43716
43717
43718
43719
43720
43721
43722
43723
43724
43741
43742
43743
43744
43745
43746
43747
43748
43749
43750
43751
43752
43753
43754
43755
43756
43757
43758
43759
43760
43761
43762
43763
43764
43765
43766
43767
43771
43772
43773
43774
43775
43776
43777
43778
43779
43780
43781
43782
43783
43784
43785
43786
43787
43788
43789
43790
43791
43792
43793
43794
43795
43796
43797
43798
43799
43800
43801
43802
43803
43804
43805
43806
43807
43808
43809
43810
43811
43812
43813
43814
43815
43816
43817
43818
43819
43820
43821
43822
43823
43824
43825
43826
43827
43828
43829
43830
43831
43832
43833
43834
43835
43836
43837
43838
43839
43840
43841
43842
43843
43844
43845
43846
43847
43848
43849
43850
43851
43852
43853
43854
43855
43856
43857
43858
43861
43862
43863
43864
43865
43866
43867
43868
43869
43870
43871
43872
43873
43874
43875
43876
43877
43878
43879
43880
43881
43882
43883
43884
43891
43892
43893
43894
43895
43896
43897
43898
43899
43900
43901
43902
43903
43904
43905
43906
43907
43908
43909
43910
43911
43936
43937
43938
44161
44162
44163
44164
44165
44166
44167
44168
44169
44170
44171
44172
44173
44174
44191
44192
44193
44194
44195
44196
44197
44198
44199
44200
44201
44202
44203
44204
44205
44206
44207
44208
44209
44210
44211
44212
44213
44214
44215
44216
44217
44221
44222
44223
44224
44225
44226
44227
44228
44229
44230
44231
44232
44233
44234
44235
44236
44237
44238
44239
44240
44241
44242
44243
44244
44245
44246
44247
44248
44249
44250
44251
44252
44253
44254
44255
44256
44257
44258
44259
44260
44261
44262
44263
44264
44265
44266
44267
44268
44269
44270
44271
44272
44273
44274
44275
44276
44277
44278
44279
44280
44281
44282
44283
44284
44285
44286
44287
44288
44289
44290
44291
44292
44293
44294
44295
44296
44297
44298
44299
44300
44301
44302
44303
44304
44305
44306
44307
44308
44311
44312
44313
44314
44315
44316
44317
44318
44319
44320
44321
44322
44323
44324
44325
44326
44327
44328
44329
44330
44331
44332
44333
44334
44341
44342
44343
44344
44345
44346
44347
44348
44349
44350
44351
44352
44353
44354
44355
44356
44357
44358
44359
44360
44361
44386
44387
44388
44671
44672
44673
44674
44701
44702
44703
44704
45121
45122
45123
45124
45151
45152
45153
45154
49197
49198
49199
49200
49223
49224
49225
49226
49227
49228
49229
49230
49259
49260
49647
49648
49649
49650
49673
49674
49675
49676
49677
49678
49679
49680
49709
49710
50027
50028
50029
50030
50031
50032
50033
50034
50035
50036
50037
50038
50039
50040
50044
50045
50046
50047
50048
50049
50050
50051
50052
50053
50054
50055
50056
50057
50058
50059
50060
50061
50062
50063
50064
50065
50066
50067
50068
50069
50070
50071
50072
50073
50074
50075
50076
50077
50078
50079
50080
50081
50082
50083
50084
50085
50086
50087
50088
50089
50090
50091
50092
50093
50094
50095
50096
50097
50098
50099
50100
50101
50102
50103
50104
50105
50106
50107
50108
50109
50110
50111
50112
50113
50114
50115
50116
50117
50118
50119
50120
50121
50122
50123
50124
50125
50126
50127
50128
50129
50130
50131
50132
50133
50134
50135
50136
50137
50138
50139
50140
50141
50142
50143
50144
50145
50146
50147
50148
50149
50150
50151
50152
50153
50154
50155
50156
50157
50158
50159
50160
50164
50165
50166
50167
50168
50169
50170
50171
50172
50173
50174
50175
50176
50177
50178
50179
50180
50181
50182
50183
50184
50185
50186
50187
50188
50189
50190
50198
50199
50200
50201
50202
50203
50204
50205
50206
50207
50208
50209
50210
50211
50212
50213
50214
50215
50216
50217
50218
50219
50220
50231
50232
50233
50234
50235
50477
50478
50479
50480
50481
50482
50483
50484
50485
50486
50487
50488
50489
50490
50494
50495
50496
50497
50498
50499
50500
50501
50502
50503
50504
50505
50506
50507
50508
50509
50510
50511
50512
50513
50514
50515
50516
50517
50518
50519
50520
50521
50522
50523
50524
50525
50526
50527
50528
50529
50530
50531
50532
50533
50534
50535
50536
50537
50538
50539
50540
50541
50542
50543
50544
50545
50546
50547
50548
50549
50550
50551
50552
50553
50554
50555
50556
50557
50558
50559
50560
50561
50562
50563
50564
50565
50566
50567
50568
50569
50570
50571
50572
50573
50574
50575
50576
50577
50578
50579
50580
50581
50582
50583
50584
50585
50586
50587
50588
50589
50590
50591
50592
50593
50594
50595
50596
50597
50598
50599
50600
50601
50602
50603
50604
50605
50606
50607
50608
50609
50610
50614
50615
50616
50617
50618
50619
50620
50621
50622
50623
50624
50625
50626
50627
50628
50629
50630
50631
50632
50633
50634
50635
50636
50637
50638
50639
50640
50648
50649
50650
50651
50652
50653
50654
50655
50656
50657
50658
50659
50660
50661
50662
50663
50664
50665
50666
50667
50668
50669
50670
50681
50682
50683
50684
50685
-6059
-6086
-6116
-6146
-6176
-6177
-6204
-6234
-6264
-6294
-6324
-6354
-6384
-6385
-6412
-6442
-6472
-6502
-6532
-6562
-6592
-6622
-6652
-6682
6088
6118
6148
6178
6208
6238
-6241
6270
6300
6330
6360
6390
-6393
6422
6452
6482
6512
-6515
6544
6574
6604
-6607
-7
-50
-80
-110
-140
-170
-200
-230
-260
-290
-320
-350
-380
-410
413
-442
-472
-502
-532
-562
-6712
-6742
-6772
-6773
-6800
-6830
-6860
-6890
-6920
-6950
-6980
-7010
-7040
-7070
-7100
-7130
-7160
-7188
28
64
94
124
154
184
214
244
274
304
334
364
394
424
454
-457
486
516
546
6636
6666
6696
6726
6756
6757
6784
6814
6844
6874
6904
6934
6964
6994
7024
7054
7084
7114
7144
7174
7195
-592
-622
-652
-682
-712
-742
-772
-802
805
-834
-864
-894
-924
-954
-984
-1014
1017
547
574
604
634
635
662
692
722
723
750
780
810
840
841
868
898
928
958
988
1018
1019
)


// ************************************************************************* //
