/*--------------------------------*- C++ -*----------------------------------*\
  =========                 |
  \\      /  F ield         | OpenFOAM: The Open Source CFD Toolbox
   \\    /   O peration     | Website:  https://openfoam.org
    \\  /    A nd           | Version:  7
     \\/     M anipulation  |
\*---------------------------------------------------------------------------*/
FoamFile
{
    version     2.0;
    format      ascii;
    class       volVectorField;
    location    "6";
    object      U;
}
// * * * * * * * * * * * * * * * * * * * * * * * * * * * * * * * * * * * * * //

dimensions      [0 1 -1 0 0 0 0];

internalField   nonuniform List<vector> 
2413
(
(1.99499 -0.143316 0)
(1.99479 -0.144321 0)
(1.99537 -0.145252 0)
(1.99662 -0.146052 0)
(1.99829 -0.146041 0)
(2.00017 -0.14552 0)
(2.00218 -0.144926 0)
(2.00424 -0.144304 0)
(2.00648 -0.143201 0)
(2.00845 -0.142395 0)
(2.01045 -0.141647 0)
(2.01267 -0.140651 0)
(2.01521 -0.139267 0)
(2.01721 -0.138552 0)
(2.0192 -0.137887 0)
(2.02099 -0.136996 0)
(2.02245 -0.136082 0)
(2.02362 -0.136228 0)
(2.02479 -0.135944 0)
(2.02574 -0.135759 0)
(2.0274 -0.135228 0)
(1.7981 -0.285529 0)
(1.80006 -0.284763 0)
(1.80214 -0.284117 0)
(1.80433 -0.283486 0)
(1.80662 -0.282832 0)
(1.80906 -0.282153 0)
(1.81155 -0.281549 0)
(1.81389 -0.281193 0)
(1.81605 -0.280992 0)
(1.81809 -0.280891 0)
(1.81999 -0.280976 0)
(1.8216 -0.280821 0)
(1.82323 -0.280133 0)
(1.82517 -0.279234 0)
(1.82683 -0.278083 0)
(1.82809 -0.276382 0)
(1.82957 -0.274183 0)
(1.83148 -0.272189 0)
(1.83367 -0.270096 0)
(1.83565 -0.267834 0)
(1.83713 -0.267168 0)
(1.83958 -0.266628 0)
(1.84194 -0.266501 0)
(1.84404 -0.266885 0)
(1.84617 -0.267014 0)
(1.84847 -0.26638 0)
(1.85067 -0.265087 0)
(1.85251 -0.263903 0)
(1.85409 -0.263178 0)
(1.85533 -0.261978 0)
(1.85663 -0.259115 0)
(1.85882 -0.255776 0)
(1.86062 -0.252386 0)
(1.86187 -0.249696 0)
(1.8623 -0.246521 0)
(1.86275 -0.241324 0)
(1.8643 -0.234682 0)
(1.86571 -0.22846 0)
(1.86724 -0.224994 0)
(1.86939 -0.223924 0)
(1.87182 -0.223829 0)
(1.87434 -0.224496 0)
(1.87684 -0.225713 0)
(1.87919 -0.226698 0)
(1.88146 -0.227434 0)
(1.88429 -0.227713 0)
(1.88718 -0.227722 0)
(1.88983 -0.227231 0)
(1.89258 -0.226018 0)
(1.89536 -0.225259 0)
(1.89787 -0.223935 0)
(1.90054 -0.221869 0)
(1.90317 -0.220101 0)
(1.90519 -0.218611 0)
(1.90703 -0.217208 0)
(1.90862 -0.214943 0)
(1.90981 -0.214304 0)
(1.9117 -0.214235 0)
(1.91367 -0.213689 0)
(1.91557 -0.213245 0)
(1.91752 -0.213687 0)
(1.91947 -0.214291 0)
(1.92167 -0.213862 0)
(1.9238 -0.212591 0)
(1.92568 -0.211864 0)
(1.92745 -0.211704 0)
(1.92904 -0.210964 0)
(1.93061 -0.209274 0)
(1.93221 -0.207964 0)
(1.93376 -0.207955 0)
(1.93483 -0.207247 0)
(1.93576 -0.205574 0)
(1.93713 -0.204777 0)
(1.9386 -0.204279 0)
(1.94029 -0.202602 0)
(1.9424 -0.20045 0)
(1.94399 -0.199359 0)
(1.94602 -0.197369 0)
(1.94885 -0.195104 0)
(1.95073 -0.192691 0)
(1.95239 -0.190915 0)
(1.95558 -0.188056 0)
(1.95794 -0.184734 0)
(1.9595 -0.18252 0)
(1.9619 -0.179552 0)
(1.96404 -0.176017 0)
(1.96558 -0.173009 0)
(1.9672 -0.170264 0)
(1.96898 -0.167146 0)
(1.97055 -0.163804 0)
(1.97186 -0.161086 0)
(1.97336 -0.158647 0)
(1.97516 -0.15564 0)
(1.97679 -0.152435 0)
(1.97812 -0.1498 0)
(1.97954 -0.147288 0)
(1.98116 -0.144426 0)
(1.98256 -0.141881 0)
(1.98373 -0.140296 0)
(1.98503 -0.139114 0)
(1.98661 -0.137862 0)
(1.98812 -0.136909 0)
(1.9895 -0.136645 0)
(1.99074 -0.136682 0)
(1.99177 -0.136838 0)
(1.9927 -0.137562 0)
(1.99335 -0.138896 0)
(1.99359 -0.140142 0)
(1.99363 -0.141255 0)
(1.99374 -0.143109 0)
(1.99389 -0.145034 0)
(1.99425 -0.145625 0)
(1.99523 -0.145363 0)
(1.9968 -0.145252 0)
(1.99853 -0.145079 0)
(2.0006 -0.144232 0)
(2.00302 -0.143327 0)
(2.00541 -0.142687 0)
(2.00782 -0.141898 0)
(2.01016 -0.140642 0)
(2.01205 -0.139814 0)
(2.01405 -0.138898 0)
(2.01597 -0.137782 0)
(2.01766 -0.136248 0)
(2.01903 -0.135945 0)
(2.02054 -0.135706 0)
(2.02222 -0.134956 0)
(2.02377 -0.133892 0)
(2.0251 -0.133854 0)
(2.02641 -0.133527 0)
(2.02749 -0.133139 0)
(2.02948 -0.132633 0)
(1.8015 -0.281604 0)
(1.80362 -0.280961 0)
(1.80585 -0.280384 0)
(1.80819 -0.279659 0)
(1.81044 -0.278887 0)
(1.81246 -0.278251 0)
(1.81429 -0.277731 0)
(1.81601 -0.277334 0)
(1.81774 -0.277096 0)
(1.81975 -0.276896 0)
(1.82183 -0.276734 0)
(1.82346 -0.276476 0)
(1.82529 -0.275761 0)
(1.8274 -0.274773 0)
(1.82945 -0.273173 0)
(1.8309 -0.271012 0)
(1.83218 -0.268762 0)
(1.83393 -0.266709 0)
(1.83592 -0.263919 0)
(1.83714 -0.262656 0)
(1.83924 -0.262661 0)
(1.84198 -0.262302 0)
(1.8445 -0.261835 0)
(1.84673 -0.26203 0)
(1.84869 -0.262449 0)
(1.85062 -0.262014 0)
(1.85262 -0.260654 0)
(1.85462 -0.259174 0)
(1.85656 -0.2579 0)
(1.85771 -0.256506 0)
(1.85872 -0.2539 0)
(1.8605 -0.250587 0)
(1.86158 -0.247907 0)
(1.86268 -0.245163 0)
(1.86385 -0.24055 0)
(1.86495 -0.23455 0)
(1.86608 -0.228195 0)
(1.8671 -0.22317 0)
(1.86865 -0.220984 0)
(1.87084 -0.220748 0)
(1.8733 -0.22099 0)
(1.87597 -0.221329 0)
(1.87865 -0.221908 0)
(1.88099 -0.222292 0)
(1.88399 -0.222535 0)
(1.88713 -0.222672 0)
(1.88996 -0.222559 0)
(1.89283 -0.221973 0)
(1.89575 -0.22127 0)
(1.89834 -0.220348 0)
(1.90101 -0.219387 0)
(1.90333 -0.217564 0)
(1.90526 -0.216062 0)
(1.90733 -0.214942 0)
(1.90916 -0.212906 0)
(1.91038 -0.211148 0)
(1.91179 -0.211093 0)
(1.9134 -0.21135 0)
(1.91532 -0.210938 0)
(1.91728 -0.210553 0)
(1.91927 -0.211194 0)
(1.92105 -0.212039 0)
(1.92303 -0.211591 0)
(1.92515 -0.210325 0)
(1.92727 -0.209821 0)
(1.92932 -0.209689 0)
(1.93092 -0.208843 0)
(1.93226 -0.207585 0)
(1.93397 -0.206791 0)
(1.93564 -0.206544 0)
(1.93653 -0.205604 0)
(1.93838 -0.203917 0)
(1.94012 -0.203115 0)
(1.94197 -0.20168 0)
(1.94457 -0.20002 0)
(1.94701 -0.197876 0)
(1.94868 -0.196431 0)
(1.95177 -0.194517 0)
(1.95492 -0.192699 0)
(1.95717 -0.190686 0)
(1.95924 -0.189201 0)
(1.96251 -0.187003 0)
(1.96512 -0.183981 0)
(1.96686 -0.181881 0)
(1.96933 -0.179184 0)
(1.9715 -0.175768 0)
(1.97295 -0.173124 0)
(1.97428 -0.171318 0)
(1.97586 -0.169023 0)
(1.97731 -0.166372 0)
(1.97842 -0.164689 0)
(1.97962 -0.163499 0)
(1.98137 -0.161326 0)
(1.98319 -0.158496 0)
(1.9846 -0.156383 0)
(1.98589 -0.15445 0)
(1.98733 -0.151537 0)
(1.98846 -0.148277 0)
(1.9891 -0.146095 0)
(1.9897 -0.144629 0)
(1.99047 -0.142933 0)
(1.99116 -0.141574 0)
(1.99177 -0.141172 0)
(1.99249 -0.141011 0)
(1.99316 -0.141292 0)
(1.9932 -0.142183 0)
(1.99294 -0.143509 0)
(1.99254 -0.144795 0)
(1.99251 -0.145554 0)
(1.99311 -0.146151 0)
(1.99413 -0.146139 0)
(1.99544 -0.145289 0)
(1.99698 -0.144612 0)
(1.9988 -0.144239 0)
(2.00094 -0.143402 0)
(2.00331 -0.142117 0)
(2.00547 -0.141227 0)
(2.00761 -0.140593 0)
(2.00974 -0.139568 0)
(2.01172 -0.13815 0)
(2.01337 -0.137428 0)
(2.01514 -0.136611 0)
(2.01694 -0.135505 0)
(2.01882 -0.133823 0)
(2.02046 -0.133211 0)
(2.02225 -0.132704 0)
(2.02402 -0.13184 0)
(2.02544 -0.130859 0)
(2.02648 -0.131044 0)
(2.0274 -0.131079 0)
(2.02821 -0.13112 0)
(2.03025 -0.130746 0)
(1.80483 -0.277653 0)
(1.807 -0.27698 0)
(1.80917 -0.276398 0)
(1.81122 -0.275716 0)
(1.81304 -0.275025 0)
(1.81468 -0.274503 0)
(1.81628 -0.27405 0)
(1.81805 -0.273334 0)
(1.81999 -0.272592 0)
(1.82185 -0.2724 0)
(1.8235 -0.272256 0)
(1.82561 -0.271489 0)
(1.828 -0.270727 0)
(1.82973 -0.269542 0)
(1.83098 -0.267953 0)
(1.83221 -0.265533 0)
(1.8341 -0.263362 0)
(1.83641 -0.260849 0)
(1.83806 -0.257957 0)
(1.83974 -0.257342 0)
(1.84193 -0.257559 0)
(1.84411 -0.257527 0)
(1.84639 -0.257088 0)
(1.8485 -0.257084 0)
(1.85024 -0.257679 0)
(1.85198 -0.257438 0)
(1.85423 -0.255837 0)
(1.85591 -0.25426 0)
(1.85727 -0.253296 0)
(1.85841 -0.251246 0)
(1.86047 -0.24845 0)
(1.86256 -0.244872 0)
(1.86362 -0.242218 0)
(1.86451 -0.239116 0)
(1.8651 -0.234205 0)
(1.86568 -0.228354 0)
(1.86686 -0.222611 0)
(1.86836 -0.21845 0)
(1.87041 -0.217041 0)
(1.87296 -0.217085 0)
(1.87571 -0.217328 0)
(1.87851 -0.217671 0)
(1.88108 -0.218056 0)
(1.88362 -0.218117 0)
(1.88698 -0.218235 0)
(1.89007 -0.218213 0)
(1.89292 -0.217828 0)
(1.89589 -0.217259 0)
(1.89871 -0.216578 0)
(1.90142 -0.215639 0)
(1.90429 -0.214082 0)
(1.90577 -0.212686 0)
(1.90706 -0.211894 0)
(1.9086 -0.210934 0)
(1.91014 -0.209158 0)
(1.91146 -0.208046 0)
(1.91322 -0.208312 0)
(1.915 -0.208815 0)
(1.91707 -0.208421 0)
(1.91919 -0.207868 0)
(1.92127 -0.208305 0)
(1.92307 -0.208881 0)
(1.92487 -0.208429 0)
(1.92679 -0.207477 0)
(1.92891 -0.207158 0)
(1.93083 -0.207285 0)
(1.93241 -0.206609 0)
(1.93416 -0.205488 0)
(1.93628 -0.204834 0)
(1.93833 -0.204273 0)
(1.94025 -0.203264 0)
(1.94255 -0.202137 0)
(1.94443 -0.201077 0)
(1.94675 -0.199226 0)
(1.94962 -0.197923 0)
(1.95229 -0.19584 0)
(1.95381 -0.193911 0)
(1.95716 -0.191934 0)
(1.96064 -0.189909 0)
(1.96335 -0.187375 0)
(1.96567 -0.185351 0)
(1.96889 -0.183061 0)
(1.97112 -0.180859 0)
(1.97299 -0.179781 0)
(1.97511 -0.178318 0)
(1.97703 -0.176165 0)
(1.97829 -0.174748 0)
(1.97931 -0.17418 0)
(1.98059 -0.172916 0)
(1.98193 -0.17093 0)
(1.98301 -0.16981 0)
(1.98414 -0.169453 0)
(1.98575 -0.168246 0)
(1.98746 -0.166282 0)
(1.9887 -0.165118 0)
(1.9897 -0.164314 0)
(1.99099 -0.162273 0)
(1.99224 -0.159308 0)
(1.99303 -0.157173 0)
(1.9936 -0.15565 0)
(1.99432 -0.153341 0)
(1.99492 -0.150702 0)
(1.99508 -0.149094 0)
(1.99487 -0.14885 0)
(1.99431 -0.14894 0)
(1.99332 -0.149104 0)
(1.99215 -0.149088 0)
(1.99181 -0.148763 0)
(1.99244 -0.148284 0)
(1.99373 -0.147576 0)
(1.99543 -0.146141 0)
(1.99718 -0.144413 0)
(1.99899 -0.14363 0)
(2.00108 -0.143125 0)
(2.00352 -0.141905 0)
(2.00577 -0.140496 0)
(2.00776 -0.139653 0)
(2.00972 -0.13897 0)
(2.01191 -0.137618 0)
(2.01399 -0.135855 0)
(2.0156 -0.134846 0)
(2.01725 -0.133911 0)
(2.01913 -0.132635 0)
(2.02102 -0.130855 0)
(2.02255 -0.130116 0)
(2.02384 -0.129971 0)
(2.02505 -0.129449 0)
(2.02617 -0.12852 0)
(2.02708 -0.128621 0)
(2.02795 -0.128869 0)
(2.02914 -0.128239 0)
(2.0317 -0.127386 0)
(1.80815 -0.27338 0)
(1.81003 -0.272829 0)
(1.81181 -0.272489 0)
(1.81369 -0.271887 0)
(1.81578 -0.270941 0)
(1.8178 -0.270028 0)
(1.81956 -0.269274 0)
(1.82115 -0.268473 0)
(1.82265 -0.267634 0)
(1.82396 -0.267208 0)
(1.82522 -0.267181 0)
(1.82669 -0.26672 0)
(1.8288 -0.265789 0)
(1.83133 -0.264116 0)
(1.83311 -0.261968 0)
(1.83463 -0.259606 0)
(1.83647 -0.257427 0)
(1.83828 -0.254408 0)
(1.8394 -0.252527 0)
(1.84127 -0.25227 0)
(1.84343 -0.252497 0)
(1.84561 -0.252593 0)
(1.84805 -0.25216 0)
(1.85036 -0.25167 0)
(1.85242 -0.251881 0)
(1.8543 -0.25168 0)
(1.8563 -0.250111 0)
(1.85779 -0.248246 0)
(1.85887 -0.247067 0)
(1.8598 -0.245116 0)
(1.8617 -0.242621 0)
(1.86317 -0.239489 0)
(1.86399 -0.237135 0)
(1.86509 -0.233132 0)
(1.86671 -0.227403 0)
(1.86798 -0.221498 0)
(1.86917 -0.216603 0)
(1.87079 -0.213642 0)
(1.87298 -0.212978 0)
(1.87552 -0.213474 0)
(1.87828 -0.213905 0)
(1.88126 -0.214133 0)
(1.88423 -0.214404 0)
(1.88724 -0.214406 0)
(1.89016 -0.214282 0)
(1.89271 -0.214305 0)
(1.89511 -0.214012 0)
(1.8979 -0.213485 0)
(1.90051 -0.213093 0)
(1.90306 -0.212387 0)
(1.90589 -0.211058 0)
(1.9073 -0.210112 0)
(1.90911 -0.209069 0)
(1.91092 -0.207548 0)
(1.91218 -0.205892 0)
(1.91353 -0.205316 0)
(1.91512 -0.205877 0)
(1.91673 -0.206413 0)
(1.91858 -0.206132 0)
(1.92066 -0.205544 0)
(1.9229 -0.205505 0)
(1.92484 -0.206 0)
(1.92661 -0.205607 0)
(1.92867 -0.204663 0)
(1.93092 -0.204159 0)
(1.93281 -0.20368 0)
(1.93491 -0.202679 0)
(1.9372 -0.201648 0)
(1.93938 -0.200925 0)
(1.94128 -0.199927 0)
(1.94364 -0.198969 0)
(1.9457 -0.197349 0)
(1.94717 -0.195649 0)
(1.94997 -0.193633 0)
(1.95305 -0.192198 0)
(1.95619 -0.190571 0)
(1.95816 -0.188901 0)
(1.96133 -0.188158 0)
(1.96428 -0.186848 0)
(1.96663 -0.185539 0)
(1.96934 -0.18473 0)
(1.97247 -0.18305 0)
(1.97476 -0.18103 0)
(1.97657 -0.1804 0)
(1.97837 -0.179837 0)
(1.98032 -0.178184 0)
(1.98167 -0.176936 0)
(1.9826 -0.177192 0)
(1.98372 -0.176881 0)
(1.98528 -0.175116 0)
(1.98656 -0.173947 0)
(1.98775 -0.174044 0)
(1.98942 -0.173328 0)
(1.99145 -0.17131 0)
(1.99297 -0.169994 0)
(1.99424 -0.169693 0)
(1.99581 -0.168471 0)
(1.99743 -0.166199 0)
(1.9985 -0.16482 0)
(1.99902 -0.164858 0)
(1.99914 -0.164546 0)
(1.9989 -0.16292 0)
(1.99763 -0.16139 0)
(1.99551 -0.160585 0)
(1.99409 -0.159581 0)
(1.9941 -0.157467 0)
(1.9947 -0.154936 0)
(1.99526 -0.152695 0)
(1.99594 -0.151154 0)
(1.99699 -0.149518 0)
(1.99858 -0.147083 0)
(2.00037 -0.14482 0)
(2.00219 -0.143672 0)
(2.00417 -0.142656 0)
(2.00631 -0.140949 0)
(2.00822 -0.139082 0)
(2.00988 -0.137898 0)
(2.01149 -0.137024 0)
(2.01341 -0.135502 0)
(2.01538 -0.133534 0)
(2.01702 -0.13225 0)
(2.0186 -0.131414 0)
(2.02029 -0.130395 0)
(2.02205 -0.128731 0)
(2.02343 -0.127947 0)
(2.02444 -0.128126 0)
(2.02539 -0.127826 0)
(2.02663 -0.126354 0)
(2.02768 -0.126007 0)
(2.02873 -0.126091 0)
(2.02996 -0.12543 0)
(2.03237 -0.124594 0)
(1.80988 -0.269445 0)
(1.81199 -0.268804 0)
(1.81426 -0.268093 0)
(1.81629 -0.267317 0)
(1.8179 -0.266541 0)
(1.81931 -0.265673 0)
(1.82075 -0.2647 0)
(1.82208 -0.264045 0)
(1.82321 -0.263685 0)
(1.82446 -0.26294 0)
(1.8267 -0.262277 0)
(1.82908 -0.261737 0)
(1.83149 -0.260049 0)
(1.83304 -0.257864 0)
(1.83387 -0.255932 0)
(1.83534 -0.253672 0)
(1.83756 -0.251344 0)
(1.8397 -0.248294 0)
(1.84129 -0.246857 0)
(1.84347 -0.246574 0)
(1.84563 -0.246766 0)
(1.8476 -0.247041 0)
(1.84957 -0.24681 0)
(1.85154 -0.246155 0)
(1.85329 -0.246329 0)
(1.85465 -0.246509 0)
(1.85673 -0.244911 0)
(1.85835 -0.242783 0)
(1.85929 -0.241335 0)
(1.86076 -0.239215 0)
(1.86309 -0.236675 0)
(1.86482 -0.233515 0)
(1.86578 -0.230686 0)
(1.86689 -0.226175 0)
(1.86828 -0.220477 0)
(1.8695 -0.21506 0)
(1.87104 -0.21122 0)
(1.87326 -0.209417 0)
(1.87605 -0.209315 0)
(1.8791 -0.210034 0)
(1.88223 -0.210742 0)
(1.88543 -0.211058 0)
(1.88851 -0.211217 0)
(1.89144 -0.211345 0)
(1.89425 -0.211341 0)
(1.89687 -0.211334 0)
(1.89935 -0.210981 0)
(1.90202 -0.210295 0)
(1.90444 -0.210047 0)
(1.90661 -0.209262 0)
(1.90807 -0.208266 0)
(1.90956 -0.20722 0)
(1.91089 -0.205977 0)
(1.91203 -0.20473 0)
(1.9133 -0.203837 0)
(1.91475 -0.203556 0)
(1.91628 -0.204156 0)
(1.9178 -0.204755 0)
(1.91957 -0.204199 0)
(1.9215 -0.203723 0)
(1.92369 -0.204034 0)
(1.92584 -0.203825 0)
(1.92826 -0.202543 0)
(1.93044 -0.201487 0)
(1.93269 -0.200673 0)
(1.93452 -0.199711 0)
(1.93654 -0.198235 0)
(1.93808 -0.197064 0)
(1.93968 -0.195954 0)
(1.94198 -0.194289 0)
(1.94438 -0.192897 0)
(1.94735 -0.191355 0)
(1.94933 -0.189655 0)
(1.95201 -0.188349 0)
(1.95513 -0.187288 0)
(1.95825 -0.185772 0)
(1.96073 -0.185012 0)
(1.96422 -0.184105 0)
(1.9673 -0.182478 0)
(1.96967 -0.181872 0)
(1.97186 -0.181939 0)
(1.97448 -0.181303 0)
(1.97678 -0.180314 0)
(1.97883 -0.180536 0)
(1.98055 -0.181164 0)
(1.98226 -0.180314 0)
(1.98344 -0.179227 0)
(1.98426 -0.180007 0)
(1.98503 -0.180688 0)
(1.98646 -0.179399 0)
(1.98776 -0.178145 0)
(1.98892 -0.178535 0)
(1.99026 -0.178544 0)
(1.99222 -0.176905 0)
(1.99389 -0.175567 0)
(1.99522 -0.175867 0)
(1.99656 -0.175785 0)
(1.99812 -0.174294 0)
(1.99922 -0.173281 0)
(1.99974 -0.173906 0)
(1.99986 -0.174467 0)
(1.99993 -0.173548 0)
(1.99983 -0.172171 0)
(1.99958 -0.171343 0)
(1.99946 -0.170316 0)
(1.99999 -0.167964 0)
(2.00091 -0.164554 0)
(2.00176 -0.161251 0)
(2.00251 -0.15866 0)
(2.00345 -0.1557 0)
(2.00475 -0.151555 0)
(2.00589 -0.147671 0)
(2.00688 -0.145247 0)
(2.00808 -0.143253 0)
(2.00961 -0.140793 0)
(2.01118 -0.138183 0)
(2.01253 -0.136376 0)
(2.0138 -0.135268 0)
(2.01548 -0.133664 0)
(2.01744 -0.13153 0)
(2.01915 -0.130081 0)
(2.02073 -0.12934 0)
(2.02226 -0.128598 0)
(2.0237 -0.127093 0)
(2.02479 -0.125899 0)
(2.02564 -0.125844 0)
(2.0265 -0.125716 0)
(2.02771 -0.124307 0)
(2.0287 -0.123442 0)
(2.02962 -0.123372 0)
(2.03057 -0.123208 0)
(2.03326 -0.122053 0)
(1.81318 -0.264954 0)
(1.815 -0.264274 0)
(1.81665 -0.263584 0)
(1.8183 -0.26264 0)
(1.81987 -0.261616 0)
(1.82129 -0.260881 0)
(1.82254 -0.260325 0)
(1.8238 -0.259575 0)
(1.82512 -0.258792 0)
(1.82634 -0.25792 0)
(1.82824 -0.257061 0)
(1.83029 -0.256045 0)
(1.83184 -0.254373 0)
(1.83343 -0.252106 0)
(1.8356 -0.249696 0)
(1.83774 -0.247376 0)
(1.83962 -0.244457 0)
(1.84095 -0.242224 0)
(1.84267 -0.24134 0)
(1.84471 -0.241303 0)
(1.84684 -0.241553 0)
(1.84895 -0.241765 0)
(1.85099 -0.241614 0)
(1.85305 -0.241097 0)
(1.85505 -0.240797 0)
(1.8569 -0.240357 0)
(1.85839 -0.239122 0)
(1.8597 -0.237073 0)
(1.86181 -0.235003 0)
(1.86407 -0.232931 0)
(1.86592 -0.229965 0)
(1.86692 -0.227231 0)
(1.86725 -0.224153 0)
(1.86832 -0.219276 0)
(1.87041 -0.213779 0)
(1.87224 -0.20897 0)
(1.8743 -0.206226 0)
(1.87697 -0.205402 0)
(1.87985 -0.205699 0)
(1.88262 -0.206471 0)
(1.88523 -0.2073 0)
(1.88803 -0.207524 0)
(1.89101 -0.207327 0)
(1.89381 -0.207401 0)
(1.89639 -0.207757 0)
(1.89877 -0.207994 0)
(1.9009 -0.207522 0)
(1.90339 -0.207405 0)
(1.90558 -0.207267 0)
(1.90756 -0.206581 0)
(1.90887 -0.205831 0)
(1.91031 -0.204772 0)
(1.91175 -0.203347 0)
(1.91303 -0.202171 0)
(1.91451 -0.201478 0)
(1.91609 -0.201226 0)
(1.91773 -0.201722 0)
(1.91933 -0.2021 0)
(1.92105 -0.201392 0)
(1.92296 -0.200876 0)
(1.92507 -0.201007 0)
(1.92712 -0.200465 0)
(1.92987 -0.199051 0)
(1.93205 -0.197879 0)
(1.93423 -0.197001 0)
(1.93655 -0.195412 0)
(1.9392 -0.193673 0)
(1.9418 -0.191949 0)
(1.94374 -0.190465 0)
(1.94556 -0.188846 0)
(1.94784 -0.186982 0)
(1.94978 -0.185039 0)
(1.9516 -0.184192 0)
(1.9542 -0.183226 0)
(1.95726 -0.182215 0)
(1.96016 -0.181098 0)
(1.9628 -0.180713 0)
(1.96601 -0.18017 0)
(1.96899 -0.179076 0)
(1.97157 -0.178545 0)
(1.97396 -0.178721 0)
(1.97633 -0.178234 0)
(1.97831 -0.177255 0)
(1.97999 -0.177709 0)
(1.98122 -0.179164 0)
(1.98235 -0.179145 0)
(1.98326 -0.178406 0)
(1.98408 -0.179556 0)
(1.98468 -0.181274 0)
(1.98594 -0.180905 0)
(1.98741 -0.179829 0)
(1.98881 -0.180434 0)
(1.99008 -0.181223 0)
(1.99196 -0.180204 0)
(1.99371 -0.178802 0)
(1.99521 -0.179259 0)
(1.99648 -0.180024 0)
(1.99802 -0.179151 0)
(1.99929 -0.178147 0)
(2.00017 -0.178961 0)
(2.00069 -0.180134 0)
(2.00133 -0.179625 0)
(2.00203 -0.178189 0)
(2.00272 -0.177332 0)
(2.00353 -0.176744 0)
(2.00478 -0.174941 0)
(2.00641 -0.171786 0)
(2.00783 -0.168561 0)
(2.00893 -0.166126 0)
(2.01004 -0.163371 0)
(2.01145 -0.159109 0)
(2.01257 -0.154418 0)
(2.01317 -0.150742 0)
(2.01369 -0.147539 0)
(2.01446 -0.143959 0)
(2.01548 -0.139916 0)
(2.01624 -0.13684 0)
(2.01689 -0.135178 0)
(2.01801 -0.133284 0)
(2.01961 -0.130581 0)
(2.02092 -0.128466 0)
(2.02203 -0.127784 0)
(2.02323 -0.127417 0)
(2.02477 -0.12594 0)
(2.02615 -0.124265 0)
(2.02731 -0.123754 0)
(2.02823 -0.123764 0)
(2.02936 -0.122374 0)
(2.0303 -0.121007 0)
(2.0313 -0.120471 0)
(2.03238 -0.120278 0)
(2.03493 -0.119163 0)
(1.81394 -0.260357 0)
(1.8155 -0.25987 0)
(1.81708 -0.259508 0)
(1.81896 -0.258667 0)
(1.821 -0.257469 0)
(1.82285 -0.256425 0)
(1.82459 -0.255466 0)
(1.82618 -0.254383 0)
(1.82726 -0.253451 0)
(1.82823 -0.252523 0)
(1.83005 -0.251583 0)
(1.83211 -0.250158 0)
(1.83374 -0.248166 0)
(1.83474 -0.246024 0)
(1.83617 -0.243579 0)
(1.83829 -0.240917 0)
(1.8401 -0.238237 0)
(1.84197 -0.236681 0)
(1.84426 -0.235996 0)
(1.84671 -0.235971 0)
(1.84912 -0.236237 0)
(1.85152 -0.236329 0)
(1.85381 -0.236061 0)
(1.85589 -0.235597 0)
(1.85784 -0.235028 0)
(1.85947 -0.234177 0)
(1.86028 -0.232912 0)
(1.8614 -0.230968 0)
(1.86366 -0.229208 0)
(1.86601 -0.226685 0)
(1.86771 -0.224024 0)
(1.8692 -0.221204 0)
(1.87069 -0.217091 0)
(1.87251 -0.212021 0)
(1.8741 -0.206745 0)
(1.87546 -0.202911 0)
(1.87755 -0.201228 0)
(1.88034 -0.200977 0)
(1.88349 -0.201442 0)
(1.88669 -0.202179 0)
(1.88965 -0.202966 0)
(1.89228 -0.20329 0)
(1.89453 -0.203274 0)
(1.89649 -0.203729 0)
(1.8985 -0.204356 0)
(1.90043 -0.204619 0)
(1.90229 -0.204707 0)
(1.90452 -0.20491 0)
(1.90644 -0.204835 0)
(1.90819 -0.204244 0)
(1.90954 -0.203124 0)
(1.91103 -0.20194 0)
(1.91267 -0.200433 0)
(1.91405 -0.199387 0)
(1.91579 -0.198856 0)
(1.91772 -0.198673 0)
(1.91987 -0.198949 0)
(1.922 -0.19889 0)
(1.92401 -0.19799 0)
(1.92599 -0.197484 0)
(1.92804 -0.197376 0)
(1.93037 -0.196381 0)
(1.93332 -0.195022 0)
(1.93545 -0.193696 0)
(1.9375 -0.192762 0)
(1.94046 -0.191232 0)
(1.94341 -0.18937 0)
(1.9458 -0.187086 0)
(1.94769 -0.186063 0)
(1.9498 -0.184853 0)
(1.95225 -0.183108 0)
(1.95443 -0.181711 0)
(1.95653 -0.181255 0)
(1.95914 -0.180328 0)
(1.96176 -0.178598 0)
(1.9639 -0.177793 0)
(1.96603 -0.177875 0)
(1.96844 -0.177337 0)
(1.97069 -0.17631 0)
(1.97283 -0.176278 0)
(1.97485 -0.177039 0)
(1.97671 -0.177009 0)
(1.97826 -0.176335 0)
(1.9796 -0.177033 0)
(1.98057 -0.179008 0)
(1.98132 -0.179613 0)
(1.98206 -0.179063 0)
(1.98302 -0.180024 0)
(1.98391 -0.182065 0)
(1.98516 -0.182419 0)
(1.98684 -0.181548 0)
(1.98864 -0.181934 0)
(1.99023 -0.183181 0)
(1.99211 -0.182958 0)
(1.99401 -0.181818 0)
(1.99573 -0.182134 0)
(1.99707 -0.183404 0)
(1.99847 -0.183057 0)
(1.99973 -0.181704 0)
(2.00066 -0.181899 0)
(2.0013 -0.183054 0)
(2.00222 -0.182776 0)
(2.0038 -0.18111 0)
(2.00518 -0.179968 0)
(2.00643 -0.179517 0)
(2.00801 -0.178218 0)
(2.01018 -0.175557 0)
(2.01216 -0.172661 0)
(2.01375 -0.170691 0)
(2.01522 -0.168915 0)
(2.01701 -0.165841 0)
(2.01871 -0.161695 0)
(2.01972 -0.158007 0)
(2.0203 -0.154936 0)
(2.02093 -0.151278 0)
(2.0218 -0.146209 0)
(2.02219 -0.141278 0)
(2.02211 -0.13808 0)
(2.02215 -0.135491 0)
(2.02289 -0.13191 0)
(2.02365 -0.128482 0)
(2.0242 -0.127163 0)
(2.02485 -0.12666 0)
(2.02601 -0.125134 0)
(2.02729 -0.123176 0)
(2.02839 -0.12217 0)
(2.02914 -0.122274 0)
(2.03019 -0.121082 0)
(2.03159 -0.119214 0)
(2.03311 -0.118118 0)
(2.03453 -0.117673 0)
(2.03729 -0.116376 0)
(1.81714 -0.25543 0)
(1.81885 -0.254602 0)
(1.82021 -0.254017 0)
(1.82149 -0.253468 0)
(1.82293 -0.252623 0)
(1.82434 -0.251666 0)
(1.8255 -0.250956 0)
(1.82646 -0.25017 0)
(1.82784 -0.24872 0)
(1.83031 -0.247694 0)
(1.83275 -0.246397 0)
(1.83473 -0.244157 0)
(1.83595 -0.241983 0)
(1.83745 -0.239435 0)
(1.83926 -0.23695 0)
(1.84086 -0.234154 0)
(1.84234 -0.232071 0)
(1.84419 -0.230987 0)
(1.8463 -0.230692 0)
(1.84859 -0.230818 0)
(1.85092 -0.231124 0)
(1.85317 -0.231339 0)
(1.8554 -0.231143 0)
(1.85765 -0.230593 0)
(1.85977 -0.229931 0)
(1.86156 -0.228792 0)
(1.8634 -0.226639 0)
(1.86553 -0.224916 0)
(1.86767 -0.22271 0)
(1.86913 -0.220226 0)
(1.87053 -0.218017 0)
(1.87161 -0.214847 0)
(1.8728 -0.210086 0)
(1.87443 -0.204559 0)
(1.87601 -0.199741 0)
(1.87795 -0.197054 0)
(1.88065 -0.196292 0)
(1.88364 -0.196431 0)
(1.88653 -0.197005 0)
(1.8892 -0.197835 0)
(1.89168 -0.198624 0)
(1.89396 -0.199134 0)
(1.89601 -0.199493 0)
(1.89808 -0.200155 0)
(1.90017 -0.200951 0)
(1.90199 -0.201499 0)
(1.90425 -0.20172 0)
(1.9063 -0.201835 0)
(1.9081 -0.201502 0)
(1.90951 -0.200719 0)
(1.91094 -0.199526 0)
(1.91249 -0.198359 0)
(1.91414 -0.196779 0)
(1.91553 -0.196102 0)
(1.91742 -0.195638 0)
(1.91952 -0.195763 0)
(1.92182 -0.196278 0)
(1.92409 -0.196147 0)
(1.9271 -0.195179 0)
(1.92985 -0.194374 0)
(1.93241 -0.194029 0)
(1.93505 -0.192915 0)
(1.93811 -0.191263 0)
(1.94033 -0.18976 0)
(1.94226 -0.189191 0)
(1.94496 -0.188212 0)
(1.94768 -0.186168 0)
(1.94968 -0.184211 0)
(1.95168 -0.183669 0)
(1.95411 -0.182551 0)
(1.95646 -0.180567 0)
(1.95824 -0.179488 0)
(1.95978 -0.179427 0)
(1.96168 -0.178534 0)
(1.96362 -0.177127 0)
(1.96552 -0.176858 0)
(1.96748 -0.177072 0)
(1.96959 -0.176381 0)
(1.97148 -0.175332 0)
(1.97328 -0.175552 0)
(1.97488 -0.176571 0)
(1.97625 -0.176648 0)
(1.97732 -0.176095 0)
(1.97831 -0.177028 0)
(1.97908 -0.1793 0)
(1.97965 -0.180303 0)
(1.98045 -0.179916 0)
(1.98169 -0.180509 0)
(1.98302 -0.182212 0)
(1.98437 -0.182845 0)
(1.98625 -0.182185 0)
(1.98826 -0.182016 0)
(1.99027 -0.183107 0)
(1.992 -0.183565 0)
(1.99383 -0.182869 0)
(1.99557 -0.182791 0)
(1.99715 -0.184193 0)
(1.99836 -0.184664 0)
(1.9997 -0.183381 0)
(2.00085 -0.182827 0)
(2.00201 -0.183663 0)
(2.00303 -0.183778 0)
(2.00523 -0.182133 0)
(2.00746 -0.180324 0)
(2.00918 -0.179678 0)
(2.01069 -0.179189 0)
(2.01293 -0.177383 0)
(2.0154 -0.174701 0)
(2.01725 -0.172778 0)
(2.01898 -0.171674 0)
(2.02105 -0.169681 0)
(2.02334 -0.166334 0)
(2.02499 -0.163081 0)
(2.02613 -0.16075 0)
(2.02714 -0.158235 0)
(2.02837 -0.154011 0)
(2.02915 -0.149166 0)
(2.0292 -0.145457 0)
(2.02871 -0.142628 0)
(2.02861 -0.138357 0)
(2.02872 -0.133226 0)
(2.02854 -0.129951 0)
(2.0284 -0.128113 0)
(2.02863 -0.126153 0)
(2.02945 -0.123381 0)
(2.03024 -0.121245 0)
(2.03076 -0.120783 0)
(2.03164 -0.119605 0)
(2.03317 -0.117653 0)
(2.03486 -0.115982 0)
(2.03626 -0.115308 0)
(2.03902 -0.113889 0)
(1.818 -0.250417 0)
(1.81971 -0.249467 0)
(1.82117 -0.248716 0)
(1.82234 -0.248451 0)
(1.82357 -0.248081 0)
(1.825 -0.247195 0)
(1.82657 -0.24611 0)
(1.82809 -0.245022 0)
(1.8297 -0.243627 0)
(1.83186 -0.242432 0)
(1.83421 -0.240539 0)
(1.83578 -0.23839 0)
(1.83715 -0.236069 0)
(1.83906 -0.233277 0)
(1.84114 -0.23021 0)
(1.84262 -0.227742 0)
(1.84458 -0.226266 0)
(1.84686 -0.225495 0)
(1.84925 -0.225424 0)
(1.85171 -0.225732 0)
(1.85424 -0.226052 0)
(1.85677 -0.226094 0)
(1.8592 -0.225733 0)
(1.86151 -0.225164 0)
(1.86367 -0.224424 0)
(1.86529 -0.223081 0)
(1.86692 -0.22076 0)
(1.86905 -0.218496 0)
(1.87114 -0.215621 0)
(1.87224 -0.213878 0)
(1.87387 -0.211404 0)
(1.87579 -0.207303 0)
(1.87738 -0.202319 0)
(1.87889 -0.197012 0)
(1.88041 -0.192878 0)
(1.88218 -0.191073 0)
(1.88419 -0.191078 0)
(1.88634 -0.191897 0)
(1.88864 -0.192983 0)
(1.89102 -0.194094 0)
(1.89332 -0.194944 0)
(1.89544 -0.195432 0)
(1.89748 -0.195874 0)
(1.89963 -0.196627 0)
(1.90163 -0.197694 0)
(1.90366 -0.198468 0)
(1.90611 -0.198686 0)
(1.908 -0.198517 0)
(1.90968 -0.198001 0)
(1.91099 -0.196847 0)
(1.91268 -0.195515 0)
(1.91451 -0.194093 0)
(1.91581 -0.192685 0)
(1.91737 -0.192401 0)
(1.91944 -0.191753 0)
(1.92178 -0.191824 0)
(1.92422 -0.192314 0)
(1.92684 -0.192162 0)
(1.9298 -0.191799 0)
(1.93267 -0.191016 0)
(1.93537 -0.190771 0)
(1.93834 -0.189938 0)
(1.94156 -0.188474 0)
(1.94414 -0.186582 0)
(1.94645 -0.185833 0)
(1.94881 -0.184545 0)
(1.95107 -0.182323 0)
(1.95287 -0.181079 0)
(1.95473 -0.180643 0)
(1.95692 -0.179457 0)
(1.95889 -0.177927 0)
(1.96052 -0.177562 0)
(1.96198 -0.177667 0)
(1.96358 -0.176723 0)
(1.96509 -0.175452 0)
(1.96664 -0.175566 0)
(1.96822 -0.176204 0)
(1.96987 -0.175821 0)
(1.97133 -0.17528 0)
(1.97274 -0.176224 0)
(1.97392 -0.177939 0)
(1.97486 -0.178548 0)
(1.97562 -0.178484 0)
(1.97649 -0.179583 0)
(1.97732 -0.181625 0)
(1.97818 -0.182422 0)
(1.97952 -0.181773 0)
(1.98118 -0.181681 0)
(1.98289 -0.182503 0)
(1.98444 -0.182768 0)
(1.98646 -0.181918 0)
(1.98854 -0.181105 0)
(1.99072 -0.181525 0)
(1.99242 -0.181873 0)
(1.99395 -0.181386 0)
(1.99548 -0.181073 0)
(1.99722 -0.18166 0)
(1.99836 -0.182787 0)
(1.99957 -0.182714 0)
(2.00125 -0.181878 0)
(2.00301 -0.182023 0)
(2.00474 -0.182193 0)
(2.00675 -0.181318 0)
(2.00937 -0.180053 0)
(2.01157 -0.178496 0)
(2.01351 -0.177821 0)
(2.01599 -0.176451 0)
(2.01889 -0.174349 0)
(2.02085 -0.172395 0)
(2.02257 -0.171677 0)
(2.0245 -0.170565 0)
(2.02694 -0.168067 0)
(2.02893 -0.165285 0)
(2.03051 -0.163555 0)
(2.03192 -0.162161 0)
(2.03349 -0.159418 0)
(2.03485 -0.15569 0)
(2.03561 -0.152432 0)
(2.03559 -0.150375 0)
(2.03558 -0.147 0)
(2.03573 -0.141994 0)
(2.03552 -0.137504 0)
(2.03491 -0.134171 0)
(2.03412 -0.131386 0)
(2.03395 -0.127404 0)
(2.034 -0.123614 0)
(2.03411 -0.121547 0)
(2.03459 -0.11987 0)
(2.03593 -0.117427 0)
(2.03752 -0.114924 0)
(2.03874 -0.113716 0)
(2.04132 -0.111783 0)
(1.82082 -0.244932 0)
(1.82287 -0.244462 0)
(1.82504 -0.243621 0)
(1.82684 -0.242717 0)
(1.82771 -0.242208 0)
(1.82849 -0.241517 0)
(1.82955 -0.240664 0)
(1.83079 -0.239558 0)
(1.83296 -0.238335 0)
(1.83537 -0.237078 0)
(1.83774 -0.234708 0)
(1.83904 -0.232565 0)
(1.84026 -0.22991 0)
(1.84241 -0.226934 0)
(1.8444 -0.223771 0)
(1.84604 -0.221943 0)
(1.84825 -0.220919 0)
(1.85065 -0.22034 0)
(1.85306 -0.220284 0)
(1.85545 -0.22061 0)
(1.85773 -0.220991 0)
(1.85983 -0.221071 0)
(1.86212 -0.220634 0)
(1.86482 -0.220004 0)
(1.86749 -0.21903 0)
(1.8698 -0.217051 0)
(1.87189 -0.21503 0)
(1.87401 -0.212336 0)
(1.87538 -0.209345 0)
(1.87636 -0.20728 0)
(1.87669 -0.204164 0)
(1.87686 -0.199297 0)
(1.87755 -0.193913 0)
(1.87887 -0.189434 0)
(1.88068 -0.186818 0)
(1.88289 -0.186167 0)
(1.8853 -0.186858 0)
(1.8877 -0.188088 0)
(1.89004 -0.189375 0)
(1.89225 -0.190518 0)
(1.89431 -0.191374 0)
(1.89636 -0.191954 0)
(1.89853 -0.192636 0)
(1.90063 -0.193753 0)
(1.90283 -0.194792 0)
(1.90547 -0.195136 0)
(1.90763 -0.195096 0)
(1.9095 -0.19444 0)
(1.91113 -0.193542 0)
(1.91259 -0.192376 0)
(1.91402 -0.191161 0)
(1.91601 -0.189587 0)
(1.91735 -0.188518 0)
(1.9194 -0.188229 0)
(1.92218 -0.187339 0)
(1.9247 -0.187185 0)
(1.92701 -0.187684 0)
(1.92913 -0.187733 0)
(1.93214 -0.186993 0)
(1.93514 -0.186203 0)
(1.93778 -0.186111 0)
(1.9407 -0.185533 0)
(1.94383 -0.184481 0)
(1.94662 -0.182932 0)
(1.94889 -0.182377 0)
(1.95155 -0.181548 0)
(1.95397 -0.180039 0)
(1.95577 -0.179172 0)
(1.95728 -0.179159 0)
(1.95886 -0.178435 0)
(1.96035 -0.177294 0)
(1.9617 -0.17749 0)
(1.96291 -0.178159 0)
(1.96422 -0.177632 0)
(1.96547 -0.176789 0)
(1.96676 -0.177301 0)
(1.96801 -0.178267 0)
(1.9693 -0.178083 0)
(1.97046 -0.177708 0)
(1.97159 -0.178871 0)
(1.97252 -0.180723 0)
(1.97332 -0.181387 0)
(1.97415 -0.181147 0)
(1.97528 -0.181754 0)
(1.97653 -0.183103 0)
(1.9779 -0.183433 0)
(1.97988 -0.182369 0)
(1.98187 -0.181692 0)
(1.9838 -0.181971 0)
(1.98562 -0.181811 0)
(1.98751 -0.181074 0)
(1.98955 -0.180153 0)
(1.99168 -0.179945 0)
(1.9934 -0.18009 0)
(1.99477 -0.17955 0)
(1.99605 -0.179388 0)
(1.99767 -0.179608 0)
(1.99923 -0.179549 0)
(2.00076 -0.179373 0)
(2.00246 -0.179146 0)
(2.00447 -0.178698 0)
(2.00636 -0.178207 0)
(2.00872 -0.177883 0)
(2.01092 -0.177358 0)
(2.01352 -0.176171 0)
(2.01562 -0.175622 0)
(2.01814 -0.175058 0)
(2.02122 -0.173697 0)
(2.02393 -0.171415 0)
(2.02603 -0.170283 0)
(2.02813 -0.169526 0)
(2.03055 -0.167794 0)
(2.0326 -0.165544 0)
(2.03425 -0.164189 0)
(2.03572 -0.163501 0)
(2.03729 -0.161872 0)
(2.03889 -0.159215 0)
(2.04025 -0.156426 0)
(2.04097 -0.155171 0)
(2.04157 -0.153129 0)
(2.04219 -0.149662 0)
(2.04267 -0.145592 0)
(2.04256 -0.142218 0)
(2.04185 -0.139477 0)
(2.04126 -0.135251 0)
(2.04076 -0.130281 0)
(2.04032 -0.125996 0)
(2.03986 -0.123304 0)
(2.04043 -0.119828 0)
(2.04149 -0.116229 0)
(2.04239 -0.114141 0)
(2.04474 -0.111129 0)
(1.82058 -0.239819 0)
(1.82221 -0.239617 0)
(1.82378 -0.239422 0)
(1.82548 -0.238311 0)
(1.82728 -0.236847 0)
(1.82922 -0.235928 0)
(1.83154 -0.235208 0)
(1.83416 -0.234465 0)
(1.8368 -0.233504 0)
(1.83946 -0.231565 0)
(1.84119 -0.228779 0)
(1.8422 -0.226352 0)
(1.84426 -0.223539 0)
(1.84654 -0.220557 0)
(1.84822 -0.218022 0)
(1.85023 -0.21681 0)
(1.85258 -0.216156 0)
(1.85506 -0.215718 0)
(1.85759 -0.215616 0)
(1.86013 -0.215776 0)
(1.86253 -0.215865 0)
(1.86467 -0.215576 0)
(1.86659 -0.215049 0)
(1.86844 -0.214425 0)
(1.87015 -0.213251 0)
(1.87149 -0.210892 0)
(1.87337 -0.208136 0)
(1.87508 -0.20545 0)
(1.87632 -0.203461 0)
(1.87766 -0.200682 0)
(1.87939 -0.1962 0)
(1.88066 -0.190856 0)
(1.88133 -0.185982 0)
(1.88198 -0.182707 0)
(1.88304 -0.181384 0)
(1.88462 -0.181765 0)
(1.88656 -0.183238 0)
(1.88862 -0.184955 0)
(1.89068 -0.186346 0)
(1.8927 -0.187359 0)
(1.89471 -0.188193 0)
(1.89692 -0.189028 0)
(1.89913 -0.19011 0)
(1.90143 -0.191187 0)
(1.90408 -0.191593 0)
(1.90627 -0.19168 0)
(1.90828 -0.191236 0)
(1.91011 -0.190149 0)
(1.91185 -0.188939 0)
(1.91355 -0.18794 0)
(1.91569 -0.186459 0)
(1.91765 -0.184255 0)
(1.91911 -0.184026 0)
(1.9216 -0.184086 0)
(1.92456 -0.183481 0)
(1.92729 -0.183154 0)
(1.92995 -0.183628 0)
(1.93266 -0.183808 0)
(1.93585 -0.183209 0)
(1.93855 -0.182534 0)
(1.94094 -0.182645 0)
(1.94337 -0.182484 0)
(1.94624 -0.181682 0)
(1.94862 -0.180667 0)
(1.95071 -0.180446 0)
(1.95297 -0.17986 0)
(1.95514 -0.178557 0)
(1.95686 -0.177961 0)
(1.95824 -0.178233 0)
(1.95956 -0.177706 0)
(1.96081 -0.176759 0)
(1.96196 -0.177193 0)
(1.96295 -0.178255 0)
(1.96394 -0.17817 0)
(1.96491 -0.177698 0)
(1.96599 -0.178668 0)
(1.96703 -0.180245 0)
(1.96807 -0.180602 0)
(1.96912 -0.180423 0)
(1.97027 -0.181435 0)
(1.97135 -0.183119 0)
(1.97251 -0.183456 0)
(1.97387 -0.182928 0)
(1.9755 -0.182678 0)
(1.9772 -0.183089 0)
(1.979 -0.182895 0)
(1.9812 -0.181823 0)
(1.98334 -0.181177 0)
(1.98534 -0.18117 0)
(1.98724 -0.180731 0)
(1.98918 -0.179745 0)
(1.99108 -0.178947 0)
(1.99301 -0.178606 0)
(1.9946 -0.178572 0)
(1.99596 -0.17788 0)
(1.99725 -0.177274 0)
(1.99888 -0.176982 0)
(2.00071 -0.176562 0)
(2.0026 -0.17573 0)
(2.00451 -0.175165 0)
(2.0062 -0.174472 0)
(2.00817 -0.173474 0)
(2.01067 -0.172996 0)
(2.01275 -0.172451 0)
(2.01482 -0.171712 0)
(2.01768 -0.171363 0)
(2.02001 -0.170724 0)
(2.02269 -0.170218 0)
(2.02569 -0.16906 0)
(2.02793 -0.168107 0)
(2.03033 -0.167776 0)
(2.03307 -0.166541 0)
(2.03551 -0.164603 0)
(2.03762 -0.16326 0)
(2.03941 -0.162921 0)
(2.04082 -0.162257 0)
(2.0422 -0.160567 0)
(2.04377 -0.158142 0)
(2.04501 -0.157092 0)
(2.04609 -0.155879 0)
(2.04709 -0.153797 0)
(2.04829 -0.150516 0)
(2.04902 -0.147707 0)
(2.04924 -0.145518 0)
(2.04909 -0.142551 0)
(2.04889 -0.138314 0)
(2.04857 -0.133469 0)
(2.04762 -0.130501 0)
(2.04759 -0.12598 0)
(2.04779 -0.120975 0)
(2.04796 -0.117391 0)
(2.04944 -0.112285 0)
(1.82275 -0.233961 0)
(1.82399 -0.233716 0)
(1.8252 -0.233256 0)
(1.82671 -0.232241 0)
(1.82856 -0.230929 0)
(1.83137 -0.230229 0)
(1.83414 -0.229698 0)
(1.83678 -0.228802 0)
(1.83939 -0.22741 0)
(1.84175 -0.224865 0)
(1.84335 -0.222157 0)
(1.84543 -0.219424 0)
(1.84755 -0.216587 0)
(1.84938 -0.213725 0)
(1.85126 -0.211896 0)
(1.85344 -0.211137 0)
(1.85569 -0.210779 0)
(1.85802 -0.210514 0)
(1.86039 -0.210519 0)
(1.86274 -0.210703 0)
(1.86495 -0.210576 0)
(1.86704 -0.209788 0)
(1.86929 -0.208813 0)
(1.8716 -0.208178 0)
(1.87363 -0.20733 0)
(1.87538 -0.205684 0)
(1.87737 -0.203123 0)
(1.87912 -0.20031 0)
(1.87994 -0.19767 0)
(1.88003 -0.194139 0)
(1.88023 -0.189152 0)
(1.88057 -0.183823 0)
(1.88103 -0.179772 0)
(1.88196 -0.177757 0)
(1.88342 -0.17753 0)
(1.88528 -0.178584 0)
(1.88725 -0.180366 0)
(1.88916 -0.182134 0)
(1.89104 -0.183418 0)
(1.89298 -0.184378 0)
(1.89514 -0.185388 0)
(1.8974 -0.186646 0)
(1.89973 -0.187814 0)
(1.90257 -0.188242 0)
(1.90486 -0.188306 0)
(1.90693 -0.187997 0)
(1.90885 -0.187069 0)
(1.91072 -0.185636 0)
(1.91255 -0.1845 0)
(1.91449 -0.183481 0)
(1.9168 -0.181267 0)
(1.91805 -0.180081 0)
(1.92051 -0.180362 0)
(1.92328 -0.181007 0)
(1.92625 -0.180833 0)
(1.92908 -0.180419 0)
(1.93179 -0.180742 0)
(1.93437 -0.181094 0)
(1.93733 -0.180594 0)
(1.94003 -0.179855 0)
(1.94238 -0.179865 0)
(1.9448 -0.179679 0)
(1.94752 -0.178865 0)
(1.94982 -0.177984 0)
(1.95181 -0.177973 0)
(1.9537 -0.177773 0)
(1.95552 -0.176838 0)
(1.95703 -0.176623 0)
(1.95818 -0.177773 0)
(1.95912 -0.178282 0)
(1.96011 -0.177944 0)
(1.96119 -0.178998 0)
(1.96217 -0.18071 0)
(1.96315 -0.181205 0)
(1.96414 -0.181135 0)
(1.96517 -0.181995 0)
(1.96618 -0.183396 0)
(1.96724 -0.183669 0)
(1.96847 -0.183195 0)
(1.96991 -0.183521 0)
(1.97134 -0.184286 0)
(1.97308 -0.183822 0)
(1.97506 -0.182756 0)
(1.97702 -0.182253 0)
(1.97897 -0.182205 0)
(1.9808 -0.182034 0)
(1.98301 -0.181162 0)
(1.98532 -0.180139 0)
(1.98742 -0.179784 0)
(1.98927 -0.179423 0)
(1.99117 -0.178447 0)
(1.99297 -0.177404 0)
(1.99466 -0.176599 0)
(1.99595 -0.176717 0)
(1.99701 -0.176539 0)
(1.99864 -0.175258 0)
(2.00044 -0.174565 0)
(2.00227 -0.174146 0)
(2.00413 -0.173185 0)
(2.00628 -0.172222 0)
(2.00812 -0.171194 0)
(2.01002 -0.169922 0)
(2.01251 -0.16884 0)
(2.01474 -0.167833 0)
(2.01688 -0.166971 0)
(2.01921 -0.166172 0)
(2.02169 -0.16547 0)
(2.02423 -0.164822 0)
(2.02678 -0.164152 0)
(2.02957 -0.16366 0)
(2.03167 -0.163354 0)
(2.03436 -0.163151 0)
(2.03703 -0.162365 0)
(2.03951 -0.16173 0)
(2.04194 -0.161485 0)
(2.04383 -0.161146 0)
(2.0455 -0.160055 0)
(2.04712 -0.158325 0)
(2.0485 -0.157416 0)
(2.0498 -0.156643 0)
(2.05091 -0.155498 0)
(2.05245 -0.152886 0)
(2.05371 -0.150462 0)
(2.05473 -0.148376 0)
(2.05515 -0.146719 0)
(2.05562 -0.143707 0)
(2.05589 -0.139699 0)
(2.05539 -0.137466 0)
(2.05559 -0.133364 0)
(2.05566 -0.128686 0)
(2.05567 -0.124463 0)
(2.05647 -0.117312 0)
(1.82283 -0.229303 0)
(1.82425 -0.228677 0)
(1.82649 -0.2277 0)
(1.82908 -0.226541 0)
(1.832 -0.225408 0)
(1.83488 -0.224426 0)
(1.83747 -0.223208 0)
(1.84015 -0.221867 0)
(1.84277 -0.220249 0)
(1.84518 -0.217961 0)
(1.8474 -0.21549 0)
(1.84934 -0.212538 0)
(1.85065 -0.209679 0)
(1.85214 -0.207958 0)
(1.85415 -0.207049 0)
(1.85647 -0.206446 0)
(1.85879 -0.206071 0)
(1.8611 -0.205939 0)
(1.86348 -0.206109 0)
(1.86584 -0.206471 0)
(1.86814 -0.206488 0)
(1.87067 -0.205762 0)
(1.8731 -0.204473 0)
(1.87462 -0.202947 0)
(1.8752 -0.201295 0)
(1.87624 -0.199424 0)
(1.87772 -0.197375 0)
(1.87896 -0.195036 0)
(1.87958 -0.191916 0)
(1.87977 -0.187643 0)
(1.87999 -0.182519 0)
(1.88026 -0.177866 0)
(1.88084 -0.174986 0)
(1.88204 -0.174217 0)
(1.88376 -0.174946 0)
(1.8857 -0.176426 0)
(1.88763 -0.178163 0)
(1.88945 -0.179792 0)
(1.89131 -0.181095 0)
(1.89341 -0.182207 0)
(1.89566 -0.183491 0)
(1.89795 -0.184853 0)
(1.90079 -0.185435 0)
(1.90329 -0.185545 0)
(1.90554 -0.185245 0)
(1.90756 -0.184505 0)
(1.90949 -0.183255 0)
(1.91125 -0.18177 0)
(1.91314 -0.18055 0)
(1.91556 -0.17887 0)
(1.91705 -0.177601 0)
(1.91936 -0.177267 0)
(1.92225 -0.177729 0)
(1.92492 -0.178567 0)
(1.92785 -0.178452 0)
(1.93078 -0.177772 0)
(1.93347 -0.177873 0)
(1.93594 -0.178299 0)
(1.9386 -0.177978 0)
(1.9411 -0.177346 0)
(1.94339 -0.177581 0)
(1.94551 -0.17792 0)
(1.94785 -0.177487 0)
(1.95001 -0.17696 0)
(1.95193 -0.177386 0)
(1.95362 -0.177736 0)
(1.95523 -0.17736 0)
(1.95658 -0.177501 0)
(1.95758 -0.178929 0)
(1.95829 -0.179877 0)
(1.95907 -0.179878 0)
(1.96008 -0.180901 0)
(1.96115 -0.182854 0)
(1.96227 -0.183771 0)
(1.96352 -0.1837 0)
(1.96479 -0.184354 0)
(1.96597 -0.185422 0)
(1.96723 -0.185403 0)
(1.96893 -0.184361 0)
(1.97084 -0.183682 0)
(1.97276 -0.183696 0)
(1.97467 -0.183326 0)
(1.97694 -0.182237 0)
(1.97916 -0.181366 0)
(1.98125 -0.180887 0)
(1.98332 -0.18025 0)
(1.98544 -0.179466 0)
(1.98779 -0.178465 0)
(1.99014 -0.177549 0)
(1.99201 -0.177177 0)
(1.99346 -0.176858 0)
(1.99481 -0.176267 0)
(1.99612 -0.175391 0)
(1.99737 -0.174736 0)
(1.99849 -0.17465 0)
(1.99996 -0.173986 0)
(2.00241 -0.172539 0)
(2.0045 -0.171414 0)
(2.00631 -0.170419 0)
(2.00864 -0.169166 0)
(2.01099 -0.167722 0)
(2.01294 -0.166132 0)
(2.01529 -0.164818 0)
(2.01758 -0.163773 0)
(2.01966 -0.162659 0)
(2.02176 -0.161618 0)
(2.02399 -0.160684 0)
(2.02628 -0.159743 0)
(2.0286 -0.158952 0)
(2.03105 -0.158286 0)
(2.03332 -0.15804 0)
(2.03561 -0.15814 0)
(2.03805 -0.158091 0)
(2.0406 -0.157859 0)
(2.04297 -0.158048 0)
(2.0455 -0.158241 0)
(2.04788 -0.158106 0)
(2.05006 -0.156922 0)
(2.05194 -0.155531 0)
(2.05358 -0.154644 0)
(2.05481 -0.154172 0)
(2.05618 -0.152583 0)
(2.05746 -0.150803 0)
(2.05874 -0.148771 0)
(2.05938 -0.147896 0)
(2.06015 -0.145795 0)
(2.06084 -0.142815 0)
(2.06095 -0.141421 0)
(2.06169 -0.138411 0)
(2.06224 -0.135112 0)
(2.06279 -0.131628 0)
(2.06408 -0.125223 0)
(1.82443 -0.222992 0)
(1.82632 -0.222251 0)
(1.82874 -0.221366 0)
(1.83133 -0.220266 0)
(1.83414 -0.218933 0)
(1.83716 -0.217484 0)
(1.84013 -0.215736 0)
(1.84294 -0.213708 0)
(1.84525 -0.211441 0)
(1.84683 -0.209425 0)
(1.84835 -0.207306 0)
(1.84993 -0.204824 0)
(1.8514 -0.202891 0)
(1.85314 -0.202149 0)
(1.85517 -0.201883 0)
(1.85737 -0.201504 0)
(1.85967 -0.201172 0)
(1.86208 -0.201082 0)
(1.86457 -0.201185 0)
(1.86707 -0.201366 0)
(1.86946 -0.201371 0)
(1.87162 -0.200855 0)
(1.87346 -0.199603 0)
(1.87505 -0.197744 0)
(1.87651 -0.195974 0)
(1.87782 -0.194502 0)
(1.87881 -0.192776 0)
(1.87927 -0.190154 0)
(1.87923 -0.186411 0)
(1.87908 -0.181788 0)
(1.87917 -0.177065 0)
(1.87961 -0.173461 0)
(1.88061 -0.17185 0)
(1.88224 -0.172155 0)
(1.88419 -0.17348 0)
(1.88616 -0.174971 0)
(1.88805 -0.176414 0)
(1.88992 -0.177856 0)
(1.89202 -0.179217 0)
(1.89427 -0.180604 0)
(1.8965 -0.182123 0)
(1.89926 -0.182918 0)
(1.90174 -0.18313 0)
(1.90407 -0.183016 0)
(1.90628 -0.182402 0)
(1.90829 -0.181381 0)
(1.91016 -0.180157 0)
(1.91204 -0.178724 0)
(1.91445 -0.176678 0)
(1.91584 -0.175579 0)
(1.91815 -0.175655 0)
(1.92113 -0.175479 0)
(1.92398 -0.175754 0)
(1.92657 -0.176631 0)
(1.92928 -0.176819 0)
(1.93213 -0.176197 0)
(1.93471 -0.176216 0)
(1.93703 -0.176718 0)
(1.93947 -0.176539 0)
(1.94184 -0.175965 0)
(1.94403 -0.176168 0)
(1.94597 -0.176716 0)
(1.94797 -0.176472 0)
(1.94985 -0.176029 0)
(1.95159 -0.176854 0)
(1.95303 -0.177922 0)
(1.9544 -0.177945 0)
(1.95563 -0.178359 0)
(1.95672 -0.180346 0)
(1.95746 -0.181964 0)
(1.95825 -0.182182 0)
(1.95936 -0.182771 0)
(1.96064 -0.184453 0)
(1.9618 -0.185375 0)
(1.96337 -0.18472 0)
(1.9651 -0.184382 0)
(1.96676 -0.18499 0)
(1.96834 -0.184944 0)
(1.97036 -0.184022 0)
(1.97252 -0.18339 0)
(1.9747 -0.182885 0)
(1.97682 -0.182092 0)
(1.97913 -0.181043 0)
(1.98156 -0.180013 0)
(1.98391 -0.179133 0)
(1.98602 -0.178415 0)
(1.98789 -0.178135 0)
(1.98987 -0.177771 0)
(1.99206 -0.176836 0)
(1.99388 -0.175916 0)
(1.99519 -0.175518 0)
(1.99632 -0.175044 0)
(1.99753 -0.173985 0)
(1.99913 -0.17266 0)
(2.00091 -0.171835 0)
(2.00265 -0.171318 0)
(2.00455 -0.170177 0)
(2.00706 -0.168761 0)
(2.00901 -0.167665 0)
(2.01107 -0.166585 0)
(2.01333 -0.165259 0)
(2.01546 -0.163611 0)
(2.01807 -0.162047 0)
(2.02055 -0.160807 0)
(2.02238 -0.15953 0)
(2.02449 -0.158175 0)
(2.0267 -0.157253 0)
(2.02873 -0.15625 0)
(2.03074 -0.155034 0)
(2.03294 -0.154012 0)
(2.03516 -0.153521 0)
(2.03725 -0.1534 0)
(2.03928 -0.153296 0)
(2.04149 -0.153143 0)
(2.04394 -0.153103 0)
(2.04648 -0.153236 0)
(2.04892 -0.153333 0)
(2.05137 -0.153093 0)
(2.05352 -0.152791 0)
(2.05594 -0.152303 0)
(2.05787 -0.151773 0)
(2.05945 -0.150484 0)
(2.06068 -0.149159 0)
(2.06201 -0.147166 0)
(2.06271 -0.14642 0)
(2.06353 -0.144792 0)
(2.06436 -0.142484 0)
(2.0648 -0.141581 0)
(2.06581 -0.139483 0)
(2.06691 -0.137066 0)
(2.06791 -0.134459 0)
(2.06988 -0.130238 0)
(1.82742 -0.216602 0)
(1.83016 -0.215964 0)
(1.83282 -0.215221 0)
(1.83555 -0.21423 0)
(1.83835 -0.213096 0)
(1.84113 -0.211676 0)
(1.84378 -0.209651 0)
(1.84616 -0.207658 0)
(1.84864 -0.205824 0)
(1.85068 -0.203875 0)
(1.85241 -0.201493 0)
(1.85404 -0.19908 0)
(1.85578 -0.197537 0)
(1.85768 -0.197077 0)
(1.85961 -0.197045 0)
(1.86158 -0.196936 0)
(1.86365 -0.196855 0)
(1.8658 -0.196976 0)
(1.86797 -0.197243 0)
(1.87003 -0.197507 0)
(1.87185 -0.197461 0)
(1.87344 -0.196687 0)
(1.87479 -0.195156 0)
(1.87587 -0.19348 0)
(1.87689 -0.19217 0)
(1.87791 -0.190856 0)
(1.87861 -0.188688 0)
(1.87877 -0.185116 0)
(1.8785 -0.180677 0)
(1.87823 -0.17632 0)
(1.87842 -0.172771 0)
(1.87922 -0.170709 0)
(1.88071 -0.170378 0)
(1.88269 -0.171378 0)
(1.88479 -0.172853 0)
(1.8868 -0.174194 0)
(1.88874 -0.175509 0)
(1.89088 -0.176959 0)
(1.8932 -0.178445 0)
(1.89539 -0.179962 0)
(1.89797 -0.180957 0)
(1.90056 -0.181209 0)
(1.90286 -0.181225 0)
(1.90509 -0.180831 0)
(1.90721 -0.179918 0)
(1.90917 -0.178877 0)
(1.91103 -0.177746 0)
(1.91344 -0.175693 0)
(1.91488 -0.174092 0)
(1.91701 -0.174286 0)
(1.91982 -0.174844 0)
(1.92286 -0.17463 0)
(1.92563 -0.174577 0)
(1.92817 -0.175303 0)
(1.93076 -0.175428 0)
(1.93341 -0.174732 0)
(1.93582 -0.174803 0)
(1.93798 -0.175435 0)
(1.94015 -0.175402 0)
(1.94228 -0.175105 0)
(1.9443 -0.175718 0)
(1.94603 -0.176904 0)
(1.94765 -0.177223 0)
(1.94921 -0.177212 0)
(1.95072 -0.178435 0)
(1.95193 -0.179946 0)
(1.95311 -0.180286 0)
(1.95439 -0.180606 0)
(1.95576 -0.181928 0)
(1.95694 -0.182987 0)
(1.95809 -0.183249 0)
(1.95947 -0.183378 0)
(1.96102 -0.183749 0)
(1.96247 -0.184509 0)
(1.96405 -0.184816 0)
(1.96602 -0.184552 0)
(1.96798 -0.184324 0)
(1.96977 -0.183968 0)
(1.97181 -0.183198 0)
(1.97433 -0.182127 0)
(1.97711 -0.180861 0)
(1.97943 -0.179794 0)
(1.98152 -0.179161 0)
(1.98388 -0.178389 0)
(1.98644 -0.177413 0)
(1.98879 -0.176552 0)
(1.99074 -0.176137 0)
(1.99253 -0.175868 0)
(1.99436 -0.175066 0)
(1.99587 -0.173851 0)
(1.99685 -0.173326 0)
(1.99767 -0.173378 0)
(1.99885 -0.172409 0)
(2.00126 -0.170646 0)
(2.00329 -0.16939 0)
(2.00513 -0.168882 0)
(2.00731 -0.167659 0)
(2.01008 -0.166118 0)
(2.0119 -0.164935 0)
(2.01378 -0.164003 0)
(2.01616 -0.162813 0)
(2.01829 -0.161523 0)
(2.02057 -0.159984 0)
(2.02314 -0.15855 0)
(2.02509 -0.157227 0)
(2.02711 -0.155733 0)
(2.02965 -0.154261 0)
(2.03166 -0.152955 0)
(2.03333 -0.151929 0)
(2.03513 -0.150856 0)
(2.03707 -0.149893 0)
(2.03895 -0.149393 0)
(2.04065 -0.148944 0)
(2.04253 -0.148346 0)
(2.04464 -0.147748 0)
(2.0469 -0.147293 0)
(2.04923 -0.14695 0)
(2.05152 -0.146756 0)
(2.05388 -0.146667 0)
(2.05618 -0.146436 0)
(2.05835 -0.146499 0)
(2.06033 -0.14646 0)
(2.06237 -0.146346 0)
(2.06425 -0.145025 0)
(2.06534 -0.144377 0)
(2.06634 -0.142924 0)
(2.06725 -0.141047 0)
(2.06786 -0.140249 0)
(2.06868 -0.139028 0)
(2.07013 -0.136723 0)
(2.07134 -0.134453 0)
(2.07359 -0.131849 0)
(1.8301 -0.210246 0)
(1.83269 -0.209142 0)
(1.83537 -0.208042 0)
(1.83797 -0.206828 0)
(1.84064 -0.205581 0)
(1.8432 -0.204291 0)
(1.84531 -0.203266 0)
(1.84746 -0.202164 0)
(1.84938 -0.200375 0)
(1.85094 -0.197848 0)
(1.85238 -0.195191 0)
(1.854 -0.193299 0)
(1.85596 -0.19247 0)
(1.85807 -0.192388 0)
(1.8602 -0.192594 0)
(1.86236 -0.192839 0)
(1.86461 -0.193201 0)
(1.86695 -0.193705 0)
(1.86929 -0.194135 0)
(1.87138 -0.194338 0)
(1.87302 -0.194154 0)
(1.87436 -0.193218 0)
(1.87559 -0.191507 0)
(1.87661 -0.189747 0)
(1.87745 -0.188548 0)
(1.87799 -0.187369 0)
(1.87805 -0.18488 0)
(1.87778 -0.180607 0)
(1.87734 -0.176168 0)
(1.87729 -0.172762 0)
(1.87796 -0.17058 0)
(1.8793 -0.169822 0)
(1.88121 -0.170377 0)
(1.88342 -0.171649 0)
(1.88563 -0.172927 0)
(1.88776 -0.174068 0)
(1.89004 -0.175384 0)
(1.8925 -0.176869 0)
(1.8948 -0.178307 0)
(1.89695 -0.179422 0)
(1.89968 -0.179793 0)
(1.90206 -0.179857 0)
(1.90429 -0.179668 0)
(1.90639 -0.179039 0)
(1.90832 -0.177973 0)
(1.91014 -0.176704 0)
(1.91249 -0.174934 0)
(1.91422 -0.173211 0)
(1.91612 -0.17309 0)
(1.91877 -0.173705 0)
(1.92146 -0.174398 0)
(1.92427 -0.174201 0)
(1.92694 -0.174002 0)
(1.92943 -0.174714 0)
(1.9318 -0.17507 0)
(1.93425 -0.174503 0)
(1.93651 -0.174522 0)
(1.93849 -0.175495 0)
(1.94035 -0.175941 0)
(1.94228 -0.175727 0)
(1.94413 -0.176225 0)
(1.94572 -0.177707 0)
(1.94704 -0.178502 0)
(1.94828 -0.178636 0)
(1.9495 -0.179714 0)
(1.95057 -0.181442 0)
(1.95171 -0.182029 0)
(1.95308 -0.182011 0)
(1.95477 -0.182492 0)
(1.95662 -0.182988 0)
(1.95825 -0.183261 0)
(1.95984 -0.183095 0)
(1.96168 -0.182659 0)
(1.96363 -0.182418 0)
(1.96559 -0.18223 0)
(1.96755 -0.182073 0)
(1.96963 -0.181625 0)
(1.97201 -0.180781 0)
(1.97409 -0.180253 0)
(1.97606 -0.179753 0)
(1.97854 -0.178918 0)
(1.98089 -0.177925 0)
(1.98296 -0.177345 0)
(1.98503 -0.177207 0)
(1.98748 -0.176695 0)
(1.99007 -0.175458 0)
(1.99213 -0.174574 0)
(1.99381 -0.174675 0)
(1.99547 -0.174038 0)
(1.99709 -0.172176 0)
(1.99833 -0.170796 0)
(1.99953 -0.170765 0)
(2.00071 -0.170333 0)
(2.00328 -0.168658 0)
(2.00556 -0.167027 0)
(2.00734 -0.166438 0)
(2.00907 -0.165686 0)
(2.01176 -0.164372 0)
(2.01483 -0.162719 0)
(2.0169 -0.161602 0)
(2.01914 -0.160382 0)
(2.02184 -0.159249 0)
(2.02413 -0.157646 0)
(2.02644 -0.155649 0)
(2.02817 -0.154422 0)
(2.0296 -0.153742 0)
(2.03159 -0.15243 0)
(2.03363 -0.150794 0)
(2.03529 -0.149701 0)
(2.03686 -0.148819 0)
(2.03857 -0.147643 0)
(2.04043 -0.146423 0)
(2.04216 -0.145385 0)
(2.04379 -0.144289 0)
(2.04565 -0.142944 0)
(2.04776 -0.141872 0)
(2.04976 -0.140964 0)
(2.05168 -0.140224 0)
(2.05358 -0.139822 0)
(2.0555 -0.139595 0)
(2.05746 -0.139482 0)
(2.05939 -0.139538 0)
(2.06137 -0.139707 0)
(2.0633 -0.139507 0)
(2.06518 -0.139487 0)
(2.06734 -0.138981 0)
(2.06913 -0.137569 0)
(2.07041 -0.136486 0)
(2.0714 -0.135829 0)
(2.07287 -0.133771 0)
(2.07382 -0.132287 0)
(2.07602 -0.130848 0)
(1.83343 -0.205152 0)
(1.83615 -0.204481 0)
(1.8389 -0.203529 0)
(1.84176 -0.20242 0)
(1.84477 -0.201155 0)
(1.84757 -0.199731 0)
(1.85 -0.198346 0)
(1.852 -0.196505 0)
(1.85345 -0.19387 0)
(1.8543 -0.190994 0)
(1.85494 -0.188985 0)
(1.85593 -0.188245 0)
(1.85749 -0.188267 0)
(1.85942 -0.188654 0)
(1.86154 -0.189206 0)
(1.86379 -0.189744 0)
(1.86617 -0.1904 0)
(1.86855 -0.191245 0)
(1.87081 -0.19176 0)
(1.87283 -0.191509 0)
(1.87434 -0.190831 0)
(1.87538 -0.190013 0)
(1.87626 -0.188721 0)
(1.87703 -0.18726 0)
(1.87754 -0.186256 0)
(1.87753 -0.184754 0)
(1.87734 -0.180982 0)
(1.87699 -0.176025 0)
(1.8767 -0.172462 0)
(1.87714 -0.170481 0)
(1.87832 -0.169636 0)
(1.88008 -0.169931 0)
(1.88224 -0.171012 0)
(1.88456 -0.172237 0)
(1.88684 -0.173443 0)
(1.88927 -0.174821 0)
(1.8919 -0.176285 0)
(1.89445 -0.177577 0)
(1.89657 -0.17859 0)
(1.89883 -0.179058 0)
(1.90137 -0.17919 0)
(1.90365 -0.179037 0)
(1.90581 -0.178584 0)
(1.90774 -0.177682 0)
(1.90952 -0.176318 0)
(1.91172 -0.174399 0)
(1.9132 -0.173009 0)
(1.91517 -0.17288 0)
(1.91766 -0.17311 0)
(1.92019 -0.173913 0)
(1.9226 -0.174645 0)
(1.92509 -0.174601 0)
(1.9276 -0.174516 0)
(1.93 -0.175219 0)
(1.93217 -0.175628 0)
(1.9344 -0.175062 0)
(1.93654 -0.174903 0)
(1.93846 -0.175907 0)
(1.94008 -0.176576 0)
(1.94174 -0.176518 0)
(1.94341 -0.177023 0)
(1.94486 -0.178561 0)
(1.94595 -0.179527 0)
(1.94697 -0.179626 0)
(1.94812 -0.180612 0)
(1.94929 -0.182082 0)
(1.95072 -0.182168 0)
(1.95234 -0.182089 0)
(1.95412 -0.182758 0)
(1.95616 -0.182794 0)
(1.95829 -0.181954 0)
(1.96009 -0.181601 0)
(1.96193 -0.181503 0)
(1.96401 -0.180918 0)
(1.96608 -0.180357 0)
(1.968 -0.180254 0)
(1.96988 -0.180125 0)
(1.97238 -0.179405 0)
(1.97474 -0.178528 0)
(1.97684 -0.1776 0)
(1.97962 -0.17654 0)
(1.98248 -0.175224 0)
(1.98486 -0.1743 0)
(1.98713 -0.174075 0)
(1.98928 -0.173793 0)
(1.99136 -0.173054 0)
(1.99329 -0.172083 0)
(1.99483 -0.172049 0)
(1.99583 -0.172423 0)
(1.99724 -0.171097 0)
(1.99887 -0.16924 0)
(2.00051 -0.168507 0)
(2.00225 -0.168227 0)
(2.00409 -0.167234 0)
(2.00688 -0.165582 0)
(2.00932 -0.163964 0)
(2.01119 -0.163276 0)
(2.01336 -0.162389 0)
(2.01572 -0.160897 0)
(2.0182 -0.159204 0)
(2.0206 -0.157616 0)
(2.02249 -0.156804 0)
(2.02468 -0.155859 0)
(2.02725 -0.154127 0)
(2.02929 -0.152468 0)
(2.03104 -0.151456 0)
(2.03279 -0.15062 0)
(2.03468 -0.14937 0)
(2.03706 -0.147516 0)
(2.03895 -0.145876 0)
(2.04037 -0.144687 0)
(2.04198 -0.14334 0)
(2.04405 -0.14185 0)
(2.04582 -0.14027 0)
(2.0471 -0.13895 0)
(2.04889 -0.137575 0)
(2.05069 -0.136359 0)
(2.05211 -0.135429 0)
(2.05354 -0.134397 0)
(2.05535 -0.13385 0)
(2.05701 -0.133409 0)
(2.05863 -0.132936 0)
(2.06047 -0.132659 0)
(2.06233 -0.1325 0)
(2.06437 -0.132543 0)
(2.06655 -0.132515 0)
(2.06859 -0.132367 0)
(2.07062 -0.13256 0)
(2.0727 -0.133126 0)
(2.07465 -0.132236 0)
(2.0756 -0.131246 0)
(2.07768 -0.1307 0)
(1.8353 -0.199685 0)
(1.83793 -0.199186 0)
(1.8405 -0.198542 0)
(1.84303 -0.197646 0)
(1.84565 -0.196459 0)
(1.84806 -0.195019 0)
(1.85007 -0.193423 0)
(1.85175 -0.191232 0)
(1.85307 -0.188346 0)
(1.85404 -0.185766 0)
(1.85512 -0.184621 0)
(1.85667 -0.184823 0)
(1.85862 -0.185417 0)
(1.8608 -0.185927 0)
(1.86306 -0.186569 0)
(1.86541 -0.187404 0)
(1.86782 -0.188284 0)
(1.87014 -0.189193 0)
(1.87214 -0.189709 0)
(1.8738 -0.189346 0)
(1.875 -0.188564 0)
(1.87584 -0.187689 0)
(1.87658 -0.186394 0)
(1.87718 -0.18514 0)
(1.87729 -0.1842 0)
(1.87679 -0.182024 0)
(1.87646 -0.177628 0)
(1.87625 -0.173362 0)
(1.87661 -0.170917 0)
(1.87771 -0.169982 0)
(1.87934 -0.170097 0)
(1.88141 -0.170936 0)
(1.88374 -0.172053 0)
(1.88613 -0.173263 0)
(1.88861 -0.174672 0)
(1.89129 -0.176168 0)
(1.894 -0.177427 0)
(1.89642 -0.17831 0)
(1.89844 -0.178865 0)
(1.90082 -0.17903 0)
(1.90308 -0.178957 0)
(1.9052 -0.178581 0)
(1.90718 -0.177903 0)
(1.90899 -0.176727 0)
(1.91106 -0.174625 0)
(1.91239 -0.172831 0)
(1.9142 -0.172684 0)
(1.91652 -0.172796 0)
(1.91888 -0.172984 0)
(1.92118 -0.173647 0)
(1.92332 -0.17444 0)
(1.92544 -0.174735 0)
(1.92769 -0.174929 0)
(1.92994 -0.175619 0)
(1.93191 -0.176214 0)
(1.93385 -0.176073 0)
(1.93589 -0.175898 0)
(1.93787 -0.176719 0)
(1.93946 -0.177762 0)
(1.94092 -0.177929 0)
(1.94233 -0.178144 0)
(1.94358 -0.179406 0)
(1.94453 -0.180503 0)
(1.94559 -0.180572 0)
(1.94695 -0.180761 0)
(1.94848 -0.181608 0)
(1.9502 -0.181668 0)
(1.95212 -0.181015 0)
(1.95396 -0.181191 0)
(1.95579 -0.181343 0)
(1.95817 -0.180467 0)
(1.96036 -0.179678 0)
(1.96232 -0.179497 0)
(1.96422 -0.178961 0)
(1.96675 -0.17799 0)
(1.96892 -0.177292 0)
(1.97086 -0.176954 0)
(1.97315 -0.176281 0)
(1.97564 -0.175378 0)
(1.97758 -0.174694 0)
(1.97983 -0.17395 0)
(1.98253 -0.173002 0)
(1.985 -0.172068 0)
(1.98735 -0.17161 0)
(1.98953 -0.171303 0)
(1.99153 -0.170798 0)
(1.99339 -0.170054 0)
(1.99504 -0.169637 0)
(1.9963 -0.169861 0)
(1.99739 -0.16938 0)
(1.99946 -0.167751 0)
(2.00152 -0.166518 0)
(2.00366 -0.165863 0)
(2.0057 -0.165131 0)
(2.008 -0.163594 0)
(2.0107 -0.161836 0)
(2.01267 -0.160286 0)
(2.01451 -0.159512 0)
(2.01656 -0.158394 0)
(2.01939 -0.156805 0)
(2.02197 -0.154988 0)
(2.02385 -0.153982 0)
(2.02577 -0.153381 0)
(2.02819 -0.152058 0)
(2.03078 -0.150318 0)
(2.03278 -0.148846 0)
(2.03462 -0.147846 0)
(2.03634 -0.146764 0)
(2.03847 -0.144972 0)
(2.04096 -0.142942 0)
(2.04263 -0.141327 0)
(2.04412 -0.139996 0)
(2.04614 -0.138292 0)
(2.048 -0.136463 0)
(2.04926 -0.135119 0)
(2.05045 -0.13391 0)
(2.052 -0.132546 0)
(2.05345 -0.131299 0)
(2.05457 -0.130199 0)
(2.05631 -0.128881 0)
(2.05805 -0.127787 0)
(2.05957 -0.127128 0)
(2.0612 -0.126706 0)
(2.06297 -0.126401 0)
(2.06483 -0.126474 0)
(2.06677 -0.126435 0)
(2.06869 -0.126433 0)
(2.07075 -0.126828 0)
(2.07271 -0.127954 0)
(2.07457 -0.1281 0)
(2.07606 -0.128484 0)
(2.07885 -0.12905 0)
(1.84061 -0.195222 0)
(1.84299 -0.194497 0)
(1.84522 -0.193552 0)
(1.84734 -0.192386 0)
(1.84925 -0.190975 0)
(1.85076 -0.189587 0)
(1.85188 -0.188133 0)
(1.85279 -0.186063 0)
(1.8536 -0.183579 0)
(1.85447 -0.181835 0)
(1.85579 -0.181644 0)
(1.85764 -0.182502 0)
(1.85981 -0.18335 0)
(1.86212 -0.183958 0)
(1.86444 -0.184728 0)
(1.86676 -0.185833 0)
)
;

boundaryField
{
    inlet
    {
        type            fixedValue;
        value           nonuniform 0();
    }
    outlet
    {
        type            inletOutlet;
        inletValue      uniform (2 0 0);
        value           nonuniform List<vector> 
19
(
(2.0274 -0.135228 0)
(2.02948 -0.132633 0)
(2.03025 -0.130746 0)
(2.0317 -0.127386 0)
(2.03237 -0.124594 0)
(2.03326 -0.122053 0)
(2.03493 -0.119163 0)
(2.03729 -0.116376 0)
(2.03902 -0.113889 0)
(2.04132 -0.111783 0)
(2.04474 -0.111129 0)
(2.04944 -0.112285 0)
(2.05647 -0.117312 0)
(2.06408 -0.125223 0)
(2.06988 -0.130238 0)
(2.07359 -0.131849 0)
(2.07602 -0.130848 0)
(2.07768 -0.1307 0)
(2.07885 -0.12905 0)
)
;
    }
    bottom
    {
        type            symmetryPlane;
    }
    top
    {
        type            symmetryPlane;
    }
    obstacle
    {
        type            slip;
    }
    front
    {
        type            empty;
    }
    back
    {
        type            empty;
    }
    procBoundary31to23
    {
        type            processor;
        value           nonuniform List<vector> 
133
(
(1.99654 -0.140171 0)
(1.99609 -0.141393 0)
(1.99588 -0.143158 0)
(1.99626 -0.145448 0)
(1.99701 -0.146849 0)
(1.9981 -0.147159 0)
(1.99967 -0.146856 0)
(2.00152 -0.146391 0)
(2.00404 -0.145375 0)
(2.00616 -0.144456 0)
(2.00816 -0.143535 0)
(2.01014 -0.142816 0)
(2.01227 -0.141851 0)
(2.01408 -0.141466 0)
(2.01592 -0.14093 0)
(2.01784 -0.139856 0)
(2.01956 -0.138861 0)
(2.02099 -0.138753 0)
(2.02249 -0.138058 0)
(2.02364 -0.137713 0)
(2.02537 -0.137027 0)
(1.79505 -0.289665 0)
(1.79714 -0.288793 0)
(1.79922 -0.287859 0)
(1.80134 -0.286934 0)
(1.80352 -0.286178 0)
(1.80575 -0.285705 0)
(1.80797 -0.285516 0)
(1.81019 -0.285517 0)
(1.81247 -0.285442 0)
(1.81483 -0.285244 0)
(1.81716 -0.285109 0)
(1.81929 -0.284791 0)
(1.82095 -0.284353 0)
(1.82248 -0.283746 0)
(1.82462 -0.282732 0)
(1.82647 -0.281128 0)
(1.82772 -0.279198 0)
(1.82916 -0.277197 0)
(1.83095 -0.2756 0)
(1.83319 -0.2737 0)
(1.83492 -0.271625 0)
(1.83686 -0.270913 0)
(1.83915 -0.271014 0)
(1.84122 -0.271401 0)
(1.84331 -0.271367 0)
(1.84549 -0.270834 0)
(1.8478 -0.269791 0)
(1.85022 -0.268456 0)
(1.85237 -0.26738 0)
(1.85403 -0.266264 0)
(1.855 -0.263986 0)
(1.85652 -0.260769 0)
(1.85821 -0.257475 0)
(1.85944 -0.254994 0)
(1.86021 -0.252258 0)
(1.86137 -0.247195 0)
(1.86316 -0.24037 0)
(1.86417 -0.23376 0)
(1.86518 -0.229717 0)
(1.86694 -0.228042 0)
(1.86907 -0.227752 0)
(1.87128 -0.228596 0)
(1.87341 -0.229882 0)
(1.87551 -0.230647 0)
(1.87765 -0.230848 0)
(1.88022 -0.230982 0)
(1.88298 -0.231147 0)
(1.88555 -0.230841 0)
(1.88829 -0.229829 0)
(1.89105 -0.229195 0)
(1.89369 -0.227809 0)
(1.89672 -0.226019 0)
(1.8992 -0.224027 0)
(1.9015 -0.222122 0)
(1.90346 -0.220161 0)
(1.90599 -0.217921 0)
(1.90833 -0.215836 0)
(1.90989 -0.215328 0)
(1.91194 -0.214857 0)
(1.91381 -0.214802 0)
(1.91571 -0.214996 0)
(1.91789 -0.214997 0)
(1.92027 -0.214487 0)
(1.92243 -0.213473 0)
(1.92425 -0.212543 0)
(1.92589 -0.212245 0)
(1.9275 -0.211596 0)
(1.92932 -0.209521 0)
(1.93087 -0.207673 0)
(1.9323 -0.207484 0)
(1.93347 -0.206785 0)
(1.93448 -0.20446 0)
(1.93542 -0.203099 0)
(1.93643 -0.203353 0)
(1.93742 -0.202196 0)
(1.93885 -0.199565 0)
(1.94013 -0.198698 0)
(1.94136 -0.198002 0)
(1.94375 -0.195248 0)
(1.9454 -0.192489 0)
(1.9468 -0.19119 0)
(1.949 -0.188376 0)
(1.95133 -0.184334 0)
(1.95272 -0.181416 0)
(1.95456 -0.178322 0)
(1.95662 -0.174042 0)
(1.95825 -0.16979 0)
(1.95989 -0.16602 0)
(1.96163 -0.162298 0)
(1.96343 -0.158283 0)
(1.96513 -0.154696 0)
(1.96696 -0.15169 0)
(1.96897 -0.148674 0)
(1.97082 -0.145798 0)
(1.97255 -0.143468 0)
(1.97446 -0.141407 0)
(1.97643 -0.139449 0)
(1.97825 -0.137983 0)
(1.98005 -0.137122 0)
(1.98203 -0.1364 0)
(1.98416 -0.135701 0)
(1.98605 -0.135384 0)
(1.98758 -0.135407 0)
(1.98909 -0.135295 0)
(1.99065 -0.135096 0)
(1.99213 -0.135515 0)
(1.99334 -0.136423 0)
(1.99422 -0.136949 0)
(1.99483 -0.137474 0)
(1.99524 -0.139205 0)
(1.99529 -0.141569 0)
(1.99529 -0.141569 0)
)
;
    }
    procBoundary31to30
    {
        type            processor;
        value           nonuniform List<vector> 
18
(
(1.79611 -0.286443 0)
(1.79931 -0.282549 0)
(1.80269 -0.278647 0)
(1.80619 -0.274375 0)
(1.80806 -0.270205 0)
(1.81105 -0.265818 0)
(1.81242 -0.261062 0)
(1.81508 -0.256183 0)
(1.81633 -0.251069 0)
(1.8186 -0.245323 0)
(1.81902 -0.24027 0)
(1.82098 -0.234482 0)
(1.82178 -0.229512 0)
(1.82309 -0.223387 0)
(1.82505 -0.217445 0)
(1.82775 -0.21125 0)
(1.83076 -0.20544 0)
(1.83291 -0.200015 0)
)
;
    }
    procBoundary31to38
    {
        type            processor;
        value           uniform (1.83817 -0.195648 0);
    }
    procBoundary31to39
    {
        type            processor;
        value           nonuniform List<vector> 
133
(
(1.869 -0.18696 0)
(1.87105 -0.187835 0)
(1.87274 -0.188111 0)
(1.87405 -0.187508 0)
(1.87492 -0.186678 0)
(1.87548 -0.186182 0)
(1.87602 -0.185569 0)
(1.87642 -0.18462 0)
(1.87624 -0.182896 0)
(1.8759 -0.179185 0)
(1.87588 -0.174503 0)
(1.87622 -0.171255 0)
(1.87731 -0.170082 0)
(1.87891 -0.170178 0)
(1.88085 -0.170837 0)
(1.88315 -0.171911 0)
(1.88561 -0.173238 0)
(1.88812 -0.174678 0)
(1.89074 -0.176261 0)
(1.89342 -0.17763 0)
(1.896 -0.17856 0)
(1.89822 -0.179202 0)
(1.90039 -0.179435 0)
(1.90269 -0.17945 0)
(1.90465 -0.179117 0)
(1.90651 -0.178487 0)
(1.9083 -0.177609 0)
(1.91013 -0.175926 0)
(1.91159 -0.173927 0)
(1.91319 -0.173541 0)
(1.91533 -0.173701 0)
(1.9175 -0.173828 0)
(1.91969 -0.174058 0)
(1.92183 -0.174701 0)
(1.92383 -0.175376 0)
(1.92575 -0.175807 0)
(1.92771 -0.17621 0)
(1.9297 -0.176796 0)
(1.93158 -0.177374 0)
(1.93334 -0.177565 0)
(1.93514 -0.177442 0)
(1.93703 -0.177702 0)
(1.93869 -0.178396 0)
(1.94001 -0.178602 0)
(1.94116 -0.178663 0)
(1.94224 -0.179315 0)
(1.94334 -0.179594 0)
(1.94489 -0.17911 0)
(1.94676 -0.178842 0)
(1.94875 -0.179175 0)
(1.95055 -0.179435 0)
(1.95243 -0.179165 0)
(1.95434 -0.17894 0)
(1.95622 -0.179066 0)
(1.95814 -0.1789 0)
(1.96061 -0.178098 0)
(1.96268 -0.177423 0)
(1.9646 -0.176721 0)
(1.96714 -0.175615 0)
(1.96979 -0.174487 0)
(1.97185 -0.173934 0)
(1.9741 -0.173383 0)
(1.9765 -0.172501 0)
(1.97843 -0.171941 0)
(1.98036 -0.171611 0)
(1.98284 -0.170979 0)
(1.9853 -0.170199 0)
(1.98765 -0.169662 0)
(1.98994 -0.169221 0)
(1.99211 -0.168611 0)
(1.99415 -0.167671 0)
(1.99606 -0.166927 0)
(1.99779 -0.166879 0)
(1.99912 -0.166597 0)
(2.00131 -0.165418 0)
(2.0035 -0.164315 0)
(2.00581 -0.16348 0)
(2.00825 -0.162653 0)
(2.01016 -0.161293 0)
(2.0126 -0.159594 0)
(2.01514 -0.157816 0)
(2.01708 -0.156885 0)
(2.01923 -0.155995 0)
(2.02172 -0.15421 0)
(2.02449 -0.152671 0)
(2.02658 -0.151239 0)
(2.02866 -0.15075 0)
(2.03094 -0.149642 0)
(2.03374 -0.1483 0)
(2.03616 -0.146473 0)
(2.03793 -0.145231 0)
(2.03961 -0.144264 0)
(2.04174 -0.142447 0)
(2.04409 -0.140068 0)
(2.04566 -0.137953 0)
(2.04704 -0.136396 0)
(2.04855 -0.13485 0)
(2.0502 -0.133128 0)
(2.0518 -0.13129 0)
(2.05306 -0.129895 0)
(2.0544 -0.128708 0)
(2.05568 -0.127517 0)
(2.05694 -0.126071 0)
(2.058 -0.125 0)
(2.05928 -0.12402 0)
(2.06085 -0.123055 0)
(2.06248 -0.12242 0)
(2.0642 -0.122156 0)
(2.06596 -0.122158 0)
(2.06768 -0.122242 0)
(2.06941 -0.122312 0)
(2.0713 -0.122725 0)
(2.0732 -0.123876 0)
(2.07478 -0.124465 0)
(2.07616 -0.125285 0)
(2.07916 -0.126516 0)
(1.8414 -0.19141 0)
(1.84357 -0.190317 0)
(1.84561 -0.189217 0)
(1.84756 -0.188106 0)
(1.84935 -0.186895 0)
(1.85083 -0.185655 0)
(1.8519 -0.184248 0)
(1.8527 -0.182361 0)
(1.85352 -0.180419 0)
(1.85467 -0.179477 0)
(1.85637 -0.179974 0)
(1.85845 -0.181278 0)
(1.86068 -0.182357 0)
(1.863 -0.182948 0)
(1.86529 -0.183688 0)
(1.869 -0.18696 0)
(1.86747 -0.184867 0)
)
;
    }
}


// ************************************************************************* //
