/*--------------------------------*- C++ -*----------------------------------*\
  =========                 |
  \\      /  F ield         | OpenFOAM: The Open Source CFD Toolbox
   \\    /   O peration     | Website:  https://openfoam.org
    \\  /    A nd           | Version:  7
     \\/     M anipulation  |
\*---------------------------------------------------------------------------*/
FoamFile
{
    version     2.0;
    format      ascii;
    class       labelList;
    note        "nPoints: 1320 nCells: 607 nFaces: 2480 nInternalFaces: 1162";
    location    "constant/polyMesh";
    object      owner;
}
// * * * * * * * * * * * * * * * * * * * * * * * * * * * * * * * * * * * * * //


2480
(
0
0
0
1
1
2
2
3
3
4
4
5
5
6
6
7
7
8
8
9
9
10
10
11
11
12
12
13
13
14
14
15
15
16
16
17
18
18
18
19
19
20
20
21
21
22
22
23
23
24
24
25
25
26
26
27
27
28
28
29
29
30
30
31
31
32
32
33
33
34
34
35
36
36
36
37
37
38
38
39
39
40
40
41
41
42
42
43
43
44
44
45
45
46
46
47
47
48
48
49
49
50
50
51
51
52
52
53
54
54
54
55
55
56
56
57
57
58
58
59
59
60
60
61
61
62
62
63
63
64
64
65
65
66
66
67
67
68
68
69
69
70
70
71
72
72
72
73
73
74
74
75
75
76
76
77
77
78
78
79
79
80
80
81
81
82
82
83
83
84
84
85
85
86
86
87
87
88
88
89
90
90
90
91
91
92
92
93
93
94
94
95
95
96
96
97
97
98
98
99
99
100
100
101
101
102
102
103
103
104
104
105
105
106
106
107
108
108
108
109
109
110
110
111
111
112
112
113
113
114
114
115
115
116
116
117
117
118
118
119
119
120
120
121
121
122
122
123
123
124
124
125
126
126
126
127
127
128
128
129
129
130
130
131
131
132
132
133
133
134
134
135
135
136
136
137
137
138
138
139
139
140
140
141
141
142
142
143
144
144
144
145
145
146
146
147
147
148
148
149
149
150
150
151
151
152
152
153
153
154
154
155
155
156
156
157
157
158
158
159
159
160
160
161
162
162
162
163
163
164
164
165
165
166
166
167
167
168
168
169
169
170
170
171
171
172
172
173
173
174
174
175
175
176
176
177
177
178
178
179
180
180
180
181
181
182
182
183
183
184
184
185
185
186
186
187
187
188
188
189
189
190
190
191
191
192
192
193
193
194
194
195
195
196
196
197
198
198
198
199
199
200
200
201
201
202
202
203
203
204
204
205
205
206
206
207
207
208
208
209
209
210
210
211
211
212
212
213
213
214
214
215
216
216
216
217
217
218
218
219
219
220
220
221
221
222
222
223
223
224
224
225
225
226
226
227
227
228
228
229
229
230
230
231
231
232
232
233
233
234
235
235
235
236
236
237
237
238
238
239
239
240
240
241
241
242
242
243
243
244
244
245
245
246
246
247
247
248
248
249
249
250
250
251
251
252
252
253
254
254
254
255
255
256
256
257
257
258
258
259
259
260
260
261
261
262
262
263
263
264
264
265
265
266
266
267
267
268
268
269
269
270
270
271
271
272
273
273
273
274
274
275
275
276
276
277
277
278
278
279
279
280
280
281
281
282
282
283
283
284
284
285
285
286
286
287
287
288
288
289
289
290
290
291
292
292
292
293
293
294
294
295
295
296
296
297
297
298
298
299
299
300
300
301
301
302
302
303
303
304
304
305
305
306
306
307
307
308
308
309
309
310
311
311
311
312
312
313
313
314
314
315
315
316
316
317
317
318
318
319
319
320
320
321
321
322
322
323
323
324
324
325
325
326
326
327
327
328
328
329
330
330
330
331
331
332
332
333
333
334
334
335
335
336
336
337
337
338
338
339
339
340
340
341
341
342
342
343
343
344
344
345
345
346
346
347
347
348
349
349
349
350
350
351
351
352
352
353
353
354
354
355
355
356
356
357
357
358
358
359
359
360
360
361
361
362
362
363
363
364
364
365
365
366
366
367
368
368
368
369
369
370
370
371
371
372
372
373
373
374
374
375
375
376
376
377
377
378
378
379
379
380
380
381
381
382
382
383
383
384
384
385
385
386
387
387
387
388
388
389
389
390
390
391
391
392
392
393
393
394
394
395
395
396
396
397
397
398
398
399
399
400
400
401
401
402
402
403
403
404
404
405
406
406
406
407
407
408
408
409
409
410
410
411
411
412
412
413
413
414
414
415
415
416
416
417
417
418
418
419
419
420
420
421
421
422
422
423
423
424
425
425
425
426
426
427
427
428
428
429
429
430
430
431
431
432
432
433
433
434
434
435
435
436
436
437
437
438
438
439
439
440
440
441
441
442
442
443
444
444
444
445
445
446
446
447
447
448
448
449
449
450
450
451
451
452
452
453
453
454
454
455
455
456
456
457
457
458
458
459
459
460
460
461
461
462
463
463
463
464
464
465
465
466
466
467
467
468
468
469
469
470
470
471
471
472
472
473
473
474
474
475
475
476
476
477
477
478
478
479
479
480
480
481
482
482
482
483
483
484
484
485
485
486
486
487
487
488
488
489
489
490
490
491
491
492
492
493
493
494
494
495
495
496
496
497
497
498
498
499
499
500
501
501
501
502
502
503
504
505
506
507
508
509
510
511
512
513
514
515
516
517
518
520
522
523
523
524
524
525
526
526
527
527
528
529
529
530
530
531
532
532
533
533
534
535
535
536
536
537
538
538
539
539
540
541
541
542
542
543
544
544
545
545
546
547
547
548
548
549
550
550
551
551
552
553
553
554
554
555
556
556
557
557
558
559
559
560
560
561
562
562
563
563
564
565
565
566
566
567
568
568
569
569
570
571
571
572
572
573
574
574
575
575
576
577
577
578
578
579
580
580
581
581
582
583
583
584
584
585
586
586
587
587
588
589
589
590
590
591
592
592
593
593
594
595
595
596
596
597
598
598
599
599
600
601
601
602
602
603
604
605
0
18
36
54
72
90
108
126
144
162
180
198
216
235
254
273
292
311
330
349
368
387
406
425
444
463
482
501
520
1
19
37
55
73
91
109
127
145
163
181
199
217
236
255
274
293
312
331
350
369
388
407
426
445
464
483
502
521
2
20
38
56
74
92
110
128
146
164
182
200
218
237
256
275
294
313
332
351
370
389
408
427
446
465
484
503
3
21
39
57
75
93
111
129
147
165
183
201
219
238
257
276
295
314
333
352
371
390
409
428
447
466
485
504
4
22
40
58
76
94
112
130
148
166
184
202
220
239
258
277
296
315
334
353
372
391
410
429
448
467
486
505
5
23
41
59
77
95
113
131
149
167
185
203
221
240
259
278
297
316
335
354
373
392
411
430
449
468
487
506
6
24
42
60
78
96
114
132
150
168
186
204
222
241
260
279
298
317
336
355
374
393
412
431
450
469
488
507
7
25
43
61
79
97
115
133
151
169
187
205
223
242
261
280
299
318
337
356
375
394
413
432
451
470
489
508
8
26
44
62
80
98
116
134
152
170
188
206
224
243
262
281
300
319
338
357
376
395
414
433
452
471
490
509
9
27
45
63
81
99
117
135
153
171
189
207
225
244
263
282
301
320
339
358
377
396
415
434
453
472
491
510
10
28
46
64
82
100
118
136
154
172
190
208
226
245
264
283
302
321
340
359
378
397
416
435
454
473
492
511
11
29
47
65
83
101
119
137
155
173
191
209
227
246
265
284
303
322
341
360
379
398
417
436
455
474
493
512
12
30
48
66
84
102
120
138
156
174
192
210
228
247
266
285
304
323
342
361
380
399
418
437
456
475
494
513
13
31
49
67
85
103
121
139
157
175
193
211
229
248
267
286
305
324
343
362
381
400
419
438
457
476
495
514
14
32
50
68
86
104
122
140
158
176
194
212
230
249
268
287
306
325
344
363
382
401
420
439
458
477
496
515
15
33
51
69
87
105
123
141
159
177
195
213
231
250
269
288
307
326
345
364
383
402
421
440
459
478
497
516
16
34
52
70
88
106
124
142
160
178
196
214
232
251
270
289
308
327
346
365
384
403
422
441
460
479
498
517
17
35
53
71
89
107
125
143
161
179
197
215
233
252
271
290
309
328
347
366
385
404
423
442
461
480
499
518
234
253
272
291
310
329
348
367
386
405
424
443
462
481
500
519
0
18
36
54
72
90
108
126
144
162
180
198
216
235
254
273
292
311
330
349
368
387
406
425
444
463
482
501
520
1
19
37
55
73
91
109
127
145
163
181
199
217
236
255
274
293
312
331
350
369
388
407
426
445
464
483
502
521
2
20
38
56
74
92
110
128
146
164
182
200
218
237
256
275
294
313
332
351
370
389
408
427
446
465
484
503
3
21
39
57
75
93
111
129
147
165
183
201
219
238
257
276
295
314
333
352
371
390
409
428
447
466
485
504
4
22
40
58
76
94
112
130
148
166
184
202
220
239
258
277
296
315
334
353
372
391
410
429
448
467
486
505
5
23
41
59
77
95
113
131
149
167
185
203
221
240
259
278
297
316
335
354
373
392
411
430
449
468
487
506
6
24
42
60
78
96
114
132
150
168
186
204
222
241
260
279
298
317
336
355
374
393
412
431
450
469
488
507
7
25
43
61
79
97
115
133
151
169
187
205
223
242
261
280
299
318
337
356
375
394
413
432
451
470
489
508
8
26
44
62
80
98
116
134
152
170
188
206
224
243
262
281
300
319
338
357
376
395
414
433
452
471
490
509
9
27
45
63
81
99
117
135
153
171
189
207
225
244
263
282
301
320
339
358
377
396
415
434
453
472
491
510
10
28
46
64
82
100
118
136
154
172
190
208
226
245
264
283
302
321
340
359
378
397
416
435
454
473
492
511
11
29
47
65
83
101
119
137
155
173
191
209
227
246
265
284
303
322
341
360
379
398
417
436
455
474
493
512
12
30
48
66
84
102
120
138
156
174
192
210
228
247
266
285
304
323
342
361
380
399
418
437
456
475
494
513
13
31
49
67
85
103
121
139
157
175
193
211
229
248
267
286
305
324
343
362
381
400
419
438
457
476
495
514
14
32
50
68
86
104
122
140
158
176
194
212
230
249
268
287
306
325
344
363
382
401
420
439
458
477
496
515
15
33
51
69
87
105
123
141
159
177
195
213
231
250
269
288
307
326
345
364
383
402
421
440
459
478
497
516
16
34
52
70
88
106
124
142
160
178
196
214
232
251
270
289
308
327
346
365
384
403
422
441
460
479
498
517
17
35
53
71
89
107
125
143
161
179
197
215
233
252
271
290
309
328
347
366
385
404
423
442
461
480
499
518
234
253
272
291
310
329
348
367
386
405
424
443
462
481
500
519
522
523
526
529
532
535
538
541
544
547
550
553
556
559
562
565
568
571
574
577
580
583
586
589
592
595
598
601
604
524
527
530
533
536
539
542
545
548
551
554
557
560
563
566
569
572
575
578
581
584
587
590
593
596
599
602
605
525
528
531
534
537
540
543
546
549
552
555
558
561
564
567
570
573
576
579
582
585
588
591
594
597
600
603
606
522
523
526
529
532
535
538
541
544
547
550
553
556
559
562
565
568
571
574
577
580
583
586
589
592
595
598
601
604
524
527
530
533
536
539
542
545
548
551
554
557
560
563
566
569
572
575
578
581
584
587
590
593
596
599
602
605
525
528
531
534
537
540
543
546
549
552
555
558
561
564
567
570
573
576
579
582
585
588
591
594
597
600
603
606
522
523
526
529
532
535
538
541
0
1
2
3
4
5
6
7
8
9
10
11
12
13
14
15
16
17
522
522
524
525
544
547
550
553
556
559
562
565
568
571
574
577
580
583
586
589
592
595
598
601
604
17
35
53
71
89
107
125
143
161
179
197
215
234
234
253
272
291
310
329
348
367
386
405
424
443
462
481
503
504
505
506
507
508
509
510
511
512
513
514
515
516
517
518
519
520
520
521
521
604
605
606
500
519
)


// ************************************************************************* //
