/*--------------------------------*- C++ -*----------------------------------*\
  =========                 |
  \\      /  F ield         | OpenFOAM: The Open Source CFD Toolbox
   \\    /   O peration     | Website:  https://openfoam.org
    \\  /    A nd           | Version:  7
     \\/     M anipulation  |
\*---------------------------------------------------------------------------*/
FoamFile
{
    version     2.0;
    format      ascii;
    class       volVectorField;
    location    "9";
    object      U;
}
// * * * * * * * * * * * * * * * * * * * * * * * * * * * * * * * * * * * * * //

dimensions      [0 1 -1 0 0 0 0];

internalField   nonuniform List<vector> 
2413
(
(2 4.93253e-16 0)
(2 5.23135e-16 0)
(2 5.34203e-16 0)
(2 5.06544e-16 0)
(2 4.08027e-16 0)
(2 3.8075e-16 0)
(2 4.97789e-16 0)
(2 4.33744e-16 0)
(2 2.68739e-16 0)
(2 -3.10508e-16 0)
(2 -6.69883e-16 0)
(2 -6.21395e-16 0)
(2 -5.05743e-16 0)
(2 -4.74168e-16 0)
(2 -4.37202e-16 0)
(2 -4.06765e-16 0)
(2 -3.44805e-16 0)
(2 -4.11392e-16 0)
(2 -7.16576e-16 0)
(2 -1.04401e-15 0)
(2 -1.23754e-15 0)
(2 -1.26855e-15 0)
(2 -1.20692e-15 0)
(2 -1.13231e-15 0)
(2 -1.03194e-15 0)
(2 -9.23629e-16 0)
(2 -1.08005e-15 0)
(2 -1.01234e-15 0)
(2 -1.07847e-15 0)
(2 -1.04503e-15 0)
(2 -1.00879e-15 0)
(2 -8.61448e-16 0)
(2 -7.63924e-16 0)
(2 -7.81969e-16 0)
(2 -6.79821e-16 0)
(2 -5.32986e-16 0)
(2 -7.63196e-16 0)
(2 -8.83946e-16 0)
(2 -1.04814e-15 0)
(2 -1.16921e-15 0)
(2 -9.77481e-16 0)
(2 -4.91363e-16 0)
(2 -1.99433e-16 0)
(2 -2.52504e-16 0)
(2 -1.82964e-16 0)
(2 5.04917e-16 0)
(2 9.15027e-16 0)
(2 1.39052e-15 0)
(2 1.52886e-15 0)
(2 1.56414e-15 0)
(2 1.69504e-15 0)
(2 1.8476e-15 0)
(2 1.87156e-15 0)
(2 1.83295e-15 0)
(2 1.83109e-15 0)
(2 1.84982e-15 0)
(2 1.77153e-15 0)
(2 1.65297e-15 0)
(2 1.47964e-15 0)
(2 1.00423e-15 0)
(2 7.54945e-16 0)
(2 3.44979e-16 0)
(2 1.68177e-16 0)
(2 -2.38929e-17 0)
(2 -2.30502e-16 0)
(2 -2.29974e-16 0)
(2 -2.37078e-16 0)
(2 -3.75149e-16 0)
(2 -4.1258e-16 0)
(2 -1.46327e-16 0)
(2 -4.69045e-17 0)
(2 -5.83577e-17 0)
(2 -1.51238e-16 0)
(2 -3.45779e-16 0)
(2 -5.2047e-16 0)
(2 -6.89e-16 0)
(2 -7.87513e-16 0)
(2 -8.07929e-16 0)
(2 -9.24405e-16 0)
(2 -1.1845e-15 0)
(2 -1.33336e-15 0)
(2 -1.47596e-15 0)
(2 -1.61223e-15 0)
(2 -1.68237e-15 0)
(2 -1.89026e-15 0)
(2 -2.17912e-15 0)
(2 -2.1407e-15 0)
(2 -1.63052e-15 0)
(2 -1.26998e-15 0)
(2 -9.74049e-16 0)
(2 -7.76566e-16 0)
(2 -6.96194e-16 0)
(2 -5.72386e-16 0)
(2 -4.41494e-16 0)
(2 -1.65329e-16 0)
(2 -4.11087e-17 0)
(2 -4.63714e-17 0)
(2 -9.09946e-17 0)
(2 1.57316e-16 0)
(2 2.50645e-16 0)
(2 4.54333e-16 0)
(2 6.88282e-16 0)
(2 4.98203e-16 0)
(2 2.93946e-16 0)
(2 -1.51422e-16 0)
(2 -6.51358e-16 0)
(2 -7.25842e-16 0)
(2 -7.77736e-16 0)
(2 -7.80193e-16 0)
(2 -5.7885e-16 0)
(2 -5.5984e-16 0)
(2 -6.01372e-16 0)
(2 -6.48731e-16 0)
(2 -6.70127e-16 0)
(2 -8.09452e-16 0)
(2 -1.02679e-15 0)
(2 -1.21209e-15 0)
(2 -1.53282e-15 0)
(2 -1.46543e-15 0)
(2 -1.34625e-15 0)
(2 -1.01825e-15 0)
(2 -7.52243e-16 0)
(2 -7.12116e-16 0)
(2 -7.92279e-16 0)
(2 -6.43335e-16 0)
(2 -4.38422e-16 0)
(2 -4.99892e-16 0)
(2 -5.97466e-16 0)
(2 -5.33174e-16 0)
(2 -4.65792e-16 0)
(2 -1.98235e-17 0)
(2 1.86349e-16 0)
(2 -5.36383e-16 0)
(2 -6.44615e-16 0)
(2 -9.14033e-16 0)
(2 -8.81384e-16 0)
(2 -6.97926e-16 0)
(2 -4.81122e-16 0)
(2 -2.97496e-16 0)
(2 -3.28657e-16 0)
(2 -5.10745e-16 0)
(2 -7.54427e-16 0)
(2 -8.70174e-16 0)
(2 -8.90414e-16 0)
(2 -1.02408e-15 0)
(2 -1.22853e-15 0)
(2 -1.42104e-15 0)
(2 -1.64604e-15 0)
(2 -1.83544e-15 0)
(2 -1.89403e-15 0)
(2 -2.14812e-15 0)
(2 -2.58791e-15 0)
(2 -3.50505e-15 0)
(2 -3.79746e-15 0)
(2 -3.78919e-15 0)
(2 -3.77079e-15 0)
(2 -3.28669e-15 0)
(2 -2.88799e-15 0)
(2 -2.58462e-15 0)
(2 -2.39006e-15 0)
(2 -2.1619e-15 0)
(2 -1.93704e-15 0)
(2 -1.82431e-15 0)
(2 -1.84398e-15 0)
(2 -1.95983e-15 0)
(2 -2.05803e-15 0)
(2 -1.91264e-15 0)
(2 -1.61404e-15 0)
(2 -1.59931e-15 0)
(2 -1.61412e-15 0)
(2 -1.61965e-15 0)
(2 -1.79169e-15 0)
(2 -1.71485e-15 0)
(2 -1.35276e-15 0)
(2 -2.73119e-16 0)
(2 2.04405e-16 0)
(2 1.19581e-16 0)
(2 4.32964e-16 0)
(2 7.02839e-16 0)
(2 1.10259e-15 0)
(2 1.34539e-15 0)
(2 1.40492e-15 0)
(2 1.4632e-15 0)
(2 1.19776e-15 0)
(2 1.02192e-15 0)
(2 9.47347e-16 0)
(2 9.31265e-16 0)
(2 1.13889e-15 0)
(2 1.26066e-15 0)
(2 1.18678e-15 0)
(2 9.46513e-16 0)
(2 7.67352e-16 0)
(2 5.97972e-16 0)
(2 -5.96304e-16 0)
(2 -1.58451e-15 0)
(2 -1.61503e-15 0)
(2 -1.40918e-15 0)
(2 -9.40762e-16 0)
(2 -7.30319e-16 0)
(2 -6.20313e-16 0)
(2 -7.39125e-16 0)
(2 -7.01524e-16 0)
(2 -9.33302e-16 0)
(2 -1.08663e-15 0)
(2 -1.41073e-15 0)
(2 -1.61208e-15 0)
(2 -1.85988e-15 0)
(2 -1.96982e-15 0)
(2 -1.99171e-15 0)
(2 -1.94033e-15 0)
(2 -1.85418e-15 0)
(2 -1.84779e-15 0)
(2 -2.01971e-15 0)
(2 -2.17883e-15 0)
(2 -2.20794e-15 0)
(2 -2.24439e-15 0)
(2 -2.47482e-15 0)
(2 -2.61374e-15 0)
(2 -2.04025e-15 0)
(2 -1.9416e-15 0)
(2 -1.97612e-15 0)
(2 -2.04697e-15 0)
(2 -2.07734e-15 0)
(2 -1.51402e-15 0)
(2 -1.1052e-15 0)
(2 -9.02005e-16 0)
(2 -6.3948e-16 0)
(2 1.64559e-17 0)
(2 2.4388e-16 0)
(2 1.92441e-16 0)
(2 2.76292e-16 0)
(2 5.44309e-16 0)
(2 8.77663e-16 0)
(2 7.98706e-16 0)
(2 5.00187e-16 0)
(2 4.39671e-16 0)
(2 4.70839e-16 0)
(2 3.58615e-16 0)
(2 3.29082e-16 0)
(2 2.42351e-16 0)
(2 1.00865e-16 0)
(2 2.28027e-16 0)
(2 3.43676e-16 0)
(2 -2.7502e-17 0)
(2 -9.02922e-16 0)
(2 -9.50311e-16 0)
(2 -9.28342e-16 0)
(2 -1.22902e-15 0)
(2 -1.46599e-15 0)
(2 -1.56755e-15 0)
(2 -1.35051e-15 0)
(2 -1.17714e-15 0)
(2 -9.58326e-16 0)
(2 -9.62696e-16 0)
(2 -1.07595e-15 0)
(2 -1.72168e-15 0)
(2 -1.75088e-15 0)
(2 -1.4364e-15 0)
(2 -8.34931e-16 0)
(2 -3.59413e-16 0)
(2 -2.49312e-16 0)
(2 3.08978e-16 0)
(2 8.39767e-16 0)
(2 1.16942e-15 0)
(2 -2.16288e-16 0)
(2 -4.79368e-16 0)
(2 -8.29304e-16 0)
(2 -7.4313e-16 0)
(2 -6.39162e-16 0)
(2 -1.01444e-15 0)
(2 -1.12124e-15 0)
(2 -1.41925e-15 0)
(2 -1.50669e-15 0)
(2 -1.46246e-15 0)
(2 -1.57155e-15 0)
(2 -1.68008e-15 0)
(2 -1.69322e-15 0)
(2 -1.70156e-15 0)
(2 -1.8048e-15 0)
(2 -2.16513e-15 0)
(2 -2.75248e-15 0)
(2 -3.30347e-15 0)
(2 -3.46848e-15 0)
(2 -3.40551e-15 0)
(2 -3.04885e-15 0)
(2 -2.58188e-15 0)
(2 -2.47785e-15 0)
(2 -2.51798e-15 0)
(2 -2.58944e-15 0)
(2 -2.66835e-15 0)
(2 -2.62333e-15 0)
(2 -2.4753e-15 0)
(2 -2.20613e-15 0)
(2 -1.83587e-15 0)
(2 -1.67805e-15 0)
(2 -1.62085e-15 0)
(2 -1.60359e-15 0)
(2 -1.70761e-15 0)
(2 -1.82295e-15 0)
(2 -1.97149e-15 0)
(2 -2.01114e-15 0)
(2 -2.227e-15 0)
(2 -2.38396e-15 0)
(2 -2.50006e-15 0)
(2 -2.57671e-15 0)
(2 -2.54482e-15 0)
(2 -2.49089e-15 0)
(2 -2.3397e-15 0)
(2 -2.33646e-15 0)
(2 -2.02673e-15 0)
(2 -1.6297e-15 0)
(2 -1.32627e-15 0)
(2 -1.24845e-15 0)
(2 -1.12521e-15 0)
(2 -9.55311e-16 0)
(2 -8.1112e-16 0)
(2 -5.45983e-16 0)
(2 -2.91929e-16 0)
(2 -1.60281e-16 0)
(2 -1.58797e-17 0)
(2 5.47483e-17 0)
(2 1.20778e-16 0)
(2 1.41087e-16 0)
(2 -1.47251e-16 0)
(2 -3.38477e-16 0)
(2 -4.54672e-16 0)
(2 -5.48234e-16 0)
(2 -5.76535e-16 0)
(2 -4.18949e-16 0)
(2 -1.32328e-16 0)
(2 -6.91536e-16 0)
(2 -6.70672e-16 0)
(2 -8.21233e-16 0)
(2 -1.32379e-15 0)
(2 -1.5561e-15 0)
(2 -1.59968e-15 0)
(2 -1.68983e-15 0)
(2 -1.70916e-15 0)
(2 -1.7286e-15 0)
(2 -1.76713e-15 0)
(2 -1.64872e-15 0)
(2 -1.37472e-15 0)
(2 -1.14514e-15 0)
(2 -8.71802e-16 0)
(2 -7.90821e-16 0)
(2 -8.03288e-16 0)
(2 -8.92441e-16 0)
(2 -8.14467e-16 0)
(2 -7.77461e-16 0)
(2 -5.20007e-16 0)
(2 -4.62192e-16 0)
(2 -5.45517e-16 0)
(2 -1.04776e-15 0)
(2 -1.17696e-15 0)
(2 -1.0557e-15 0)
(2 -1.09366e-15 0)
(2 -1.09457e-15 0)
(2 -9.86944e-16 0)
(2 -8.12145e-16 0)
(2 -4.69002e-16 0)
(2 -2.60077e-16 0)
(2 -7.18333e-17 0)
(2 1.48593e-16 0)
(2 5.42389e-16 0)
(2 7.00951e-16 0)
(2 5.86515e-16 0)
(2 4.69963e-16 0)
(2 4.5133e-16 0)
(2 6.61502e-16 0)
(2 8.00167e-16 0)
(2 1.31703e-15 0)
(2 2.02296e-15 0)
(2 2.41218e-15 0)
(2 1.92371e-15 0)
(2 1.54038e-15 0)
(2 1.29833e-15 0)
(2 2.61004e-16 0)
(2 8.2557e-18 0)
(2 -1.15765e-16 0)
(2 -2.07808e-17 0)
(2 -1.05943e-15 0)
(2 -1.34759e-15 0)
(2 -1.23914e-15 0)
(2 -1.33937e-15 0)
(2 -1.52315e-15 0)
(2 -2.29387e-15 0)
(2 -2.97686e-15 0)
(2 -3.41998e-15 0)
(2 -3.50592e-15 0)
(2 -3.22983e-15 0)
(2 -2.56435e-15 0)
(2 -1.80484e-15 0)
(2 -1.35163e-15 0)
(2 -3.32092e-16 0)
(2 4.81216e-17 0)
(2 5.72447e-17 0)
(2 -3.00649e-16 0)
(2 -4.01083e-16 0)
(2 -4.5974e-16 0)
(2 3.77165e-17 0)
(2 -1.6675e-16 0)
(2 -5.88301e-16 0)
(2 -6.29078e-16 0)
(2 -5.13671e-16 0)
(2 -6.24103e-16 0)
(2 -6.82236e-16 0)
(2 -7.28631e-16 0)
(2 -8.46479e-16 0)
(2 -1.04817e-15 0)
(2 -1.14941e-15 0)
(2 -1.31919e-15 0)
(2 -1.34689e-15 0)
(2 -1.40216e-15 0)
(2 -1.4683e-15 0)
(2 -1.48387e-15 0)
(2 -1.4278e-15 0)
(2 -1.31161e-15 0)
(2 -1.11036e-15 0)
(2 -1.22552e-15 0)
(2 -2.05837e-15 0)
(2 -2.53079e-15 0)
(2 -2.57446e-15 0)
(2 -2.53037e-15 0)
(2 -2.53264e-15 0)
(2 -2.52841e-15 0)
(2 -2.65978e-15 0)
(2 -2.71699e-15 0)
(2 -2.69803e-15 0)
(2 -2.54787e-15 0)
(2 -2.42357e-15 0)
(2 -2.26802e-15 0)
(2 -2.55951e-15 0)
(2 -3.07083e-15 0)
(2 -3.52573e-15 0)
(2 -3.66839e-15 0)
(2 -3.70254e-15 0)
(2 -3.61993e-15 0)
(2 -3.63275e-15 0)
(2 -3.9024e-15 0)
(2 -4.27955e-15 0)
(2 -4.62493e-15 0)
(2 -4.41227e-15 0)
(2 -3.97927e-15 0)
(2 -3.94449e-15 0)
(2 -4.1438e-15 0)
(2 -3.82772e-15 0)
(2 -3.63459e-15 0)
(2 -3.04659e-15 0)
(2 -1.93067e-15 0)
(2 -1.37574e-15 0)
(2 -1.28165e-15 0)
(2 -1.21818e-15 0)
(2 -1.32181e-15 0)
(2 -1.63879e-15 0)
(2 -2.43349e-15 0)
(2 -8.72217e-16 0)
(2 3.57596e-16 0)
(2 9.24547e-16 0)
(2 1.15669e-15 0)
(2 1.30267e-15 0)
(2 8.83276e-16 0)
(2 5.91104e-16 0)
(2 2.26842e-16 0)
(2 -3.03e-16 0)
(2 -5.40926e-16 0)
(2 -5.81774e-16 0)
(2 -5.87533e-16 0)
(2 -4.72506e-16 0)
(2 -3.6943e-16 0)
(2 -2.74804e-16 0)
(2 -1.87326e-16 0)
(2 -1.87175e-16 0)
(2 -2.26908e-16 0)
(2 -2.88362e-16 0)
(2 -3.27898e-16 0)
(2 -3.96821e-16 0)
(2 -8.64455e-16 0)
(2 -1.12904e-15 0)
(2 -1.1879e-15 0)
(2 -1.14402e-15 0)
(2 -1.0304e-15 0)
(2 -1.02386e-15 0)
(2 -1.09427e-15 0)
(2 -1.15072e-15 0)
(2 -1.00317e-15 0)
(2 -3.50393e-16 0)
(2 -5.65162e-17 0)
(2 9.46521e-17 0)
(2 -1.12955e-16 0)
(2 -9.40862e-17 0)
(2 -1.86376e-17 0)
(2 2.60198e-17 0)
(2 1.28923e-16 0)
(2 4.96119e-16 0)
(2 6.38568e-16 0)
(2 1.15875e-15 0)
(2 1.32695e-15 0)
(2 1.32585e-15 0)
(2 1.47094e-15 0)
(2 1.64458e-15 0)
(2 1.62251e-15 0)
(2 1.57623e-15 0)
(2 1.44577e-15 0)
(2 1.49262e-15 0)
(2 1.49862e-15 0)
(2 1.39594e-15 0)
(2 1.35059e-15 0)
(2 1.28349e-15 0)
(2 1.20502e-15 0)
(2 1.0099e-15 0)
(2 7.258e-16 0)
(2 3.4074e-16 0)
(2 2.01592e-16 0)
(2 -1.97392e-16 0)
(2 -3.79621e-16 0)
(2 -4.37786e-16 0)
(2 -4.91161e-16 0)
(2 -4.08981e-16 0)
(2 2.97912e-16 0)
(2 6.5159e-16 0)
(2 7.95831e-16 0)
(2 7.82332e-16 0)
(2 7.52403e-16 0)
(2 6.49997e-16 0)
(2 7.51926e-16 0)
(2 1.09679e-15 0)
(2 1.21534e-15 0)
(2 1.67544e-15 0)
(2 -2.56583e-16 0)
(2 -1.43757e-16 0)
(2 -2.06027e-17 0)
(2 -1.11615e-16 0)
(2 -2.0368e-16 0)
(2 -2.78645e-16 0)
(2 2.45558e-16 0)
(2 3.70157e-16 0)
(2 3.50437e-16 0)
(2 3.71084e-16 0)
(2 1.10816e-16 0)
(2 -3.14448e-16 0)
(2 -9.79647e-16 0)
(2 -1.25525e-15 0)
(2 -1.03267e-15 0)
(2 -4.3301e-16 0)
(2 -3.71506e-16 0)
(2 -3.84506e-16 0)
(2 -2.85243e-16 0)
(2 -1.2209e-15 0)
(2 -1.88172e-15 0)
(2 -2.17018e-15 0)
(2 -2.42963e-15 0)
(2 -2.40894e-15 0)
(2 -2.37465e-15 0)
(2 -2.50613e-15 0)
(2 -2.69072e-15 0)
(2 -2.82982e-15 0)
(2 -2.97254e-15 0)
(2 -3.01583e-15 0)
(2 -2.95192e-15 0)
(2 -2.799e-15 0)
(2 -2.50518e-15 0)
(2 -2.0774e-15 0)
(2 -1.83906e-15 0)
(2 -1.87303e-15 0)
(2 -2.08417e-15 0)
(2 -2.61851e-15 0)
(2 -2.88645e-15 0)
(2 -3.17576e-15 0)
(2 -3.4465e-15 0)
(2 -3.54822e-15 0)
(2 -3.70392e-15 0)
(2 -3.79706e-15 0)
(2 -3.94846e-15 0)
(2 -3.93523e-15 0)
(2 -3.83481e-15 0)
(2 -3.60105e-15 0)
(2 -3.52688e-15 0)
(2 -3.48429e-15 0)
(2 -3.12575e-15 0)
(2 -3.08892e-15 0)
(2 -2.95173e-15 0)
(2 -2.81087e-15 0)
(2 -2.67573e-15 0)
(2 -2.25232e-15 0)
(2 -1.23877e-15 0)
(2 -6.5819e-16 0)
(2 -6.14929e-16 0)
(2 -6.18539e-16 0)
(2 -3.57381e-16 0)
(2 -1.04843e-16 0)
(2 -1.23125e-16 0)
(2 -2.30069e-16 0)
(2 -1.94e-16 0)
(2 -4.25831e-18 0)
(2 9.1022e-17 0)
(2 3.951e-16 0)
(2 3.84865e-16 0)
(2 6.58093e-16 0)
(2 9.0034e-16 0)
(2 1.05584e-15 0)
(2 1.00348e-15 0)
(2 9.53646e-16 0)
(2 7.46395e-16 0)
(2 6.02947e-16 0)
(2 3.00537e-16 0)
(2 -1.7478e-16 0)
(2 -4.12342e-16 0)
(2 -6.11619e-16 0)
(2 -7.8245e-16 0)
(2 -1.09962e-15 0)
(2 -1.62199e-15 0)
(2 -1.74752e-15 0)
(2 -1.78519e-15 0)
(2 -1.7043e-15 0)
(2 -1.32234e-15 0)
(2 -1.16994e-15 0)
(2 -1.06861e-15 0)
(2 -8.5302e-16 0)
(2 -1.9751e-16 0)
(2 3.96989e-16 0)
(2 1.41618e-16 0)
(2 -5.30902e-17 0)
(2 3.02493e-16 0)
(2 5.8859e-16 0)
(2 1.12778e-15 0)
(2 1.49832e-15 0)
(2 1.55043e-15 0)
(2 1.36998e-15 0)
(2 1.43292e-15 0)
(2 1.67898e-15 0)
(2 1.74564e-15 0)
(2 1.72501e-15 0)
(2 1.41573e-15 0)
(2 8.24665e-16 0)
(2 5.78963e-16 0)
(2 2.68543e-16 0)
(2 -2.86928e-16 0)
(2 -3.27662e-16 0)
(2 -2.89427e-16 0)
(2 -1.09993e-16 0)
(2 1.63097e-18 0)
(2 1.48216e-16 0)
(2 2.59937e-16 0)
(2 3.09242e-16 0)
(2 4.46705e-16 0)
(2 1.82469e-16 0)
(2 9.97039e-17 0)
(2 8.64881e-17 0)
(2 2.62857e-16 0)
(2 6.52977e-16 0)
(2 8.03034e-16 0)
(2 9.36499e-16 0)
(2 1.01998e-15 0)
(2 1.455e-15 0)
(2 1.3029e-15 0)
(2 1.0739e-15 0)
(2 1.20848e-15 0)
(2 1.50228e-15 0)
(2 2.14436e-15 0)
(2 2.59011e-15 0)
(2 -8.17865e-16 0)
(2 -7.02036e-16 0)
(2 -4.57518e-16 0)
(2 -3.08161e-16 0)
(2 -8.88771e-17 0)
(2 -1.74536e-16 0)
(2 -3.7007e-16 0)
(2 -3.11771e-16 0)
(2 -4.54048e-16 0)
(2 -4.83194e-16 0)
(2 -4.83702e-16 0)
(2 -6.74512e-16 0)
(2 -1.01816e-15 0)
(2 -1.12654e-15 0)
(2 -9.86799e-16 0)
(2 -9.29436e-16 0)
(2 -9.89331e-16 0)
(2 -8.00498e-16 0)
(2 -5.69358e-16 0)
(2 -5.52829e-16 0)
(2 -6.83959e-16 0)
(2 -6.38469e-16 0)
(2 -6.41856e-16 0)
(2 -8.13284e-16 0)
(2 -9.18247e-16 0)
(2 -8.98085e-16 0)
(2 -8.71595e-16 0)
(2 -1.02855e-15 0)
(2 -1.00949e-15 0)
(2 -9.15244e-16 0)
(2 -6.89945e-16 0)
(2 -5.13143e-16 0)
(2 -2.2604e-16 0)
(2 -7.4479e-17 0)
(2 -9.8887e-17 0)
(2 1.45978e-17 0)
(2 7.52061e-16 0)
(2 3.66922e-16 0)
(2 -1.41373e-16 0)
(2 -1.23951e-15 0)
(2 -1.77522e-15 0)
(2 -2.22962e-15 0)
(2 -2.21797e-15 0)
(2 -2.14988e-15 0)
(2 -2.17553e-15 0)
(2 -2.19813e-15 0)
(2 -1.94603e-15 0)
(2 -1.9507e-15 0)
(2 -1.79532e-15 0)
(2 -1.29839e-15 0)
(2 -1.13296e-15 0)
(2 -1.30393e-15 0)
(2 -1.58522e-15 0)
(2 -1.88523e-15 0)
(2 -1.93516e-15 0)
(2 -1.86791e-15 0)
(2 -1.64487e-15 0)
(2 -6.33414e-16 0)
(2 -4.6623e-16 0)
(2 -3.65319e-16 0)
(2 -7.5041e-16 0)
(2 -1.27292e-15 0)
(2 -1.44029e-15 0)
(2 -1.50799e-15 0)
(2 -1.56866e-15 0)
(2 -1.34197e-15 0)
(2 -1.00785e-15 0)
(2 -8.09695e-16 0)
(2 -3.1245e-16 0)
(2 -4.03303e-17 0)
(2 3.77614e-17 0)
(2 -2.37196e-16 0)
(2 -6.33591e-16 0)
(2 -1.01198e-15 0)
(2 -1.20883e-15 0)
(2 -6.38744e-16 0)
(2 -2.78177e-16 0)
(2 -3.88961e-16 0)
(2 -1.01342e-15 0)
(2 -1.13229e-15 0)
(2 -1.68471e-15 0)
(2 -1.41342e-15 0)
(2 -1.39513e-15 0)
(2 -1.44289e-15 0)
(2 -1.67242e-15 0)
(2 -1.53947e-15 0)
(2 -1.53823e-15 0)
(2 -1.56788e-15 0)
(2 -1.65985e-15 0)
(2 -1.52914e-15 0)
(2 -1.39473e-15 0)
(2 -1.2438e-15 0)
(2 -5.43501e-16 0)
(2 -4.87612e-16 0)
(2 -1.75262e-16 0)
(2 -1.29172e-16 0)
(2 3.1491e-17 0)
(2 1.99279e-16 0)
(2 5.57887e-16 0)
(2 9.93202e-16 0)
(2 1.13918e-15 0)
(2 7.59257e-16 0)
(2 6.40425e-16 0)
(2 2.52612e-16 0)
(2 1.75607e-16 0)
(2 1.23373e-16 0)
(2 -1.89947e-17 0)
(2 -1.85843e-16 0)
(2 -4.59313e-16 0)
(2 -3.16274e-16 0)
(2 -1.90047e-16 0)
(2 -2.03871e-16 0)
(2 -1.75464e-16 0)
(2 -1.27852e-16 0)
(2 -2.40776e-17 0)
(2 -2.68016e-16 0)
(2 -4.94449e-16 0)
(2 -7.51526e-16 0)
(2 -5.63482e-16 0)
(2 -4.13223e-16 0)
(2 -2.56273e-16 0)
(2 4.3534e-17 0)
(2 1.80311e-16 0)
(2 5.50503e-16 0)
(2 1.27502e-15 0)
(2 1.56133e-15 0)
(2 1.62091e-15 0)
(2 1.23813e-15 0)
(2 1.16769e-15 0)
(2 1.16331e-15 0)
(2 1.06874e-15 0)
(2 9.98038e-16 0)
(2 -3.226e-16 0)
(2 -3.18155e-16 0)
(2 -3.95708e-16 0)
(2 -3.10523e-16 0)
(2 -1.2068e-16 0)
(2 1.13734e-16 0)
(2 -5.6198e-17 0)
(2 -4.29698e-16 0)
(2 -5.46683e-16 0)
(2 -5.62935e-16 0)
(2 -1.20505e-16 0)
(2 1.54632e-16 0)
(2 4.04275e-16 0)
(2 5.56631e-16 0)
(2 5.33432e-16 0)
(2 3.31959e-16 0)
(2 4.59721e-16 0)
(2 7.4378e-16 0)
(2 7.87416e-16 0)
(2 6.76684e-16 0)
(2 6.43073e-16 0)
(2 8.95824e-16 0)
(2 7.41141e-16 0)
(2 6.07668e-16 0)
(2 7.13353e-16 0)
(2 7.49125e-16 0)
(2 7.98977e-16 0)
(2 9.39899e-16 0)
(2 1.16844e-15 0)
(2 1.34321e-15 0)
(2 1.50206e-15 0)
(2 1.76348e-15 0)
(2 1.84878e-15 0)
(2 1.79539e-15 0)
(2 1.96209e-15 0)
(2 2.54329e-15 0)
(2 2.80816e-15 0)
(2 2.69988e-15 0)
(2 2.52008e-15 0)
(2 2.18388e-15 0)
(2 1.3519e-15 0)
(2 5.50421e-16 0)
(2 3.98707e-16 0)
(2 3.18783e-16 0)
(2 3.1882e-16 0)
(2 3.90638e-16 0)
(2 5.04994e-16 0)
(2 4.56783e-16 0)
(2 9.46814e-16 0)
(2 1.27498e-15 0)
(2 1.42127e-15 0)
(2 1.35293e-15 0)
(2 1.17146e-15 0)
(2 9.68584e-16 0)
(2 8.41979e-16 0)
(2 7.81456e-16 0)
(2 6.715e-16 0)
(2 4.91458e-16 0)
(2 1.29661e-16 0)
(2 3.06693e-17 0)
(2 1.46647e-16 0)
(2 2.03849e-16 0)
(2 1.63769e-16 0)
(2 1.56786e-16 0)
(2 8.07151e-17 0)
(2 1.3695e-17 0)
(2 -4.22033e-16 0)
(2 -4.74962e-16 0)
(2 -8.09396e-16 0)
(2 -1.00004e-15 0)
(2 -1.19079e-15 0)
(2 -1.11673e-15 0)
(2 -8.03837e-16 0)
(2 -6.66992e-16 0)
(2 -4.76488e-16 0)
(2 -1.00426e-15 0)
(2 -1.31325e-15 0)
(2 -1.3178e-15 0)
(2 -1.24885e-15 0)
(2 -1.30593e-15 0)
(2 -1.38277e-15 0)
(2 -1.30645e-15 0)
(2 -1.30467e-15 0)
(2 -1.51359e-15 0)
(2 -2.0238e-15 0)
(2 -2.2989e-15 0)
(2 -2.58172e-15 0)
(2 -2.78308e-15 0)
(2 -2.85058e-15 0)
(2 -2.5452e-15 0)
(2 -1.97669e-15 0)
(2 -1.5727e-15 0)
(2 -7.26189e-16 0)
(2 -1.85531e-17 0)
(2 4.29482e-16 0)
(2 3.99155e-16 0)
(2 3.48829e-16 0)
(2 2.63058e-16 0)
(2 2.18227e-16 0)
(2 5.9987e-16 0)
(2 8.17769e-16 0)
(2 1.07852e-15 0)
(2 1.26977e-15 0)
(2 1.2784e-15 0)
(2 1.20662e-15 0)
(2 1.17731e-15 0)
(2 1.1682e-15 0)
(2 1.12463e-15 0)
(2 1.13916e-15 0)
(2 1.16139e-15 0)
(2 8.69765e-16 0)
(2 4.17512e-16 0)
(2 3.06021e-16 0)
(2 2.62964e-16 0)
(2 1.99626e-16 0)
(2 8.68589e-17 0)
(2 -4.02667e-16 0)
(2 -6.49473e-16 0)
(2 -6.01469e-16 0)
(2 -7.33532e-16 0)
(2 -8.67718e-16 0)
(2 -8.88598e-16 0)
(2 -8.35653e-16 0)
(2 -5.12068e-16 0)
(2 -4.12738e-16 0)
(2 -3.29509e-16 0)
(2 8.24764e-17 0)
(2 3.21239e-16 0)
(2 3.45311e-16 0)
(2 3.33509e-16 0)
(2 2.90982e-16 0)
(2 2.27853e-16 0)
(2 -4.10473e-16 0)
(2 3.63998e-17 0)
(2 1.49354e-16 0)
(2 6.46253e-16 0)
(2 8.61008e-16 0)
(2 9.64988e-16 0)
(2 9.84424e-16 0)
(2 1.25254e-15 0)
(2 1.28841e-15 0)
(2 1.40731e-15 0)
(2 1.80766e-15 0)
(2 1.99304e-15 0)
(2 2.03453e-15 0)
(2 2.67114e-15 0)
(2 2.07909e-15 0)
(2 1.45548e-15 0)
(2 1.34848e-15 0)
(2 1.36126e-15 0)
(2 1.39714e-15 0)
(2 1.48301e-15 0)
(2 1.4796e-15 0)
(2 1.44936e-15 0)
(2 1.73449e-15 0)
(2 1.93451e-15 0)
(2 1.88069e-15 0)
(2 2.05242e-15 0)
(2 2.39129e-15 0)
(2 2.9861e-15 0)
(2 3.08473e-15 0)
(2 3.1135e-15 0)
(2 3.11699e-15 0)
(2 3.19361e-15 0)
(2 3.36142e-15 0)
(2 3.51907e-15 0)
(2 3.5536e-15 0)
(2 2.98387e-15 0)
(2 2.85034e-15 0)
(2 2.83246e-15 0)
(2 2.77468e-15 0)
(2 3.06012e-15 0)
(2 2.92257e-15 0)
(2 2.89841e-15 0)
(2 2.68989e-15 0)
(2 2.61258e-15 0)
(2 2.4845e-15 0)
(2 2.2989e-15 0)
(2 2.21783e-15 0)
(2 2.18311e-15 0)
(2 2.19361e-15 0)
(2 2.23696e-15 0)
(2 2.31586e-15 0)
(2 2.22638e-15 0)
(2 2.41383e-15 0)
(2 2.34195e-15 0)
(2 2.25084e-15 0)
(2 2.30919e-15 0)
(2 1.95305e-15 0)
(2 1.74683e-15 0)
(2 1.65732e-15 0)
(2 1.79584e-15 0)
(2 1.79285e-15 0)
(2 1.43358e-15 0)
(2 1.17255e-15 0)
(2 1.35268e-15 0)
(2 1.37213e-15 0)
(2 1.23228e-15 0)
(2 8.30724e-16 0)
(2 3.16736e-16 0)
(2 -5.06102e-16 0)
(2 -8.72341e-16 0)
(2 -9.9913e-16 0)
(2 -1.1081e-15 0)
(2 -8.01926e-16 0)
(2 -5.68078e-16 0)
(2 -4.29902e-16 0)
(2 -5.39062e-16 0)
(2 -4.30602e-16 0)
(2 -2.88949e-16 0)
(2 -5.95521e-17 0)
(2 7.63983e-16 0)
(2 1.41309e-15 0)
(2 1.52994e-15 0)
(2 1.17934e-15 0)
(2 3.6681e-16 0)
(2 -8.53401e-16 0)
(2 -1.04022e-15 0)
(2 -1.35286e-15 0)
(2 -1.54563e-15 0)
(2 -1.49933e-15 0)
(2 -1.32082e-15 0)
(2 -8.29512e-16 0)
(2 -5.30253e-16 0)
(2 -4.68112e-16 0)
(2 4.06408e-16 0)
(2 1.8807e-15 0)
(2 2.12911e-15 0)
(2 2.50318e-15 0)
(2 2.64379e-15 0)
(2 2.56332e-15 0)
(2 2.31969e-15 0)
(2 2.59826e-15 0)
(2 2.81387e-15 0)
(2 2.97121e-15 0)
(2 3.00863e-15 0)
(2 2.93653e-15 0)
(2 3.18485e-15 0)
(2 3.34558e-15 0)
(2 3.29486e-15 0)
(2 2.99613e-15 0)
(2 2.57756e-15 0)
(2 1.7567e-15 0)
(2 1.09283e-15 0)
(2 7.23e-16 0)
(2 5.4269e-16 0)
(2 4.86305e-16 0)
(2 5.66985e-16 0)
(2 3.64979e-16 0)
(2 1.05618e-16 0)
(2 -2.95132e-17 0)
(2 -3.6993e-16 0)
(2 -7.7281e-16 0)
(2 -7.6285e-16 0)
(2 -5.36786e-16 0)
(2 -5.0142e-16 0)
(2 -9.37205e-16 0)
(2 -9.46144e-16 0)
(2 -8.4512e-16 0)
(2 -6.25095e-16 0)
(2 -4.53839e-16 0)
(2 -4.1754e-16 0)
(2 -2.32395e-16 0)
(2 -8.27758e-17 0)
(2 -2.06942e-15 0)
(2 -2.44599e-15 0)
(2 -1.78338e-15 0)
(2 -7.7254e-16 0)
(2 -6.36721e-16 0)
(2 -5.81498e-16 0)
(2 -3.9457e-16 0)
(2 -2.51434e-17 0)
(2 2.19816e-16 0)
(2 3.73453e-16 0)
(2 5.02347e-16 0)
(2 6.10167e-16 0)
(2 6.18984e-16 0)
(2 5.30731e-16 0)
(2 4.69128e-16 0)
(2 3.483e-16 0)
(2 2.9517e-16 0)
(2 4.3832e-16 0)
(2 1.00225e-15 0)
(2 1.54033e-15 0)
(2 1.78516e-15 0)
(2 2.0451e-15 0)
(2 2.37814e-15 0)
(2 2.52029e-15 0)
(2 2.44747e-15 0)
(2 2.36422e-15 0)
(2 2.38107e-15 0)
(2 2.7108e-15 0)
(2 2.89591e-15 0)
(2 2.81391e-15 0)
(2 2.7897e-15 0)
(2 2.40008e-15 0)
(2 2.02709e-15 0)
(2 1.59043e-15 0)
(2 1.30014e-15 0)
(2 1.2552e-15 0)
(2 1.20842e-15 0)
(2 1.36564e-15 0)
(2 1.4756e-15 0)
(2 1.61954e-15 0)
(2 1.77631e-15 0)
(2 1.80144e-15 0)
(2 1.77881e-15 0)
(2 1.87364e-15 0)
(2 2.88855e-15 0)
(2 4.02108e-15 0)
(2 4.09715e-15 0)
(2 4.13455e-15 0)
(2 3.71691e-15 0)
(2 3.41234e-15 0)
(2 3.50217e-15 0)
(2 3.04959e-15 0)
(2 2.49814e-15 0)
(2 1.96537e-15 0)
(2 1.47696e-15 0)
(2 1.37948e-15 0)
(2 1.28054e-15 0)
(2 1.24578e-15 0)
(2 1.16926e-15 0)
(2 1.2102e-15 0)
(2 1.22759e-15 0)
(2 1.12178e-15 0)
(2 9.59111e-16 0)
(2 7.50152e-16 0)
(2 6.21135e-16 0)
(2 5.3362e-16 0)
(2 -1.95396e-16 0)
(2 -5.46371e-16 0)
(2 -5.98728e-16 0)
(2 -5.03992e-16 0)
(2 -5.33611e-16 0)
(2 -1.98395e-16 0)
(2 9.90833e-17 0)
(2 3.81001e-16 0)
(2 5.0952e-16 0)
(2 5.16308e-16 0)
(2 7.00975e-16 0)
(2 7.03349e-16 0)
(2 5.6636e-16 0)
(2 9.47492e-16 0)
(2 1.23618e-15 0)
(2 1.38936e-15 0)
(2 1.41928e-15 0)
(2 1.23114e-15 0)
(2 7.91499e-16 0)
(2 6.58862e-16 0)
(2 2.80007e-16 0)
(2 -6.31629e-17 0)
(2 1.17234e-17 0)
(2 1.27495e-16 0)
(2 1.48606e-16 0)
(2 1.40695e-16 0)
(2 1.3086e-16 0)
(2 2.4463e-16 0)
(2 2.5847e-16 0)
(2 6.03834e-16 0)
(2 1.14266e-15 0)
(2 1.31459e-15 0)
(2 1.70323e-15 0)
(2 1.97151e-15 0)
(2 2.36045e-15 0)
(2 2.72424e-15 0)
(2 2.14268e-15 0)
(2 1.43019e-15 0)
(2 1.25713e-15 0)
(2 1.12275e-15 0)
(2 1.02547e-15 0)
(2 1.12293e-15 0)
(2 1.2309e-15 0)
(2 1.09917e-15 0)
(2 7.51648e-16 0)
(2 4.07784e-16 0)
(2 -7.37094e-17 0)
(2 -5.11598e-16 0)
(2 -4.44339e-16 0)
(2 1.8608e-17 0)
(2 6.59942e-16 0)
(2 9.07089e-16 0)
(2 1.24693e-15 0)
(2 1.24577e-15 0)
(2 1.53136e-15 0)
(2 1.66787e-15 0)
(2 1.4424e-15 0)
(2 1.11055e-15 0)
(2 1.04284e-15 0)
(2 6.81009e-16 0)
(2 7.08365e-17 0)
(2 -1.16899e-17 0)
(2 -4.26006e-16 0)
(2 -5.5607e-16 0)
(2 -6.32986e-16 0)
(2 -5.85878e-16 0)
(2 -2.51715e-15 0)
(2 -2.31873e-15 0)
(2 -1.73684e-15 0)
(2 -1.41137e-15 0)
(2 -9.67601e-16 0)
(2 -9.53236e-16 0)
(2 -1.17393e-15 0)
(2 -1.15197e-15 0)
(2 -1.00498e-15 0)
(2 -8.85475e-16 0)
(2 -6.11893e-16 0)
(2 -4.69546e-16 0)
(2 -3.07733e-17 0)
(2 1.16052e-16 0)
(2 -1.47793e-16 0)
(2 9.45433e-18 0)
(2 6.38613e-16 0)
(2 9.75356e-16 0)
(2 9.30499e-16 0)
(2 1.33822e-15 0)
(2 1.55383e-15 0)
(2 1.56934e-15 0)
(2 1.47992e-15 0)
(2 9.76039e-16 0)
(2 9.98448e-16 0)
(2 6.69722e-16 0)
(2 2.64668e-16 0)
(2 1.10724e-16 0)
(2 5.14427e-16 0)
(2 9.14413e-16 0)
(2 1.18293e-15 0)
(2 1.17374e-15 0)
(2 1.38774e-15 0)
(2 1.30684e-15 0)
(2 1.16675e-15 0)
(2 5.0372e-16 0)
(2 2.46941e-16 0)
(2 4.37041e-16 0)
(2 1.22844e-15 0)
(2 1.75027e-15 0)
(2 1.96685e-15 0)
(2 2.2733e-15 0)
(2 2.29312e-15 0)
(2 1.98553e-15 0)
(2 1.91215e-15 0)
(2 2.24533e-15 0)
(2 2.38122e-15 0)
(2 2.42138e-15 0)
(2 2.67936e-15 0)
(2 2.76532e-15 0)
(2 2.79681e-15 0)
(2 2.58817e-15 0)
(2 1.65727e-15 0)
(2 1.18544e-15 0)
(2 1.4273e-15 0)
(2 1.54246e-15 0)
(2 1.57062e-15 0)
(2 1.39952e-15 0)
(2 1.2913e-15 0)
(2 1.17449e-15 0)
(2 1.08331e-15 0)
(2 1.09339e-15 0)
(2 1.15132e-15 0)
(2 1.10048e-15 0)
(2 9.80254e-16 0)
(2 1.00727e-15 0)
(2 1.13078e-15 0)
(2 1.1141e-15 0)
(2 1.21664e-15 0)
(2 1.22213e-15 0)
(2 8.89002e-16 0)
(2 8.02807e-16 0)
(2 1.31864e-15 0)
(2 1.90437e-15 0)
(2 2.07204e-15 0)
(2 2.42003e-15 0)
(2 2.43024e-15 0)
(2 2.36597e-15 0)
(2 2.28942e-15 0)
(2 2.06592e-15 0)
(2 1.81965e-15 0)
(2 1.6733e-15 0)
(2 1.45236e-15 0)
(2 1.15446e-15 0)
(2 1.12389e-15 0)
(2 1.14825e-15 0)
(2 1.06525e-15 0)
(2 6.00479e-16 0)
(2 4.21674e-16 0)
(2 3.4357e-16 0)
(2 3.27361e-16 0)
(2 1.39826e-16 0)
(2 -1.15025e-16 0)
(2 1.26312e-16 0)
(2 4.09608e-16 0)
(2 8.66444e-16 0)
(2 1.81295e-15 0)
(2 2.31731e-15 0)
(2 2.30226e-15 0)
(2 1.73191e-15 0)
(2 1.22114e-15 0)
(2 1.07391e-15 0)
(2 2.93757e-16 0)
(2 -3.2793e-16 0)
(2 -3.62442e-16 0)
(2 -2.9887e-16 0)
(2 -3.835e-16 0)
(2 -4.41421e-16 0)
(2 -4.27792e-16 0)
(2 1.43747e-16 0)
(2 4.96701e-16 0)
(2 8.91849e-16 0)
(2 9.82245e-16 0)
(2 9.60311e-16 0)
(2 1.06355e-15 0)
(2 1.47778e-15 0)
(2 1.9052e-15 0)
(2 2.12148e-15 0)
(2 2.26749e-15 0)
(2 2.14941e-15 0)
(2 1.8641e-15 0)
(2 1.66263e-15 0)
(2 1.26291e-15 0)
(2 1.91901e-16 0)
(2 1.83573e-16 0)
(2 4.00702e-16 0)
(2 5.25617e-16 0)
(2 3.4062e-16 0)
(2 2.42263e-16 0)
(2 2.78264e-16 0)
(2 4.3822e-16 0)
(2 6.40519e-16 0)
(2 4.71692e-16 0)
(2 4.96728e-16 0)
(2 3.55779e-17 0)
(2 -2.06656e-16 0)
(2 -8.66063e-18 0)
(2 -4.66799e-16 0)
(2 -6.32983e-16 0)
(2 -8.76113e-16 0)
(2 -9.3681e-16 0)
(2 -9.16219e-16 0)
(2 -4.53707e-16 0)
(2 1.06334e-16 0)
(2 3.46887e-16 0)
(2 4.1123e-16 0)
(2 3.79633e-16 0)
(2 2.06761e-16 0)
(2 1.53193e-16 0)
(2 9.61372e-17 0)
(2 1.86744e-16 0)
(2 9.95267e-17 0)
(2 -2.48922e-16 0)
(2 -2.88725e-16 0)
(2 -3.80674e-17 0)
(2 9.38896e-17 0)
(2 6.13877e-17 0)
(2 5.32002e-17 0)
(2 -7.0321e-18 0)
(2 4.92418e-17 0)
(2 7.93589e-17 0)
(2 2.54738e-16 0)
(2 3.50575e-16 0)
(2 4.48562e-16 0)
(2 4.50011e-16 0)
(2 4.78767e-16 0)
(2 1.22339e-15 0)
(2 1.93866e-15 0)
(2 1.92201e-15 0)
(2 1.81115e-15 0)
(2 1.64947e-15 0)
(2 1.55975e-15 0)
(2 1.55776e-15 0)
(2 1.57953e-15 0)
(2 1.48194e-15 0)
(2 1.40675e-15 0)
(2 1.21634e-15 0)
(2 6.21318e-16 0)
(2 -1.19783e-17 0)
(2 -2.41894e-16 0)
(2 -5.29937e-16 0)
(2 -9.09485e-16 0)
(2 -1.69416e-15 0)
(2 -3.53026e-16 0)
(2 6.18022e-16 0)
(2 6.99098e-16 0)
(2 1.07499e-15 0)
(2 1.17093e-15 0)
(2 1.04833e-15 0)
(2 7.66025e-16 0)
(2 5.01192e-16 0)
(2 4.98165e-16 0)
(2 3.4029e-16 0)
(2 4.99347e-16 0)
(2 6.37603e-16 0)
(2 7.0844e-16 0)
(2 8.24667e-16 0)
(2 9.36805e-16 0)
(2 1.2442e-15 0)
(2 1.53379e-15 0)
(2 1.92056e-15 0)
(2 2.28143e-15 0)
(2 2.56687e-15 0)
(2 2.69096e-15 0)
(2 2.61873e-15 0)
(2 2.69739e-15 0)
(2 3.13066e-15 0)
(2 2.06518e-15 0)
(2 1.40002e-15 0)
(2 1.03132e-15 0)
(2 9.74587e-16 0)
(2 8.07379e-16 0)
(2 2.68758e-16 0)
(2 -9.11099e-17 0)
(2 -6.33001e-16 0)
(2 -8.63087e-16 0)
(2 -1.07952e-15 0)
(2 -1.23911e-15 0)
(2 -1.01815e-15 0)
(2 1.17082e-17 0)
(2 3.82768e-16 0)
(2 4.22767e-16 0)
(2 4.8623e-16 0)
(2 4.30813e-16 0)
(2 3.14758e-16 0)
(2 2.46001e-16 0)
(2 1.28656e-16 0)
(2 -8.57228e-17 0)
(2 -4.47402e-16 0)
(2 -3.63186e-16 0)
(2 -1.83259e-16 0)
(2 -6.16268e-17 0)
(2 -2.79209e-16 0)
(2 -3.65426e-16 0)
(2 -9.0494e-16 0)
(2 -1.288e-15 0)
(2 -1.53629e-15 0)
(2 -1.51476e-15 0)
(2 -1.29163e-15 0)
(2 -1.13059e-15 0)
(2 -1.04376e-15 0)
(2 -9.38829e-16 0)
(2 -7.70588e-16 0)
(2 2.75219e-17 0)
(2 7.74014e-16 0)
(2 8.08074e-16 0)
(2 6.23531e-16 0)
(2 2.46023e-16 0)
(2 3.60447e-16 0)
(2 8.63198e-16 0)
(2 9.74173e-16 0)
(2 1.66828e-16 0)
(2 -2.13003e-16 0)
(2 -3.75092e-16 0)
(2 -4.8961e-16 0)
(2 -4.93905e-16 0)
(2 -4.43574e-16 0)
(2 -3.35478e-16 0)
(2 -1.93308e-16 0)
(2 -8.2137e-17 0)
(2 -3.37716e-17 0)
(2 -5.82897e-17 0)
(2 2.38501e-16 0)
(2 3.85535e-16 0)
(2 1.86944e-15 0)
(2 1.83495e-15 0)
(2 1.73719e-15 0)
(2 1.1958e-15 0)
(2 1.12356e-15 0)
(2 8.97417e-16 0)
(2 5.18798e-16 0)
(2 3.81311e-16 0)
(2 4.7979e-16 0)
(2 2.04277e-16 0)
(2 -3.49084e-16 0)
(2 -9.50072e-16 0)
(2 -1.27793e-15 0)
(2 -7.97094e-16 0)
(2 -6.40724e-16 0)
(2 -1.97481e-16 0)
(2 -2.29903e-18 0)
(2 -1.39448e-16 0)
(2 -4.98381e-16 0)
(2 -8.18189e-16 0)
(2 -9.77429e-16 0)
(2 -7.26302e-16 0)
(2 -2.18803e-16 0)
(2 2.25508e-17 0)
(2 3.60928e-16 0)
(2 1.06532e-15 0)
(2 1.24656e-15 0)
(2 1.46749e-15 0)
(2 1.02912e-15 0)
(2 7.14086e-16 0)
(2 5.45994e-16 0)
(2 6.61518e-16 0)
(2 6.79939e-16 0)
(2 9.55191e-16 0)
(2 1.17022e-15 0)
(2 1.18931e-15 0)
(2 1.31792e-15 0)
(2 1.44937e-15 0)
(2 1.23548e-15 0)
(2 1.08596e-15 0)
(2 1.03441e-15 0)
(2 9.98524e-16 0)
(2 1.27974e-15 0)
(2 1.49279e-15 0)
(2 1.59761e-15 0)
(2 1.37858e-15 0)
(2 9.44849e-16 0)
(2 5.82538e-16 0)
(2 -4.19577e-16 0)
(2 -1.23874e-15 0)
(2 -1.27971e-15 0)
(2 -1.21626e-15 0)
(2 -7.34078e-16 0)
(2 -7.72952e-17 0)
(2 1.70158e-18 0)
(2 5.12019e-18 0)
(2 -5.50391e-17 0)
(2 -8.46136e-17 0)
(2 -3.3704e-16 0)
(2 -7.44136e-16 0)
(2 -8.35044e-16 0)
(2 -7.62129e-16 0)
(2 -7.16178e-16 0)
(2 -7.40833e-16 0)
(2 -6.93423e-16 0)
(2 -6.90573e-16 0)
(2 -8.83939e-16 0)
(2 -9.33728e-16 0)
(2 -9.19105e-16 0)
(2 -8.06392e-16 0)
(2 -5.90304e-16 0)
(2 -5.63485e-16 0)
(2 -6.46304e-16 0)
(2 -7.96641e-16 0)
(2 -6.83485e-16 0)
(2 -9.35452e-16 0)
(2 -1.53695e-15 0)
(2 -1.55494e-15 0)
(2 -2.112e-15 0)
(2 -2.20037e-15 0)
(2 -2.19927e-15 0)
(2 -2.22805e-15 0)
(2 -2.34963e-15 0)
(2 -2.09598e-15 0)
(2 -1.94216e-15 0)
(2 -1.95973e-15 0)
(2 -2.16115e-15 0)
(2 -1.30423e-15 0)
(2 5.59811e-18 0)
(2 1.68536e-16 0)
(2 2.66999e-16 0)
(2 5.14511e-16 0)
(2 7.78572e-16 0)
(2 8.60541e-16 0)
(2 9.81723e-16 0)
(2 1.0887e-15 0)
(2 4.60836e-16 0)
(2 -5.36024e-16 0)
(2 -7.04723e-16 0)
(2 -9.50213e-16 0)
(2 -1.18069e-15 0)
(2 -1.25361e-15 0)
(2 -1.18395e-15 0)
(2 -1.08482e-15 0)
(2 -1.95522e-15 0)
(2 -2.41574e-15 0)
(2 -2.5706e-15 0)
(2 -2.4228e-15 0)
(2 -2.00687e-15 0)
(2 -1.4286e-15 0)
(2 -1.21318e-15 0)
(2 -6.04809e-16 0)
(2 -4.53591e-16 0)
(2 -7.75121e-17 0)
(2 4.00462e-16 0)
(2 6.02232e-16 0)
(2 6.32307e-16 0)
(2 5.85356e-16 0)
(2 1.27258e-16 0)
(2 -1.57054e-16 0)
(2 -7.02812e-16 0)
(2 -1.42654e-15 0)
(2 -1.48464e-15 0)
(2 -1.39369e-15 0)
(2 -1.29109e-15 0)
(2 -1.27607e-15 0)
(2 -1.14104e-15 0)
(2 -9.6859e-16 0)
(2 -6.78816e-16 0)
(2 -4.2947e-16 0)
(2 -1.78279e-17 0)
(2 3.1415e-16 0)
(2 1.21376e-15 0)
(2 1.38856e-15 0)
(2 1.72629e-15 0)
(2 1.73464e-15 0)
(2 1.69461e-15 0)
(2 1.77125e-15 0)
(2 1.7948e-15 0)
(2 1.74814e-15 0)
(2 1.16106e-15 0)
(2 1.1297e-15 0)
(2 8.3035e-16 0)
(2 3.24514e-16 0)
(2 2.17221e-16 0)
(2 2.82793e-16 0)
(2 4.63561e-16 0)
(2 7.9384e-16 0)
(2 1.25118e-15 0)
(2 1.4498e-15 0)
(2 1.6041e-15 0)
(2 1.79935e-15 0)
(2 1.86479e-15 0)
(2 1.59279e-15 0)
(2 9.67903e-16 0)
(2 9.44577e-16 0)
(2 1.54258e-15 0)
(2 1.9664e-15 0)
(2 1.94279e-15 0)
(2 1.69074e-15 0)
(2 1.48587e-15 0)
(2 1.31654e-15 0)
(2 1.17202e-15 0)
(2 1.04957e-15 0)
(2 8.65661e-16 0)
(2 6.58527e-16 0)
(2 1.42832e-16 0)
(2 -1.12077e-16 0)
(2 -1.46787e-16 0)
(2 -1.91686e-16 0)
(2 -7.95704e-17 0)
(2 3.68937e-16 0)
(2 4.04832e-16 0)
(2 2.89972e-16 0)
(2 1.73028e-16 0)
(2 4.33807e-17 0)
(2 -2.77118e-16 0)
(2 -3.59372e-16 0)
(2 -2.24479e-16 0)
(2 -3.54267e-16 0)
(2 -3.64783e-16 0)
(2 -1.64774e-16 0)
(2 -1.8269e-16 0)
(2 -3.58119e-16 0)
(2 -2.93496e-16 0)
(2 9.68638e-18 0)
(2 4.78887e-16 0)
(2 7.22814e-16 0)
(2 8.43472e-16 0)
(2 7.96809e-16 0)
(2 5.27841e-16 0)
(2 3.41345e-16 0)
(2 1.21275e-16 0)
(2 -1.34789e-16 0)
(2 -2.08706e-16 0)
(2 -3.87994e-16 0)
(2 -7.41977e-16 0)
(2 -1.091e-15 0)
(2 -1.47034e-15 0)
(2 -1.96849e-15 0)
(2 -2.13665e-15 0)
(2 -2.1482e-15 0)
(2 -2.28658e-15 0)
(2 -2.88135e-15 0)
(2 -2.86906e-15 0)
(2 -2.79114e-15 0)
(2 -2.91394e-15 0)
(2 -1.90891e-15 0)
(2 -1.97022e-15 0)
(2 -2.27629e-15 0)
(2 -2.43969e-15 0)
(2 -2.63006e-15 0)
(2 -2.91225e-15 0)
(2 -3.02142e-15 0)
(2 -1.90313e-15 0)
(2 -1.15375e-15 0)
(2 -4.45417e-16 0)
(2 -1.88657e-16 0)
(2 5.90011e-18 0)
(2 2.29318e-16 0)
(2 2.94418e-16 0)
(2 3.71078e-16 0)
(2 4.08913e-16 0)
(2 6.65455e-16 0)
(2 1.10924e-15 0)
(2 1.35858e-15 0)
(2 1.08801e-15 0)
(2 7.08061e-16 0)
(2 2.30975e-16 0)
(2 3.12157e-16 0)
(2 2.66489e-16 0)
(2 -6.59618e-18 0)
(2 -1.39492e-16 0)
(2 1.65453e-17 0)
(2 3.35358e-16 0)
(2 6.94989e-16 0)
(2 9.52431e-16 0)
(2 1.19055e-15 0)
(2 1.19917e-15 0)
(2 1.20995e-15 0)
(2 1.0756e-15 0)
(2 1.22057e-15 0)
(2 1.65789e-15 0)
(2 2.21025e-15 0)
(2 2.32083e-15 0)
(2 2.23731e-15 0)
(2 2.15698e-15 0)
(2 2.13871e-15 0)
(2 1.97313e-15 0)
(2 1.70476e-15 0)
(2 1.52498e-15 0)
(2 1.58963e-15 0)
(2 1.43661e-15 0)
(2 1.53743e-15 0)
(2 9.45317e-16 0)
(2 6.20496e-16 0)
(2 8.49671e-16 0)
(2 1.00079e-15 0)
(2 1.10172e-15 0)
(2 1.02741e-15 0)
(2 9.93297e-16 0)
(2 1.05722e-15 0)
(2 1.16952e-15 0)
(2 1.1504e-15 0)
(2 -6.17471e-16 0)
(2 -5.75991e-16 0)
(2 -4.43812e-16 0)
(2 -2.20238e-16 0)
(2 -1.0844e-16 0)
(2 -1.54169e-16 0)
(2 -2.8728e-16 0)
(2 -3.77187e-16 0)
(2 -3.73609e-16 0)
(2 -2.97612e-16 0)
(2 -2.87124e-16 0)
(2 -2.29339e-16 0)
(2 -8.13751e-17 0)
(2 7.49575e-17 0)
(2 4.39116e-16 0)
(2 7.86123e-16 0)
(2 7.88203e-16 0)
(2 6.7988e-16 0)
(2 5.47811e-16 0)
(2 4.31386e-16 0)
(2 2.97434e-16 0)
(2 1.83776e-16 0)
(2 2.25846e-16 0)
(2 4.09909e-16 0)
(2 6.13739e-16 0)
(2 7.68772e-16 0)
(2 8.1145e-16 0)
(2 1.0233e-15 0)
(2 1.2127e-15 0)
(2 1.05745e-15 0)
(2 5.11066e-16 0)
(2 -3.08911e-17 0)
(2 -1.51454e-16 0)
(2 -2.93712e-16 0)
(2 -6.07469e-16 0)
(2 -1.31918e-15 0)
(2 -1.54161e-15 0)
(2 -1.39435e-15 0)
(2 -1.30999e-15 0)
(2 -8.82149e-16 0)
(2 -9.58045e-16 0)
(2 -9.72237e-16 0)
(2 -4.65654e-16 0)
(2 -8.1261e-16 0)
(2 -1.07758e-15 0)
(2 -1.19039e-15 0)
(2 -1.25261e-15 0)
(2 -1.19093e-15 0)
(2 -1.39694e-15 0)
(2 -1.05554e-15 0)
(2 -6.48614e-16 0)
(2 -6.84778e-16 0)
(2 -6.7044e-16 0)
(2 -9.69628e-16 0)
(2 -1.27912e-15 0)
(2 -1.19513e-15 0)
(2 -1.155e-15 0)
(2 -9.92119e-16 0)
(2 -9.63831e-16 0)
(2 -1.34754e-15 0)
(2 -1.65941e-15 0)
(2 -1.70538e-15 0)
(2 -1.85525e-15 0)
(2 -2.08762e-15 0)
(2 -2.28451e-15 0)
(2 -2.62106e-15 0)
(2 -2.84299e-15 0)
(2 -2.95294e-15 0)
(2 -2.91907e-15 0)
(2 -2.87407e-15 0)
(2 -4.02857e-15 0)
(2 -5.01273e-15 0)
(2 -5.30256e-15 0)
(2 -5.23331e-15 0)
(2 -5.13835e-15 0)
(2 -6.17406e-15 0)
(2 -5.23302e-15 0)
(2 -4.14642e-15 0)
(2 -3.25433e-15 0)
(2 -3.22951e-15 0)
(2 -3.32654e-15 0)
(2 -3.29313e-15 0)
(2 -3.1112e-15 0)
(2 -2.70262e-15 0)
(2 -1.72468e-15 0)
(2 -1.39625e-15 0)
(2 -9.57109e-16 0)
(2 -7.89707e-16 0)
(2 -6.79932e-16 0)
(2 -4.0644e-16 0)
(2 -3.4405e-16 0)
(2 -6.6256e-16 0)
(2 -1.21453e-15 0)
(2 -1.766e-15 0)
(2 -1.99591e-15 0)
(2 -1.86463e-15 0)
(2 -1.7304e-15 0)
(2 -1.70074e-15 0)
(2 -1.32891e-15 0)
(2 -1.15587e-15 0)
(2 -8.92415e-16 0)
(2 -6.32947e-16 0)
(2 -5.1232e-16 0)
(2 7.76695e-17 0)
(2 4.6923e-16 0)
(2 8.75524e-16 0)
(2 8.9109e-16 0)
(2 6.37158e-16 0)
(2 2.6938e-16 0)
(2 1.89074e-16 0)
(2 -8.43775e-17 0)
(2 -5.75467e-16 0)
(2 -6.25328e-16 0)
(2 -1.03812e-16 0)
(2 -3.14656e-16 0)
(2 -1.20074e-16 0)
(2 -8.31577e-18 0)
(2 1.81769e-16 0)
(2 3.29951e-16 0)
(2 4.13883e-16 0)
(2 5.73237e-16 0)
(2 1.02005e-15 0)
(2 1.70763e-15 0)
(2 1.8105e-15 0)
(2 2.19021e-15 0)
(2 2.13918e-15 0)
(2 2.13687e-15 0)
(2 1.9173e-15 0)
(2 1.649e-15 0)
(2 1.17716e-15 0)
(2 7.92176e-16 0)
(2 5.25349e-16 0)
(2 -2.52134e-16 0)
(2 -6.87351e-16 0)
(2 -1.52574e-15 0)
(2 -2.23185e-15 0)
(2 -2.45188e-15 0)
(2 -2.62514e-15 0)
(2 -2.81447e-15 0)
(2 -2.62949e-15 0)
(2 -2.46909e-15 0)
(2 -1.897e-15 0)
(2 -1.28532e-15 0)
(2 -1.13921e-15 0)
(2 -9.09105e-16 0)
(2 -6.94333e-16 0)
(2 -7.14926e-16 0)
(2 -8.28329e-16 0)
(2 -9.21255e-16 0)
(2 -8.97272e-16 0)
(2 -8.71135e-16 0)
(2 -9.72432e-16 0)
(2 -1.26617e-15 0)
(2 -1.41057e-15 0)
(2 -1.54498e-16 0)
(2 1.21968e-15 0)
(2 1.39015e-15 0)
(2 1.30238e-15 0)
(2 4.03698e-16 0)
(2 6.18033e-17 0)
(2 -2.36487e-16 0)
(2 -8.16494e-16 0)
(2 -1.50687e-15 0)
(2 -1.77049e-15 0)
(2 -1.83374e-15 0)
(2 -2.07048e-15 0)
(2 -2.207e-15 0)
(2 -2.42106e-15 0)
(2 -2.35743e-15 0)
(2 -2.22175e-15 0)
(2 -1.99367e-15 0)
(2 -1.93852e-15 0)
(2 -1.96645e-15 0)
(2 -1.96874e-15 0)
(2 -1.82627e-15 0)
(2 -1.60965e-15 0)
(2 -1.56359e-15 0)
(2 -1.59117e-15 0)
(2 -1.93218e-15 0)
(2 -2.49485e-15 0)
(2 -2.58229e-15 0)
(2 -2.34111e-15 0)
(2 -2.39351e-15 0)
(2 -2.52853e-15 0)
(2 -2.66911e-15 0)
(2 -2.77836e-15 0)
(2 -3.17215e-15 0)
(2 -3.59709e-15 0)
(2 -3.75608e-15 0)
(2 -4.19943e-15 0)
(2 -4.36056e-15 0)
(2 -3.84541e-15 0)
(2 -3.41691e-15 0)
(2 -2.9005e-15 0)
(2 -2.74202e-15 0)
(2 -2.51497e-15 0)
(2 -2.34382e-15 0)
(2 -2.21256e-15 0)
(2 -2.01852e-15 0)
(2 -1.98303e-15 0)
(2 -2.57902e-15 0)
(2 -4.19996e-15 0)
(2 -5.05881e-15 0)
(2 -5.85855e-15 0)
(2 -6.49104e-15 0)
(2 -6.63598e-15 0)
(2 -6.57164e-15 0)
(2 -6.32656e-15 0)
(2 -6.03626e-15 0)
(2 -5.91908e-15 0)
(2 -5.79171e-15 0)
(2 -5.55867e-15 0)
(2 -5.12186e-15 0)
(2 -4.92155e-15 0)
(2 -4.88851e-15 0)
(2 -4.86085e-15 0)
(2 -4.66218e-15 0)
(2 -4.38532e-15 0)
(2 -4.09936e-15 0)
(2 -3.79106e-15 0)
(2 -3.83213e-15 0)
(2 -3.92065e-15 0)
(2 -4.17721e-15 0)
(2 -4.55358e-15 0)
(2 -4.77658e-15 0)
(2 -4.83825e-15 0)
(2 -4.53979e-15 0)
(2 -4.2796e-15 0)
(2 -4.09327e-15 0)
(2 -3.55328e-15 0)
(2 -3.37593e-15 0)
(2 -3.13295e-15 0)
(2 -2.82008e-15 0)
(2 -2.46187e-15 0)
(2 -1.97449e-15 0)
(2 -1.70965e-15 0)
(2 -1.57219e-15 0)
(2 -1.62642e-15 0)
(2 -1.75834e-15 0)
(2 -1.92084e-15 0)
(2 -1.88424e-15 0)
(2 -2.14273e-15 0)
(2 -2.3969e-15 0)
(2 -2.50315e-15 0)
(2 -2.78017e-15 0)
(2 -2.04093e-15 0)
(2 -1.42916e-15 0)
(2 -8.65961e-16 0)
(2 -5.27501e-16 0)
(2 -4.168e-16 0)
(2 -1.71788e-16 0)
(2 -1.79777e-16 0)
(2 -3.76409e-16 0)
(2 -1.00101e-16 0)
(2 3.63502e-17 0)
(2 5.0116e-16 0)
(2 2.63332e-16 0)
(2 -1.98872e-16 0)
(2 -6.94795e-16 0)
(2 -7.04212e-16 0)
(2 -7.54074e-16 0)
(2 -7.84775e-16 0)
(2 -1.15475e-15 0)
(2 -1.46364e-15 0)
(2 2.10403e-16 0)
(2 -6.35751e-16 0)
(2 -8.85226e-16 0)
(2 -1.35903e-15 0)
(2 -1.87958e-15 0)
(2 -2.25779e-15 0)
(2 -2.7321e-15 0)
(2 -2.98275e-15 0)
(2 -2.68974e-15 0)
(2 -1.98468e-15 0)
(2 -1.51387e-15 0)
(2 -1.54789e-15 0)
(2 -1.37104e-15 0)
(2 -1.64265e-15 0)
(2 -1.96131e-15 0)
(2 -2.2595e-15 0)
(2 -2.42448e-15 0)
(2 -2.56229e-15 0)
(2 -2.55846e-15 0)
(2 -2.44166e-15 0)
(2 -2.31562e-15 0)
(2 -2.11172e-15 0)
(2 -1.98798e-15 0)
(2 -1.65714e-15 0)
(2 -1.85232e-15 0)
(2 -2.20105e-15 0)
(2 -2.43886e-15 0)
(2 -2.67188e-15 0)
(2 -3.0687e-15 0)
(2 -3.39335e-15 0)
(2 -3.35093e-15 0)
(2 -2.7423e-15 0)
(2 -2.60491e-15 0)
(2 -3.00167e-15 0)
(2 -3.47424e-15 0)
(2 -3.46399e-15 0)
(2 -3.37323e-15 0)
(2 -3.32313e-15 0)
(2 -3.17433e-15 0)
(2 -3.08092e-15 0)
(2 -2.90733e-15 0)
(2 -3.14797e-15 0)
(2 -3.39713e-15 0)
(2 -3.65634e-15 0)
(2 -3.65017e-15 0)
(2 -3.36438e-15 0)
(2 -3.26111e-15 0)
(2 -3.30958e-15 0)
(2 -3.2182e-15 0)
(2 -3.09803e-15 0)
(2 -3.0571e-15 0)
(2 -3.06359e-15 0)
(2 -2.95196e-15 0)
(2 -2.83585e-15 0)
(2 -2.81801e-15 0)
(2 -2.81632e-15 0)
(2 -2.94888e-15 0)
(2 -3.30593e-15 0)
(2 -3.39571e-15 0)
(2 -3.0772e-15 0)
(2 -2.61537e-15 0)
(2 -2.37307e-15 0)
(2 -1.91062e-15 0)
(2 -1.593e-15 0)
(2 -1.65819e-15 0)
(2 -1.68893e-15 0)
(2 -1.88275e-15 0)
(2 -1.99996e-15 0)
(2 -2.37457e-15 0)
(2 -2.25801e-15 0)
(2 -1.8917e-15 0)
(2 -2.75263e-15 0)
(2 -2.85577e-15 0)
(2 -3.31312e-15 0)
(2 -3.55509e-15 0)
(2 -3.64839e-15 0)
(2 -3.78877e-15 0)
(2 -3.80248e-15 0)
(2 -3.61014e-15 0)
(2 -3.17879e-15 0)
(2 -2.84357e-15 0)
(2 -3.23936e-15 0)
(2 -3.57008e-15 0)
(2 -3.83503e-15 0)
(2 -4.00204e-15 0)
(2 -3.98459e-15 0)
(2 -3.90223e-15 0)
(2 -3.70008e-15 0)
(2 -3.8714e-15 0)
(2 -4.53959e-15 0)
(2 -4.72051e-15 0)
(2 -4.76983e-15 0)
(2 -4.75955e-15 0)
(2 -4.50722e-15 0)
(2 -4.14288e-15 0)
(2 -3.95194e-15 0)
(2 -3.90417e-15 0)
(2 -3.19084e-15 0)
(2 -2.80246e-15 0)
(2 -2.48214e-15 0)
(2 -2.20289e-15 0)
(2 -1.83173e-15 0)
(2 -1.50577e-15 0)
(2 -1.13061e-15 0)
(2 -1.00024e-15 0)
(2 -9.4177e-16 0)
(2 -8.84931e-16 0)
(2 -4.50222e-16 0)
(2 -1.36241e-16 0)
(2 -5.65275e-16 0)
(2 -1.16662e-15 0)
(2 -1.23198e-15 0)
(2 -1.3241e-15 0)
(2 -1.36428e-15 0)
(2 -1.54791e-15 0)
(2 -1.92601e-15 0)
(2 -1.68074e-15 0)
(2 -1.05868e-15 0)
(2 -1.17519e-15 0)
(2 -1.34539e-15 0)
(2 -1.63439e-15 0)
(2 -1.69931e-15 0)
(2 -1.84187e-15 0)
(2 -2.09956e-15 0)
(2 -2.29733e-15 0)
(2 -2.27838e-15 0)
(2 -2.11855e-15 0)
(2 -2.08961e-15 0)
(2 -2.09797e-15 0)
(2 -2.11692e-15 0)
(2 -2.09766e-15 0)
(2 -1.76161e-15 0)
(2 -4.89166e-16 0)
(2 -1.01861e-15 0)
(2 -1.12894e-15 0)
(2 -1.09937e-15 0)
(2 -1.08043e-15 0)
(2 -1.11511e-15 0)
(2 -1.06871e-15 0)
(2 -9.3761e-16 0)
(2 -7.81779e-16 0)
(2 -8.76282e-16 0)
(2 -8.98289e-16 0)
(2 -8.57424e-16 0)
(2 -1.22973e-15 0)
(2 -1.69243e-15 0)
(2 -1.77663e-15 0)
(2 -1.76689e-15 0)
(2 -1.71758e-15 0)
(2 -1.66448e-15 0)
(2 -1.7972e-15 0)
(2 -2.45024e-15 0)
(2 -2.68924e-15 0)
(2 -2.7909e-15 0)
(2 -2.6762e-15 0)
(2 -2.59923e-15 0)
(2 -2.63881e-15 0)
(2 -2.47032e-15 0)
(2 -2.2356e-15 0)
(2 -2.29747e-15 0)
(2 -2.56166e-15 0)
(2 -2.49448e-15 0)
(2 -2.11417e-15 0)
(2 -1.89911e-15 0)
(2 -1.88983e-15 0)
(2 -2.01083e-15 0)
(2 -2.3396e-15 0)
(2 -2.59394e-15 0)
(2 -2.68902e-15 0)
(2 -2.75614e-15 0)
(2 -3.07866e-15 0)
(2 -3.64109e-15 0)
(2 -4.02327e-15 0)
(2 -4.24056e-15 0)
(2 -4.54362e-15 0)
(2 -4.88085e-15 0)
(2 -5.17251e-15 0)
(2 -5.19533e-15 0)
(2 -5.07779e-15 0)
(2 -4.4072e-15 0)
(2 -4.55755e-15 0)
(2 -4.95359e-15 0)
(2 -4.93431e-15 0)
(2 -4.67199e-15 0)
(2 -4.57958e-15 0)
(2 -4.62552e-15 0)
(2 -4.48637e-15 0)
(2 -4.35152e-15 0)
(2 -4.19938e-15 0)
(2 -3.94001e-15 0)
(2 -3.62641e-15 0)
(2 -3.65202e-15 0)
(2 -3.7099e-15 0)
(2 -3.82079e-15 0)
(2 -3.00863e-15 0)
(2 -2.46405e-15 0)
(2 -2.10113e-15 0)
(2 -2.10856e-15 0)
(2 -2.42109e-15 0)
(2 -2.67807e-15 0)
(2 -1.90704e-15 0)
(2 -4.89888e-16 0)
(2 -4.82586e-16 0)
(2 -4.41932e-16 0)
(2 -8.40297e-16 0)
(2 -1.31454e-15 0)
(2 -1.60582e-15 0)
(2 -1.61753e-15 0)
(2 -1.51496e-15 0)
(2 -1.32306e-15 0)
(2 -1.02242e-15 0)
(2 -7.54082e-16 0)
(2 -6.87487e-16 0)
(2 -7.33882e-16 0)
(2 -1.16958e-15 0)
(2 -1.61342e-15 0)
(2 -2.0157e-15 0)
(2 -2.16304e-15 0)
(2 -2.52268e-15 0)
(2 -2.53796e-15 0)
(2 -2.5962e-15 0)
(2 -2.72085e-15 0)
(2 -2.97655e-15 0)
(2 -3.10079e-15 0)
(2 -3.09796e-15 0)
(2 -3.08088e-15 0)
(2 -2.97755e-15 0)
(2 -2.86644e-15 0)
(2 -2.78951e-15 0)
(2 -2.37977e-15 0)
(2 -2.15681e-15 0)
(2 -2.2283e-15 0)
(2 -1.89069e-15 0)
(2 -1.61116e-15 0)
(2 -1.51306e-15 0)
(2 -1.40424e-15 0)
(2 -1.23567e-15 0)
(2 -1.06693e-15 0)
(2 -6.01866e-16 0)
(2 -9.34735e-17 0)
(2 1.65075e-16 0)
(2 4.39301e-16 0)
(2 5.61672e-16 0)
(2 1.43054e-16 0)
(2 -3.63318e-17 0)
(2 -4.76438e-16 0)
(2 -7.64298e-16 0)
(2 -6.40426e-16 0)
(2 -5.30745e-16 0)
(2 -3.42017e-16 0)
(2 -5.8098e-16 0)
(2 -7.50388e-16 0)
(2 -7.07011e-16 0)
(2 -5.24664e-16 0)
(2 -2.75864e-16 0)
(2 -3.02256e-16 0)
(2 -9.30713e-16 0)
(2 -1.10122e-15 0)
(2 -1.50116e-15 0)
(2 -1.6945e-15 0)
(2 -1.64101e-15 0)
(2 -1.39988e-15 0)
(2 -1.1609e-15 0)
(2 -1.00326e-15 0)
(2 -2.02362e-15 0)
(2 -1.77777e-15 0)
(2 -1.65079e-15 0)
(2 -1.58227e-15 0)
(2 -1.34154e-15 0)
(2 -9.71511e-16 0)
(2 -4.21259e-16 0)
(2 1.35772e-16 0)
(2 5.2151e-16 0)
(2 6.28845e-16 0)
(2 5.70916e-16 0)
(2 6.82021e-16 0)
(2 7.85612e-16 0)
(2 5.81109e-16 0)
(2 4.59718e-16 0)
(2 4.58565e-16 0)
(2 4.30241e-16 0)
(2 -8.36276e-17 0)
(2 -1.04841e-16 0)
(2 -2.33257e-16 0)
(2 -6.00708e-16 0)
(2 -6.57404e-16 0)
(2 -7.29456e-16 0)
(2 -1.04202e-15 0)
(2 -9.40686e-16 0)
(2 -5.37669e-16 0)
(2 -4.02733e-16 0)
(2 -4.12805e-16 0)
(2 -3.8412e-16 0)
(2 -3.48207e-16 0)
(2 -6.52117e-16 0)
(2 -8.02461e-16 0)
(2 -7.67725e-16 0)
(2 -5.70548e-16 0)
(2 -7.19697e-16 0)
(2 -9.51e-16 0)
(2 -1.29566e-15 0)
(2 -2.02196e-15 0)
(2 -2.21006e-15 0)
(2 -2.41792e-15 0)
(2 -2.65641e-15 0)
(2 -2.94379e-15 0)
(2 -2.80853e-15 0)
(2 -2.69059e-15 0)
(2 -2.8975e-15 0)
(2 -3.13318e-15 0)
(2 -3.44669e-15 0)
(2 -3.84843e-15 0)
(2 -4.2553e-15 0)
(2 -4.14446e-15 0)
(2 -3.8737e-15 0)
(2 -3.72072e-15 0)
(2 -3.67309e-15 0)
(2 -3.53473e-15 0)
(2 -3.44712e-15 0)
(2 -3.63071e-15 0)
(2 -3.37909e-15 0)
(2 -3.11072e-15 0)
(2 -3.01162e-15 0)
(2 -2.77274e-15 0)
(2 -2.5401e-15 0)
(2 -2.36952e-15 0)
(2 -2.41914e-15 0)
(2 -2.51179e-15 0)
(2 -2.68396e-15 0)
(2 -2.54053e-15 0)
(2 -1.43595e-15 0)
(2 -9.93108e-16 0)
(2 -8.64186e-16 0)
(2 -7.82375e-16 0)
(2 -6.9775e-16 0)
(2 -8.8083e-16 0)
(2 -1.00482e-15 0)
(2 -1.03053e-15 0)
(2 -9.89567e-16 0)
(2 -9.9282e-16 0)
(2 -5.94532e-16 0)
(2 -4.32732e-16 0)
(2 -8.55459e-16 0)
(2 -1.64805e-15 0)
(2 -2.36078e-15 0)
(2 -2.61781e-15 0)
(2 -2.42601e-15 0)
(2 -2.12884e-15 0)
(2 -1.98683e-15 0)
(2 -2.09633e-15 0)
(2 -2.2622e-15 0)
(2 -2.504e-15 0)
(2 -2.38602e-15 0)
(2 -2.19047e-15 0)
(2 -1.92917e-15 0)
(2 -1.89866e-15 0)
(2 -1.86055e-15 0)
(2 -1.94989e-15 0)
(2 -2.12214e-15 0)
(2 -2.15067e-15 0)
(2 -2.16298e-15 0)
(2 -2.31374e-15 0)
(2 -2.4445e-15 0)
(2 -2.599e-15 0)
(2 -2.55936e-15 0)
(2 -2.45172e-15 0)
(2 -2.27633e-15 0)
(2 -2.12849e-15 0)
(2 -1.91551e-15 0)
(2 -1.75253e-15 0)
(2 -1.59203e-15 0)
(2 -1.12239e-15 0)
(2 -8.96941e-16 0)
(2 -7.46782e-16 0)
(2 -5.37567e-16 0)
(2 -3.81038e-16 0)
(2 -2.2795e-16 0)
(2 -2.81199e-16 0)
(2 -2.26235e-16 0)
(2 -1.82064e-16 0)
(2 -2.33715e-16 0)
(2 -1.44372e-16 0)
(2 -2.21801e-16 0)
(2 -2.44413e-16 0)
(2 -1.88675e-16 0)
(2 -2.47244e-16 0)
(2 -3.49227e-16 0)
(2 3.49795e-16 0)
(2 6.88944e-16 0)
(2 8.647e-16 0)
(2 9.2301e-16 0)
(2 8.98951e-16 0)
(2 8.1523e-16 0)
(2 6.38163e-16 0)
(2 4.43417e-16 0)
(2 1.56643e-16 0)
(2 -2.31871e-15 0)
(2 -1.79724e-15 0)
(2 -1.05724e-15 0)
(2 -4.97817e-16 0)
(2 4.96695e-16 0)
(2 9.31815e-16 0)
(2 9.76121e-16 0)
(2 1.61363e-15 0)
(2 1.71417e-15 0)
(2 1.57884e-15 0)
(2 1.30252e-15 0)
(2 1.09341e-15 0)
(2 1.19912e-15 0)
(2 1.29617e-15 0)
(2 1.27096e-15 0)
(2 1.06184e-15 0)
(2 1.02407e-15 0)
(2 1.00329e-15 0)
(2 9.86281e-16 0)
(2 1.02773e-15 0)
(2 5.0973e-16 0)
(2 1.55742e-16 0)
(2 1.36049e-16 0)
(2 2.79592e-16 0)
(2 2.10647e-16 0)
(2 -7.89808e-16 0)
(2 -1.48171e-15 0)
(2 -1.64711e-15 0)
(2 -1.34471e-15 0)
(2 -1.23978e-15 0)
(2 -1.44127e-15 0)
(2 -1.14884e-15 0)
(2 -1.03631e-15 0)
(2 -9.99688e-16 0)
(2 -7.31078e-16 0)
(2 -5.02828e-16 0)
(2 -2.55778e-16 0)
)
;

boundaryField
{
    inlet
    {
        type            fixedValue;
        value           nonuniform 0();
    }
    outlet
    {
        type            inletOutlet;
        inletValue      nonuniform 0();
        value           nonuniform 0();
    }
    bottom
    {
        type            symmetryPlane;
    }
    top
    {
        type            symmetryPlane;
    }
    obstacle
    {
        type            slip;
    }
    front
    {
        type            empty;
    }
    back
    {
        type            empty;
    }
    procBoundary1to0
    {
        type            processor;
        value           nonuniform List<vector> 
19
(
(2 6.04049e-16 0)
(2 -2.48276e-16 0)
(2 1.38862e-16 0)
(2 2.01861e-16 0)
(2 -3.68742e-16 0)
(2 -3.68742e-16 0)
(2 -7.96125e-16 0)
(2 -3.35912e-16 0)
(2 -1.2032e-15 0)
(2 -1.85119e-15 0)
(2 -2.22927e-15 0)
(2 6.49865e-16 0)
(2 1.92854e-15 0)
(2 1.35252e-15 0)
(2 -4.7483e-16 0)
(2 3.34226e-16 0)
(2 6.17279e-16 0)
(2 -4.4386e-16 0)
(2 -2.4232e-15 0)
)
;
    }
    procBoundary1to2
    {
        type            processor;
        value           nonuniform List<vector> 
16
(
(2 4.6788e-17 0)
(2 7.36577e-16 0)
(2 1.24245e-16 0)
(2 1.54477e-15 0)
(2 1.54477e-15 0)
(2 2.22234e-15 0)
(2 1.02007e-15 0)
(2 5.48031e-17 0)
(2 5.61929e-17 0)
(2 -3.40306e-16 0)
(2 8.37838e-16 0)
(2 1.30193e-15 0)
(2 5.87703e-16 0)
(2 9.94061e-16 0)
(2 -3.3633e-16 0)
(2 -1.59008e-15 0)
)
;
    }
    procBoundary1to8
    {
        type            processor;
        value           uniform (2 -2.55912e-15 0);
    }
    procBoundary1to9
    {
        type            processor;
        value           nonuniform List<vector> 
133
(
(2 -1.94515e-16 0)
(2 -2.03295e-16 0)
(2 -5.15259e-16 0)
(2 -1.01242e-15 0)
(2 -1.38784e-15 0)
(2 -1.33257e-15 0)
(2 -8.29276e-16 0)
(2 -7.83203e-16 0)
(2 -6.37551e-16 0)
(2 -6.49431e-16 0)
(2 -6.76999e-16 0)
(2 -7.74156e-16 0)
(2 -9.29642e-16 0)
(2 -8.28941e-16 0)
(2 -1.13726e-15 0)
(2 -1.32298e-15 0)
(2 -1.35783e-15 0)
(2 -1.40522e-15 0)
(2 -1.44867e-15 0)
(2 -1.44516e-15 0)
(2 -1.53411e-15 0)
(2 -1.73296e-15 0)
(2 -1.48898e-15 0)
(2 -1.03215e-15 0)
(2 -7.59676e-16 0)
(2 -8.25279e-16 0)
(2 -1.23756e-15 0)
(2 -1.22999e-15 0)
(2 -8.20447e-16 0)
(2 -2.89859e-16 0)
(2 -6.8717e-17 0)
(2 -7.9128e-17 0)
(2 -1.49022e-16 0)
(2 -5.30361e-16 0)
(2 -9.32031e-16 0)
(2 -8.18038e-16 0)
(2 -8.10667e-16 0)
(2 -8.33716e-16 0)
(2 -9.30703e-16 0)
(2 -8.07599e-16 0)
(2 -7.37541e-16 0)
(2 -7.18497e-16 0)
(2 -7.45402e-16 0)
(2 -8.38365e-16 0)
(2 -6.16291e-16 0)
(2 -3.53934e-16 0)
(2 -6.8046e-16 0)
(2 -1.00792e-15 0)
(2 -9.54956e-16 0)
(2 -8.23226e-16 0)
(2 -7.29385e-16 0)
(2 -7.17708e-16 0)
(2 -7.6147e-16 0)
(2 -8.82545e-16 0)
(2 -7.50779e-16 0)
(2 -8.99017e-16 0)
(2 -1.05864e-15 0)
(2 -1.28484e-15 0)
(2 -1.55908e-15 0)
(2 -2.08094e-15 0)
(2 -2.39831e-15 0)
(2 -2.52102e-15 0)
(2 -2.43499e-15 0)
(2 -2.40959e-15 0)
(2 -2.41678e-15 0)
(2 -2.4745e-15 0)
(2 -2.48694e-15 0)
(2 -2.4436e-15 0)
(2 -2.33847e-15 0)
(2 -2.55902e-15 0)
(2 -2.67615e-15 0)
(2 -2.74198e-15 0)
(2 -2.66273e-15 0)
(2 -2.4365e-15 0)
(2 -2.32523e-15 0)
(2 -2.38478e-15 0)
(2 -2.35961e-15 0)
(2 -2.38195e-15 0)
(2 -2.56223e-15 0)
(2 -2.72885e-15 0)
(2 -2.72152e-15 0)
(2 -2.65198e-15 0)
(2 -2.51813e-15 0)
(2 -2.27346e-15 0)
(2 -2.35567e-15 0)
(2 -2.26713e-15 0)
(2 -2.03283e-15 0)
(2 -1.68762e-15 0)
(2 -1.38935e-15 0)
(2 -1.19889e-15 0)
(2 -1.20774e-15 0)
(2 -1.45955e-15 0)
(2 -1.78408e-15 0)
(2 -2.24942e-15 0)
(2 -2.52023e-15 0)
(2 8.64831e-17 0)
(2 3.23806e-16 0)
(2 4.40301e-16 0)
(2 6.53604e-16 0)
(2 9.65053e-16 0)
(2 1.20659e-15 0)
(2 1.22038e-15 0)
(2 1.01566e-15 0)
(2 1.02785e-15 0)
(2 9.93534e-16 0)
(2 1.07844e-15 0)
(2 1.17792e-15 0)
(2 1.29031e-15 0)
(2 1.17044e-15 0)
(2 1.07598e-15 0)
(2 1.08247e-15 0)
(2 1.21165e-15 0)
(2 1.50359e-15 0)
(2 1.62396e-15 0)
(2 1.38428e-15 0)
(2 1.04408e-15 0)
(2 8.0464e-16 0)
(2 3.36101e-16 0)
(2 1.27182e-16 0)
(2 6.87398e-17 0)
(2 1.42021e-16 0)
(2 2.5285e-16 0)
(2 3.54081e-16 0)
(2 3.11065e-16 0)
(2 1.33906e-16 0)
(2 4.16067e-17 0)
(2 -1.52431e-16 0)
(2 -2.07962e-16 0)
(2 -3.24546e-16 0)
(2 8.91638e-18 0)
(2 5.51484e-16 0)
(2 -1.94515e-16 0)
(2 9.16193e-16 0)
)
;
    }
    procBoundary1to10
    {
        type            processor;
        value           nonuniform List<vector> 3((2 -1.5348e-15 0) (2 -9.33541e-16 0) (2 -6.32442e-17 0));
    }
}


// ************************************************************************* //
