/*--------------------------------*- C++ -*----------------------------------*\
  =========                 |
  \\      /  F ield         | OpenFOAM: The Open Source CFD Toolbox
   \\    /   O peration     | Website:  https://openfoam.org
    \\  /    A nd           | Version:  7
     \\/     M anipulation  |
\*---------------------------------------------------------------------------*/
FoamFile
{
    version     2.0;
    format      ascii;
    class       labelList;
    location    "constant/polyMesh";
    object      cellProcAddressing;
}
// * * * * * * * * * * * * * * * * * * * * * * * * * * * * * * * * * * * * * //


385
(
3104
3119
3134
3148
3149
3163
3164
3178
3179
3193
3194
3208
3209
3223
3224
3239
3254
3269
17575
17576
17577
17578
17579
17604
17605
17606
17607
17608
17609
17634
17635
17636
17637
17638
17639
17664
17665
17666
17667
17668
17669
17694
17695
17696
17697
17698
17699
17724
17725
17726
17727
17728
17729
17754
17755
17756
17757
17758
17759
17784
17785
17786
17787
17788
17789
17814
17815
17816
17817
17818
17819
17844
17845
17846
17847
17848
17849
17874
17875
17876
17877
17878
17879
17904
17905
17906
17907
17908
17909
17934
17935
17936
17937
17938
17939
17964
17965
17966
17967
17968
17969
17994
17995
17996
17997
17998
17999
19765
19766
19767
19768
19769
19770
19771
19800
19801
19802
19803
19804
19805
19806
19807
19808
19809
19810
19811
19840
19841
19842
19843
19844
19845
19846
19847
19848
19849
19850
19851
19880
19881
19882
19883
19884
19885
19886
19887
19888
19889
19890
19891
19920
19921
19922
19923
19924
19925
19926
19927
19928
19929
19930
19931
19960
19961
19962
19963
19964
19965
19966
19967
19968
19969
19970
19971
20000
20001
20002
20003
20004
20005
20006
20007
20008
20009
20010
20011
20040
20041
20042
20043
20044
20045
20046
20047
20048
20049
20050
20051
20080
20081
20082
20083
20084
20085
20086
20087
20088
20089
20090
20091
20120
20121
20122
20123
20124
20125
20126
20127
20128
20129
20130
20131
20160
20161
20162
20163
20164
20165
20166
20167
20168
20169
20170
20171
20200
20201
20202
20203
20204
20205
20206
20207
20208
20209
20210
20211
20240
20241
20242
20243
20244
20245
20246
20247
20248
20249
20250
20251
20280
20281
20282
20283
20284
20285
20286
20287
20288
20289
20290
20291
20320
20321
20322
20323
20324
20325
20326
20327
20328
20329
20330
20331
20360
20361
20362
20363
20364
20365
20366
20367
20368
20369
20370
20371
20400
20401
20402
20403
20404
20405
20406
20407
20408
20409
20410
20411
20440
20441
20442
20443
20444
20445
20446
20447
20448
20449
20450
20451
20480
20481
20482
20483
20484
20485
20486
20487
20488
20489
20490
20520
20521
20522
20523
20524
20525
20526
20527
20528
20529
20530
20560
20561
20562
20563
20564
20565
20566
20567
20568
20569
20600
20601
20602
20603
20604
20605
20606
20607
20608
20609
20640
20641
20642
20643
20644
20645
20646
20647
20648
20680
20681
20682
20683
20684
20685
20686
20687
20720
20721
20722
20723
20724
20725
20726
20727
)


// ************************************************************************* //
