/*--------------------------------*- C++ -*----------------------------------*\
  =========                 |
  \\      /  F ield         | OpenFOAM: The Open Source CFD Toolbox
   \\    /   O peration     | Website:  https://openfoam.org
    \\  /    A nd           | Version:  7
     \\/     M anipulation  |
\*---------------------------------------------------------------------------*/
FoamFile
{
    version     2.0;
    format      ascii;
    class       volVectorField;
    location    "6";
    object      U;
}
// * * * * * * * * * * * * * * * * * * * * * * * * * * * * * * * * * * * * * //

dimensions      [0 1 -1 0 0 0 0];

internalField   nonuniform List<vector> 
2418
(
(1.15458 0.00655621 0)
(1.15499 0.00647143 0)
(1.1553 0.0064041 0)
(1.15573 0.006388 0)
(1.15628 0.00640858 0)
(1.15683 0.00643359 0)
(1.15734 0.00646236 0)
(1.15775 0.00647749 0)
(1.15815 0.00645699 0)
(1.15864 0.00642093 0)
(1.15916 0.00638304 0)
(1.15971 0.00634905 0)
(1.16035 0.00633489 0)
(1.16103 0.00634398 0)
(1.16161 0.00635559 0)
(1.16216 0.00635922 0)
(1.1627 0.00634436 0)
(1.16322 0.00626198 0)
(1.16354 0.00606637 0)
(1.1635 0.00578826 0)
(1.16327 0.00553616 0)
(1.1634 0.00535039 0)
(1.16382 0.00522105 0)
(1.16433 0.00515291 0)
(1.16486 0.00518456 0)
(1.16539 0.00530239 0)
(1.1659 0.0054136 0)
(1.16647 0.00548587 0)
(1.16709 0.00550679 0)
(1.16773 0.00551641 0)
(1.16843 0.00551409 0)
(1.16915 0.00549739 0)
(1.16982 0.00548191 0)
(1.17047 0.00547215 0)
(1.17106 0.00546853 0)
(1.17155 0.00547681 0)
(1.17206 0.00550397 0)
(1.17267 0.00553479 0)
(1.1733 0.00557719 0)
(1.17399 0.00563745 0)
(1.17474 0.00570426 0)
(1.17539 0.00573627 0)
(1.10498 0.0249608 0)
(1.10525 0.0247816 0)
(1.10573 0.0247355 0)
(1.10635 0.024712 0)
(1.10724 0.0246431 0)
(1.10797 0.0245524 0)
(1.10852 0.0245213 0)
(1.10901 0.0245148 0)
(1.1094 0.0245196 0)
(1.10997 0.0244873 0)
(1.11064 0.0244635 0)
(1.11141 0.0244328 0)
(1.11229 0.024419 0)
(1.11304 0.0244214 0)
(1.11373 0.02442 0)
(1.11437 0.0243893 0)
(1.11496 0.0243258 0)
(1.11554 0.0242589 0)
(1.1161 0.0242192 0)
(1.11661 0.0241428 0)
(1.11708 0.024026 0)
(1.11761 0.023895 0)
(1.11819 0.0237604 0)
(1.11879 0.0235973 0)
(1.11936 0.0234217 0)
(1.11987 0.0232547 0)
(1.12026 0.0230905 0)
(1.12063 0.0229203 0)
(1.12121 0.0227795 0)
(1.12189 0.0226439 0)
(1.12258 0.022466 0)
(1.12326 0.0222634 0)
(1.12389 0.0220351 0)
(1.12445 0.0217741 0)
(1.12499 0.0215049 0)
(1.12558 0.0212651 0)
(1.12621 0.0210847 0)
(1.12688 0.0209443 0)
(1.12757 0.0208197 0)
(1.12828 0.0207074 0)
(1.12899 0.020598 0)
(1.12969 0.0204866 0)
(1.13033 0.0203718 0)
(1.13084 0.0202361 0)
(1.13114 0.0200376 0)
(1.13153 0.0198034 0)
(1.13215 0.0196441 0)
(1.13278 0.0195221 0)
(1.13339 0.0193812 0)
(1.13396 0.0192242 0)
(1.13446 0.019061 0)
(1.13487 0.0188691 0)
(1.13524 0.0186361 0)
(1.13562 0.0183806 0)
(1.136 0.0181038 0)
(1.1363 0.0177998 0)
(1.13645 0.0174568 0)
(1.13652 0.0170981 0)
(1.13686 0.0168528 0)
(1.13738 0.0167034 0)
(1.138 0.0165484 0)
(1.13874 0.0163924 0)
(1.13968 0.0162379 0)
(1.1406 0.0160752 0)
(1.14133 0.0159282 0)
(1.14201 0.0157777 0)
(1.14263 0.015602 0)
(1.14308 0.0153817 0)
(1.14315 0.0150783 0)
(1.14311 0.0147412 0)
(1.1436 0.0145529 0)
(1.14428 0.0144795 0)
(1.14502 0.0143898 0)
(1.14581 0.0143017 0)
(1.14662 0.0142223 0)
(1.14735 0.0141522 0)
(1.14801 0.0140863 0)
(1.14861 0.0140052 0)
(1.1491 0.0139071 0)
(1.14929 0.0137696 0)
(1.149 0.0135714 0)
(1.14887 0.0133524 0)
(1.14932 0.0132476 0)
(1.14986 0.0132128 0)
(1.15044 0.0131506 0)
(1.15111 0.0130594 0)
(1.1519 0.0129389 0)
(1.15254 0.0128248 0)
(1.15309 0.0127375 0)
(1.15356 0.012619 0)
(1.15388 0.0124614 0)
(1.1542 0.0122872 0)
(1.15475 0.0121936 0)
(1.15534 0.0121322 0)
(1.15593 0.0120666 0)
(1.15649 0.012014 0)
(1.15699 0.0119552 0)
(1.15733 0.0118779 0)
(1.15762 0.0118139 0)
(1.15812 0.0117874 0)
(1.15868 0.011781 0)
(1.15934 0.0117615 0)
(1.16007 0.0117112 0)
(1.16073 0.0116567 0)
(1.16136 0.0115942 0)
(1.16193 0.0115195 0)
(1.16237 0.011416 0)
(1.16242 0.0112584 0)
(1.16209 0.0110489 0)
(1.16222 0.0108635 0)
(1.16273 0.0107842 0)
(1.16324 0.0107768 0)
(1.16378 0.0108084 0)
(1.16441 0.0108889 0)
(1.16499 0.0109559 0)
(1.16555 0.010996 0)
(1.1661 0.0110389 0)
(1.16661 0.0110614 0)
(1.16716 0.0110527 0)
(1.16776 0.0110356 0)
(1.16838 0.0109698 0)
(1.169 0.0108816 0)
(1.16958 0.0108191 0)
(1.1701 0.0107668 0)
(1.17056 0.0107165 0)
(1.1711 0.0106987 0)
(1.17168 0.0107054 0)
(1.17229 0.0107285 0)
(1.17294 0.0107701 0)
(1.17355 0.0107987 0)
(1.17414 0.0108072 0)
(1.17472 0.0107936 0)
(1.10803 0.0241652 0)
(1.10833 0.0243447 0)
(1.10888 0.0246094 0)
(1.10973 0.0249371 0)
(1.11024 0.0251777 0)
(1.11056 0.025365 0)
(1.11072 0.0256112 0)
(1.111 0.0257182 0)
(1.11145 0.025794 0)
(1.1121 0.0260064 0)
(1.11267 0.02625 0)
(1.11306 0.026391 0)
(1.11338 0.0265237 0)
(1.11379 0.0265849 0)
(1.11429 0.0266499 0)
(1.11485 0.0267609 0)
(1.11533 0.0268313 0)
(1.11573 0.0269117 0)
(1.11596 0.0269587 0)
(1.11629 0.0270152 0)
(1.11676 0.0270546 0)
(1.11728 0.027084 0)
(1.11778 0.0270858 0)
(1.11825 0.0270912 0)
(1.11864 0.027093 0)
(1.11895 0.0270808 0)
(1.11943 0.0270495 0)
(1.12002 0.0270243 0)
(1.12068 0.0269797 0)
(1.12133 0.026947 0)
(1.12195 0.026948 0)
(1.12252 0.026945 0)
(1.12293 0.026915 0)
(1.12341 0.0268484 0)
(1.12408 0.0268001 0)
(1.12479 0.0267368 0)
(1.12552 0.0266576 0)
(1.12621 0.026604 0)
(1.12686 0.0265141 0)
(1.12746 0.0264093 0)
(1.12804 0.0263074 0)
(1.12866 0.0261999 0)
(1.12926 0.0260727 0)
(1.12976 0.0259155 0)
(1.13004 0.0257361 0)
(1.1304 0.0255891 0)
(1.13099 0.0255101 0)
(1.13163 0.0254142 0)
(1.13224 0.0252894 0)
(1.13278 0.0251619 0)
(1.13324 0.0250175 0)
(1.13357 0.0248488 0)
(1.13374 0.024653 0)
(1.13389 0.0244433 0)
(1.13414 0.024255 0)
(1.13443 0.0240781 0)
(1.13466 0.0238886 0)
(1.13489 0.0236895 0)
(1.13528 0.0235211 0)
(1.13582 0.0233841 0)
(1.13646 0.0232453 0)
(1.1372 0.0230854 0)
(1.13794 0.0229256 0)
(1.13865 0.0227775 0)
(1.13933 0.0226071 0)
(1.13996 0.0224033 0)
(1.14046 0.0221768 0)
(1.14074 0.0219336 0)
(1.14093 0.0216888 0)
(1.14149 0.0215234 0)
(1.14222 0.0214161 0)
(1.14295 0.0212705 0)
(1.14366 0.0210904 0)
(1.14435 0.0208951 0)
(1.14502 0.0206888 0)
(1.14564 0.0204843 0)
(1.14617 0.0202917 0)
(1.14655 0.020086 0)
(1.14676 0.0198354 0)
(1.1471 0.0195751 0)
(1.14766 0.019413 0)
(1.14825 0.0193571 0)
(1.14885 0.0193064 0)
(1.1495 0.0192223 0)
(1.15019 0.0191182 0)
(1.15088 0.0190078 0)
(1.15148 0.0189199 0)
(1.15203 0.0188426 0)
(1.15253 0.0187577 0)
(1.15291 0.0186572 0)
(1.15313 0.0185292 0)
(1.15347 0.0183962 0)
(1.15401 0.0182894 0)
(1.15458 0.0181943 0)
(1.15512 0.0180981 0)
(1.15554 0.0179764 0)
(1.1558 0.0177874 0)
(1.15626 0.0176102 0)
(1.15688 0.0175117 0)
(1.15759 0.0174141 0)
(1.15833 0.0173296 0)
(1.15898 0.0172956 0)
(1.15964 0.0172144 0)
(1.16025 0.0170969 0)
(1.16077 0.0169721 0)
(1.16108 0.0168296 0)
(1.16108 0.01664 0)
(1.16126 0.0164479 0)
(1.16182 0.0163859 0)
(1.16239 0.0164068 0)
(1.16299 0.0164527 0)
(1.1637 0.0164993 0)
(1.16456 0.0165771 0)
(1.16519 0.0166397 0)
(1.16573 0.0166635 0)
(1.16627 0.0166847 0)
(1.16672 0.0166785 0)
(1.16701 0.0166209 0)
(1.16742 0.0165327 0)
(1.16801 0.0164791 0)
(1.16862 0.0163784 0)
(1.16919 0.0162748 0)
(1.16969 0.0161787 0)
(1.17003 0.0160735 0)
(1.17034 0.0159924 0)
(1.17085 0.0159669 0)
(1.17143 0.015954 0)
(1.17201 0.0159424 0)
(1.1726 0.0159369 0)
(1.17316 0.0159158 0)
(1.17364 0.0158682 0)
(1.17386 0.0157767 0)
(1.11174 0.0200657 0)
(1.1124 0.0209002 0)
(1.11334 0.0218834 0)
(1.11352 0.0225012 0)
(1.11335 0.0230467 0)
(1.11303 0.023656 0)
(1.1131 0.0240474 0)
(1.11347 0.0244424 0)
(1.11432 0.0250231 0)
(1.11494 0.0255722 0)
(1.11508 0.0258698 0)
(1.11501 0.0262593 0)
(1.11504 0.0265855 0)
(1.11532 0.026818 0)
(1.11588 0.0271985 0)
(1.1164 0.0275913 0)
(1.11664 0.0278123 0)
(1.11671 0.0280671 0)
(1.11684 0.0282847 0)
(1.11718 0.0283829 0)
(1.1177 0.0285531 0)
(1.11838 0.0287985 0)
(1.1188 0.0289626 0)
(1.1191 0.0290832 0)
(1.11931 0.0291676 0)
(1.11966 0.0291886 0)
(1.1201 0.0292556 0)
(1.12078 0.0294347 0)
(1.12143 0.0296161 0)
(1.12188 0.0296792 0)
(1.12225 0.0297168 0)
(1.12259 0.0297076 0)
(1.12308 0.0297056 0)
(1.12368 0.0297432 0)
(1.12439 0.0298215 0)
(1.12496 0.0298652 0)
(1.12547 0.029886 0)
(1.12593 0.0298591 0)
(1.12642 0.0298377 0)
(1.12694 0.0298155 0)
(1.12744 0.029786 0)
(1.12793 0.0297836 0)
(1.12834 0.0297956 0)
(1.12862 0.029797 0)
(1.12902 0.0297908 0)
(1.12953 0.0297976 0)
(1.1301 0.0298151 0)
(1.1307 0.0298537 0)
(1.13121 0.029881 0)
(1.13167 0.0299171 0)
(1.13202 0.0299334 0)
(1.13236 0.0299116 0)
(1.13274 0.0298769 0)
(1.1331 0.0298333 0)
(1.13344 0.0297738 0)
(1.13375 0.029706 0)
(1.13404 0.029603 0)
(1.1344 0.029485 0)
(1.13488 0.029381 0)
(1.13546 0.0292535 0)
(1.13608 0.0291271 0)
(1.13669 0.0290532 0)
(1.13728 0.028994 0)
(1.13779 0.0288885 0)
(1.13813 0.0287013 0)
(1.13848 0.0284649 0)
(1.13904 0.0282484 0)
(1.13968 0.0280747 0)
(1.1403 0.0279455 0)
(1.14089 0.027832 0)
(1.14139 0.0276818 0)
(1.14188 0.0274808 0)
(1.1425 0.0272796 0)
(1.14317 0.0270732 0)
(1.14383 0.0268515 0)
(1.14442 0.0266308 0)
(1.14488 0.0264076 0)
(1.14516 0.026188 0)
(1.14558 0.0260419 0)
(1.1462 0.0260021 0)
(1.14685 0.0259754 0)
(1.14757 0.0259119 0)
(1.14829 0.025814 0)
(1.14896 0.0257025 0)
(1.14962 0.025556 0)
(1.15029 0.0253609 0)
(1.15089 0.0251872 0)
(1.15145 0.0250618 0)
(1.15196 0.0249485 0)
(1.15235 0.0248257 0)
(1.1526 0.0246908 0)
(1.15289 0.0245405 0)
(1.15339 0.0243916 0)
(1.15397 0.0242559 0)
(1.1545 0.0241209 0)
(1.15488 0.0239649 0)
(1.15512 0.0237748 0)
(1.15562 0.0236466 0)
(1.15626 0.0235345 0)
(1.15693 0.0233921 0)
(1.15754 0.023313 0)
(1.15811 0.0232267 0)
(1.15863 0.0231287 0)
(1.15907 0.022971 0)
(1.15942 0.0227805 0)
(1.15968 0.0226045 0)
(1.16012 0.0225181 0)
(1.16075 0.0225357 0)
(1.1614 0.0225772 0)
(1.16209 0.0226037 0)
(1.16279 0.0226194 0)
(1.16355 0.0226324 0)
(1.16429 0.0226277 0)
(1.16485 0.0226159 0)
(1.16542 0.0225692 0)
(1.16596 0.0224646 0)
(1.16644 0.0223226 0)
(1.1669 0.0221858 0)
(1.16739 0.0220905 0)
(1.16788 0.0220162 0)
(1.16827 0.0219258 0)
(1.16841 0.0217694 0)
(1.16865 0.0215763 0)
(1.16921 0.0214661 0)
(1.16983 0.0213548 0)
(1.17042 0.021283 0)
(1.171 0.0212357 0)
(1.17157 0.0211901 0)
(1.17208 0.0211419 0)
(1.17244 0.0210748 0)
(1.1726 0.0209712 0)
(1.17289 0.0208762 0)
(1.12066 0.00597249 0)
(1.12145 0.00761207 0)
(1.1214 0.00890504 0)
(1.12074 0.00989134 0)
(1.12003 0.011015 0)
(1.11966 0.0120211 0)
(1.11976 0.0130125 0)
(1.12062 0.0142735 0)
(1.12112 0.0154735 0)
(1.1208 0.0162027 0)
(1.12029 0.0170448 0)
(1.12005 0.0177698 0)
(1.12016 0.0184376 0)
(1.12087 0.0193323 0)
(1.12152 0.0203075 0)
(1.12144 0.0208995 0)
(1.12103 0.0216116 0)
(1.12075 0.0223037 0)
(1.12085 0.0228076 0)
(1.12139 0.0234444 0)
(1.12226 0.0242834 0)
(1.1225 0.0248509 0)
(1.12241 0.0253898 0)
(1.12226 0.026006 0)
(1.12244 0.0264457 0)
(1.12291 0.0269429 0)
(1.12371 0.0276301 0)
(1.12411 0.0281792 0)
(1.1242 0.0285626 0)
(1.12403 0.0290048 0)
(1.12404 0.0293516 0)
(1.12433 0.0295628 0)
(1.12489 0.0298796 0)
(1.12574 0.0303193 0)
(1.12617 0.0306255 0)
(1.12639 0.0308779 0)
(1.12643 0.0311739 0)
(1.12667 0.0313417 0)
(1.12709 0.0314401 0)
(1.1277 0.0316715 0)
(1.12817 0.0318823 0)
(1.1285 0.0319787 0)
(1.12867 0.0320752 0)
(1.12891 0.0321656 0)
(1.12932 0.0322384 0)
(1.12988 0.0323727 0)
(1.13057 0.0325069 0)
(1.13103 0.0325603 0)
(1.13138 0.032596 0)
(1.13162 0.0326588 0)
(1.13192 0.0327199 0)
(1.13226 0.0327665 0)
(1.13271 0.032827 0)
(1.13312 0.032882 0)
(1.13341 0.0329108 0)
(1.13363 0.0329251 0)
(1.13386 0.0329118 0)
(1.13419 0.0329123 0)
(1.13461 0.0329371 0)
(1.13519 0.0329631 0)
(1.1357 0.0329741 0)
(1.13619 0.0329634 0)
(1.13655 0.0329015 0)
(1.13672 0.0328106 0)
(1.13708 0.0327557 0)
(1.13765 0.0327316 0)
(1.13826 0.0327312 0)
(1.1389 0.0327296 0)
(1.13952 0.0327066 0)
(1.14011 0.0326605 0)
(1.14067 0.0326199 0)
(1.14124 0.0326039 0)
(1.14184 0.0326002 0)
(1.14243 0.0325911 0)
(1.14296 0.0325629 0)
(1.14335 0.0325037 0)
(1.14375 0.0324026 0)
(1.1443 0.0323249 0)
(1.14491 0.0322695 0)
(1.14562 0.032222 0)
(1.14639 0.0321918 0)
(1.14703 0.032169 0)
(1.14763 0.03213 0)
(1.14817 0.0320383 0)
(1.1486 0.0318966 0)
(1.14903 0.0317225 0)
(1.14956 0.0315695 0)
(1.1501 0.0314487 0)
(1.15062 0.0313421 0)
(1.1511 0.0312319 0)
(1.15157 0.0311204 0)
(1.15208 0.0310181 0)
(1.15262 0.0309164 0)
(1.15315 0.0307842 0)
(1.15363 0.0305883 0)
(1.15419 0.0303753 0)
(1.15483 0.0302096 0)
(1.15551 0.0300303 0)
(1.15617 0.029847 0)
(1.15672 0.0297423 0)
(1.15722 0.0296602 0)
(1.15766 0.0295912 0)
(1.158 0.0295202 0)
(1.15832 0.0293981 0)
(1.15877 0.0292302 0)
(1.15938 0.0290872 0)
(1.16006 0.0290056 0)
(1.16078 0.0289395 0)
(1.16152 0.0288743 0)
(1.16224 0.028808 0)
(1.16285 0.0287709 0)
(1.16335 0.028729 0)
(1.16374 0.0286208 0)
(1.16422 0.0285196 0)
(1.1648 0.0284295 0)
(1.16541 0.0283014 0)
(1.16604 0.0281417 0)
(1.16668 0.0279865 0)
(1.16728 0.027855 0)
(1.16779 0.0277333 0)
(1.16799 0.0275802 0)
(1.16794 0.0273893 0)
(1.16832 0.0272632 0)
(1.16891 0.0271933 0)
(1.16956 0.0270464 0)
(1.17018 0.0269287 0)
(1.17077 0.0268288 0)
(1.1713 0.0267241 0)
(1.17169 0.0266139 0)
(1.17193 0.0265059 0)
(1.17238 0.0264712 0)
(1.17294 0.0264974 0)
(1.134 -0.0160853 0)
(1.1339 -0.0142398 0)
(1.1332 -0.0126675 0)
(1.1323 -0.0111001 0)
(1.13151 -0.00945821 0)
(1.13107 -0.00782857 0)
(1.13121 -0.0060812 0)
(1.13158 -0.00419381 0)
(1.13115 -0.00267422 0)
(1.13032 -0.0012948 0)
(1.12955 0.000173503 0)
(1.1291 0.00156844 0)
(1.12921 0.00298452 0)
(1.12991 0.0046306 0)
(1.1299 0.00603816 0)
(1.12922 0.00715494 0)
(1.12843 0.00843944 0)
(1.12793 0.00965192 0)
(1.12789 0.0107673 0)
(1.12855 0.0121024 0)
(1.12902 0.0134308 0)
(1.12868 0.0143409 0)
(1.1282 0.0153327 0)
(1.12794 0.016271 0)
(1.12806 0.0171396 0)
(1.12884 0.0181897 0)
(1.1296 0.0192981 0)
(1.12949 0.0199685 0)
(1.12902 0.0207266 0)
(1.12857 0.0215419 0)
(1.1285 0.022149 0)
(1.12879 0.0227602 0)
(1.12979 0.0235649 0)
(1.13056 0.0243526 0)
(1.13058 0.0247816 0)
(1.13029 0.0253859 0)
(1.1301 0.0259695 0)
(1.13025 0.0263665 0)
(1.13082 0.0268745 0)
(1.13176 0.0275257 0)
(1.13209 0.0279585 0)
(1.13209 0.0283781 0)
(1.13203 0.0288783 0)
(1.13225 0.0291984 0)
(1.13272 0.0295318 0)
(1.13355 0.0300131 0)
(1.13405 0.0304243 0)
(1.13423 0.0307261 0)
(1.13415 0.0311412 0)
(1.13419 0.0314846 0)
(1.13444 0.0317098 0)
(1.13492 0.0320665 0)
(1.13546 0.0325504 0)
(1.13558 0.0328758 0)
(1.13546 0.0332344 0)
(1.13514 0.0336287 0)
(1.13512 0.0338835 0)
(1.13533 0.0340808 0)
(1.13583 0.0343831 0)
(1.13623 0.0346748 0)
(1.13649 0.0348547 0)
(1.13659 0.0349914 0)
(1.13652 0.0350514 0)
(1.13678 0.035123 0)
(1.13724 0.0352 0)
(1.13789 0.0353092 0)
(1.1385 0.0353939 0)
(1.13898 0.0354393 0)
(1.13939 0.0354991 0)
(1.13981 0.0355233 0)
(1.14031 0.0355332 0)
(1.1409 0.0355467 0)
(1.14154 0.0355777 0)
(1.14205 0.0356029 0)
(1.14249 0.0356263 0)
(1.14279 0.0356177 0)
(1.14316 0.0356161 0)
(1.14366 0.0356312 0)
(1.14428 0.0356635 0)
(1.14517 0.0356843 0)
(1.14593 0.0356927 0)
(1.1465 0.0356997 0)
(1.14705 0.0356772 0)
(1.14749 0.0356393 0)
(1.14792 0.0356344 0)
(1.14844 0.0356069 0)
(1.149 0.0355798 0)
(1.14954 0.035584 0)
(1.15007 0.0356272 0)
(1.15057 0.0356921 0)
(1.15105 0.0357558 0)
(1.15157 0.0358101 0)
(1.1521 0.0358301 0)
(1.15262 0.0358268 0)
(1.15308 0.0358061 0)
(1.15361 0.03578 0)
(1.15417 0.0357621 0)
(1.15473 0.0357226 0)
(1.15535 0.0356809 0)
(1.15593 0.0356615 0)
(1.15643 0.0356698 0)
(1.1569 0.0356769 0)
(1.15728 0.0356591 0)
(1.1576 0.0355872 0)
(1.15811 0.0354998 0)
(1.15872 0.0354147 0)
(1.15937 0.0352904 0)
(1.16004 0.0351487 0)
(1.16066 0.0350303 0)
(1.16119 0.0349258 0)
(1.16147 0.0348065 0)
(1.16166 0.0346999 0)
(1.16218 0.034644 0)
(1.16279 0.0346133 0)
(1.16343 0.0345875 0)
(1.1641 0.0345318 0)
(1.16478 0.0344427 0)
(1.16545 0.034336 0)
(1.16608 0.034228 0)
(1.1666 0.03413 0)
(1.16684 0.0340267 0)
(1.16706 0.0339316 0)
(1.16762 0.0338661 0)
(1.16825 0.0337975 0)
(1.16896 0.0336724 0)
(1.16973 0.0334985 0)
(1.17039 0.0333738 0)
(1.17099 0.0332501 0)
(1.17152 0.0331116 0)
(1.17212 0.03305 0)
(1.17274 0.033043 0)
(1.17338 0.0330122 0)
(1.14675 -0.0366993 0)
(1.14645 -0.035499 0)
(1.14595 -0.0342932 0)
(1.14541 -0.0330112 0)
(1.14496 -0.031671 0)
(1.14474 -0.0302494 0)
(1.14473 -0.0287079 0)
(1.14454 -0.0271964 0)
(1.14402 -0.0258022 0)
(1.14338 -0.0243727 0)
(1.14282 -0.0228483 0)
(1.14247 -0.0212447 0)
(1.14239 -0.0195608 0)
(1.14232 -0.0179001 0)
(1.1419 -0.0164066 0)
(1.14124 -0.0149528 0)
(1.14058 -0.0134085 0)
(1.1401 -0.0118166 0)
(1.13993 -0.0101952 0)
(1.14002 -0.00851366 0)
(1.13985 -0.00693494 0)
(1.1393 -0.00549433 0)
(1.13871 -0.00403323 0)
(1.13831 -0.00258048 0)
(1.13833 -0.00111756 0)
(1.13886 0.000502643 0)
(1.139 0.00203437 0)
(1.13846 0.00326833 0)
(1.13772 0.00457907 0)
(1.13708 0.00593919 0)
(1.13675 0.00718071 0)
(1.13694 0.00843542 0)
(1.13775 0.00989717 0)
(1.13791 0.0111671 0)
(1.1374 0.012148 0)
(1.13674 0.0132885 0)
(1.13632 0.014378 0)
(1.13626 0.0153395 0)
(1.13686 0.0164578 0)
(1.13765 0.0177266 0)
(1.13753 0.0186157 0)
(1.13708 0.0195486 0)
(1.13673 0.020515 0)
(1.13672 0.0212812 0)
(1.13718 0.0220881 0)
(1.13807 0.0230677 0)
(1.13828 0.0237915 0)
(1.13805 0.0244137 0)
(1.13768 0.0251861 0)
(1.13759 0.0257875 0)
(1.13777 0.026303 0)
(1.13847 0.0269502 0)
(1.13922 0.0276755 0)
(1.13916 0.0281092 0)
(1.13874 0.0286113 0)
(1.13825 0.0291791 0)
(1.13811 0.0295373 0)
(1.13829 0.0299183 0)
(1.13897 0.0304158 0)
(1.13934 0.0308115 0)
(1.1394 0.0310474 0)
(1.13925 0.0314607 0)
(1.13929 0.0318409 0)
(1.13962 0.0320887 0)
(1.1403 0.0324152 0)
(1.14133 0.0328662 0)
(1.14184 0.0331896 0)
(1.1421 0.033472 0)
(1.14218 0.0338351 0)
(1.14246 0.0340735 0)
(1.14291 0.0342622 0)
(1.14363 0.0345539 0)
(1.1443 0.0348753 0)
(1.14468 0.0350698 0)
(1.14487 0.035312 0)
(1.14493 0.0355781 0)
(1.14525 0.0357611 0)
(1.1457 0.0359204 0)
(1.14642 0.0361695 0)
(1.14722 0.0364739 0)
(1.14767 0.0366482 0)
(1.148 0.0368286 0)
(1.14813 0.037052 0)
(1.14841 0.0371941 0)
(1.14887 0.0372739 0)
(1.14941 0.0374661 0)
(1.14986 0.0376363 0)
(1.1502 0.0377833 0)
(1.15045 0.0379021 0)
(1.15085 0.0379697 0)
(1.15134 0.0380703 0)
(1.15198 0.0382274 0)
(1.1525 0.038331 0)
(1.15294 0.0383948 0)
(1.15324 0.0384597 0)
(1.15341 0.038478 0)
(1.15381 0.0384896 0)
(1.15426 0.0385217 0)
(1.15483 0.0386087 0)
(1.15555 0.0387321 0)
(1.15605 0.0388049 0)
(1.15647 0.0388593 0)
(1.1568 0.0389197 0)
(1.15711 0.0389392 0)
(1.15761 0.038933 0)
(1.15818 0.0389111 0)
(1.15881 0.0388407 0)
(1.15943 0.0387714 0)
(1.16 0.0387201 0)
(1.16044 0.0386932 0)
(1.16074 0.0387289 0)
(1.16118 0.0388103 0)
(1.16181 0.0388682 0)
(1.16247 0.0389035 0)
(1.16314 0.0389259 0)
(1.16383 0.0389233 0)
(1.16455 0.0389264 0)
(1.16525 0.0389604 0)
(1.16586 0.0390101 0)
(1.16636 0.0390102 0)
(1.16678 0.0390337 0)
(1.16716 0.0391413 0)
(1.16756 0.0392933 0)
(1.16805 0.0393688 0)
(1.1686 0.0393766 0)
(1.16919 0.0393551 0)
(1.16986 0.0392799 0)
(1.1706 0.0391574 0)
(1.17126 0.0390803 0)
(1.17186 0.0390442 0)
(1.17242 0.0390146 0)
(1.17292 0.0389869 0)
(1.15311 -0.0446893 0)
(1.15324 -0.044334 0)
(1.15323 -0.0439147 0)
(1.15316 -0.0434135 0)
(1.15317 -0.042935 0)
(1.15327 -0.0424362 0)
(1.15346 -0.0418387 0)
(1.15353 -0.0411989 0)
(1.15345 -0.0405528 0)
(1.15332 -0.0398611 0)
(1.15322 -0.0391209 0)
(1.1532 -0.0382989 0)
(1.15325 -0.0373778 0)
(1.15318 -0.0364288 0)
(1.15295 -0.0354807 0)
(1.15265 -0.0344871 0)
(1.15238 -0.0334371 0)
(1.15221 -0.0323303 0)
(1.15215 -0.0311469 0)
(1.15207 -0.0298992 0)
(1.15182 -0.0286393 0)
(1.15143 -0.0273631 0)
(1.15102 -0.0260491 0)
(1.15074 -0.0247094 0)
(1.15071 -0.0233177 0)
(1.15086 -0.0218456 0)
(1.15075 -0.0204208 0)
(1.15028 -0.0190811 0)
(1.1497 -0.0176928 0)
(1.14916 -0.0162456 0)
(1.14881 -0.0147779 0)
(1.14878 -0.0132523 0)
(1.14897 -0.0116701 0)
(1.14882 -0.0101957 0)
(1.1483 -0.00882776 0)
(1.14767 -0.00739488 0)
(1.14714 -0.00592779 0)
(1.14689 -0.00450998 0)
(1.14709 -0.00307381 0)
(1.14747 -0.00157163 0)
(1.14727 -0.000206648 0)
(1.14671 0.00108906 0)
(1.14613 0.00245842 0)
(1.14579 0.00374837 0)
(1.14585 0.00498256 0)
(1.14641 0.00633715 0)
(1.14659 0.00766314 0)
(1.14615 0.00877274 0)
(1.14559 0.00996305 0)
(1.14518 0.0111209 0)
(1.1451 0.012178 0)
(1.14559 0.0133408 0)
(1.14622 0.0146387 0)
(1.14585 0.0156073 0)
(1.14504 0.0165779 0)
(1.14419 0.0176643 0)
(1.14367 0.0185657 0)
(1.14357 0.0194192 0)
(1.14409 0.0204673 0)
(1.14424 0.0214391 0)
(1.1439 0.0221946 0)
(1.14349 0.0231174 0)
(1.14336 0.0239764 0)
(1.14357 0.0247097 0)
(1.14434 0.0255573 0)
(1.1454 0.026545 0)
(1.14566 0.0272293 0)
(1.14554 0.0279079 0)
(1.14527 0.0287206 0)
(1.14532 0.0293278 0)
(1.14565 0.0298296 0)
(1.14649 0.0304668 0)
(1.14739 0.0311809 0)
(1.14759 0.0316266 0)
(1.1475 0.0321687 0)
(1.14735 0.0327788 0)
(1.14751 0.0331907 0)
(1.14794 0.0335926 0)
(1.14884 0.0341313 0)
(1.14952 0.0346335 0)
(1.14972 0.0349169 0)
(1.14966 0.0353293 0)
(1.1496 0.0357278 0)
(1.14987 0.0359534 0)
(1.15038 0.0362294 0)
(1.15118 0.0366013 0)
(1.15162 0.0368636 0)
(1.15185 0.0370947 0)
(1.15196 0.0373955 0)
(1.15225 0.0375727 0)
(1.15266 0.0377222 0)
(1.15338 0.037919 0)
(1.15423 0.038157 0)
(1.15463 0.0382961 0)
(1.15491 0.0384459 0)
(1.15497 0.0386405 0)
(1.15519 0.0387773 0)
(1.15557 0.0388549 0)
(1.15612 0.0389834 0)
(1.15702 0.0391825 0)
(1.15769 0.0393885 0)
(1.15809 0.0395278 0)
(1.15831 0.0397615 0)
(1.15858 0.0399759 0)
(1.15904 0.0400965 0)
(1.15956 0.0402467 0)
(1.16004 0.0403505 0)
(1.16047 0.0404398 0)
(1.16079 0.0405223 0)
(1.16104 0.0405681 0)
(1.16149 0.040584 0)
(1.16203 0.040628 0)
(1.1628 0.040784 0)
(1.16353 0.0410112 0)
(1.16408 0.0411484 0)
(1.16451 0.0413102 0)
(1.16473 0.0413924 0)
(1.16516 0.0413822 0)
(1.16571 0.0413755 0)
(1.16633 0.0414422 0)
(1.16697 0.041612 0)
(1.16746 0.0417657 0)
(1.16784 0.0419767 0)
(1.16812 0.0422647 0)
(1.16854 0.0424549 0)
(1.16905 0.0425261 0)
(1.1697 0.0425551 0)
(1.17041 0.0425185 0)
(1.17102 0.0424635 0)
(1.17162 0.0424085 0)
(1.17218 0.0423515 0)
(1.17267 0.0423198 0)
(1.15438 -0.0444663 0)
(1.15467 -0.0443701 0)
(1.1549 -0.0442656 0)
(1.15506 -0.0441138 0)
(1.1553 -0.0439497 0)
(1.15564 -0.0438039 0)
(1.15603 -0.0436119 0)
(1.15642 -0.0433908 0)
(1.15671 -0.0431888 0)
(1.15694 -0.0429529 0)
(1.15717 -0.0427064 0)
(1.15746 -0.0424794 0)
(1.1578 -0.0422088 0)
(1.15811 -0.0419081 0)
(1.15832 -0.0416099 0)
(1.15847 -0.0412701 0)
(1.15862 -0.0409081 0)
(1.15878 -0.0405555 0)
(1.15901 -0.0402077 0)
(1.1593 -0.0397996 0)
(1.15951 -0.0393285 0)
(1.15955 -0.0388393 0)
(1.15951 -0.0382811 0)
(1.1595 -0.0376978 0)
(1.15954 -0.0371197 0)
(1.15969 -0.0365109 0)
(1.15987 -0.0358127 0)
(1.15985 -0.0350906 0)
(1.15968 -0.0343379 0)
(1.15948 -0.033526 0)
(1.15933 -0.0326884 0)
(1.15929 -0.0318048 0)
(1.15936 -0.0308349 0)
(1.15936 -0.0298282 0)
(1.15917 -0.0288346 0)
(1.15889 -0.0277979 0)
(1.15861 -0.0266954 0)
(1.15842 -0.0255607 0)
(1.15838 -0.024409 0)
(1.15844 -0.0232196 0)
(1.15838 -0.0220063 0)
(1.15809 -0.0207925 0)
(1.15767 -0.0195271 0)
(1.15727 -0.0182194 0)
(1.15703 -0.01692 0)
(1.15704 -0.0155942 0)
(1.15715 -0.0142223 0)
(1.15699 -0.0128752 0)
(1.15658 -0.0115557 0)
(1.15616 -0.0102021 0)
(1.1559 -0.00883989 0)
(1.15595 -0.00743612 0)
(1.15612 -0.00597746 0)
(1.15576 -0.00464212 0)
(1.15496 -0.00340483 0)
(1.15405 -0.00208055 0)
(1.15327 -0.000735982 0)
(1.1528 0.000533709 0)
(1.15281 0.00179583 0)
(1.15303 0.00313171 0)
(1.15282 0.00438813 0)
(1.15237 0.00560653 0)
(1.15202 0.00687398 0)
(1.15193 0.00805766 0)
(1.15226 0.00918632 0)
(1.15304 0.0104104 0)
(1.15344 0.0116214 0)
(1.15322 0.0126375 0)
(1.15279 0.0137777 0)
(1.15249 0.0149214 0)
(1.15246 0.0159055 0)
(1.15289 0.0168781 0)
(1.15382 0.0180043 0)
(1.1541 0.0190098 0)
(1.15381 0.0198492 0)
(1.15343 0.0208365 0)
(1.15327 0.0217162 0)
(1.1534 0.0224808 0)
(1.15408 0.0233372 0)
(1.15479 0.0242637 0)
(1.15475 0.0249125 0)
(1.15445 0.0256456 0)
(1.15419 0.0264543 0)
(1.15422 0.027087 0)
(1.15457 0.0276904 0)
(1.15549 0.0284458 0)
(1.1561 0.0292098 0)
(1.1561 0.029766 0)
(1.15591 0.0305108 0)
(1.15586 0.031191 0)
(1.15607 0.0317098 0)
(1.15666 0.0322965 0)
(1.15759 0.0330104 0)
(1.15795 0.0335527 0)
(1.15796 0.0340143 0)
(1.15771 0.0346248 0)
(1.15767 0.0351452 0)
(1.15792 0.0355041 0)
(1.15853 0.0359635 0)
(1.15952 0.0365791 0)
(1.15995 0.03701 0)
(1.16008 0.037418 0)
(1.16013 0.0379389 0)
(1.16045 0.0383048 0)
(1.16099 0.0387335 0)
(1.16151 0.0391876 0)
(1.16182 0.0394958 0)
(1.16195 0.0398276 0)
(1.16198 0.0401716 0)
(1.16227 0.0404111 0)
(1.16269 0.0406007 0)
(1.16333 0.0408346 0)
(1.16441 0.0411772 0)
(1.1652 0.041519 0)
(1.16561 0.0417196 0)
(1.1658 0.0419929 0)
(1.16572 0.0422716 0)
(1.16596 0.042422 0)
(1.16641 0.0424938 0)
(1.16704 0.042558 0)
(1.16788 0.0426291 0)
(1.16849 0.0427537 0)
(1.16892 0.0429037 0)
(1.16929 0.0431596 0)
(1.16968 0.0434406 0)
(1.17015 0.0435767 0)
(1.17066 0.0436064 0)
(1.17127 0.043571 0)
(1.17205 0.04351 0)
(1.1728 0.0435 0)
(1.17336 0.0435592 0)
(1.17386 0.0436538 0)
(1.15507 -0.0416889 0)
(1.15537 -0.0416862 0)
(1.15555 -0.0416748 0)
(1.15582 -0.0416528 0)
(1.15621 -0.0416399 0)
(1.15662 -0.0416194 0)
(1.15703 -0.0415882 0)
(1.15742 -0.0415588 0)
(1.15777 -0.0415275 0)
(1.15806 -0.0414729 0)
(1.15831 -0.0413747 0)
(1.15865 -0.0412837 0)
(1.15902 -0.0411778 0)
(1.15939 -0.0410393 0)
(1.15971 -0.0409108 0)
(1.15995 -0.0407731 0)
(1.16014 -0.0406176 0)
(1.16043 -0.0404975 0)
(1.16075 -0.0403706 0)
(1.16113 -0.0402102 0)
(1.16152 -0.0400338 0)
(1.16186 -0.0398792 0)
(1.16214 -0.0397416 0)
(1.16234 -0.0395656 0)
(1.1625 -0.0393425 0)
(1.16279 -0.0391673 0)
(1.16313 -0.0389775 0)
(1.16349 -0.0387464 0)
(1.16378 -0.0385291 0)
(1.16397 -0.0383032 0)
(1.16407 -0.0379998 0)
(1.16424 -0.0376946 0)
(1.1645 -0.0374158 0)
(1.16483 -0.0370927 0)
(1.16513 -0.0367428 0)
(1.16529 -0.0364025 0)
(1.16538 -0.0360016 0)
(1.16547 -0.0355686 0)
(1.16561 -0.0351554 0)
(1.16583 -0.0347223 0)
(1.16607 -0.0342092 0)
(1.16618 -0.0336789 0)
(1.16613 -0.0331327 0)
(1.16604 -0.0325256 0)
(1.16598 -0.0319005 0)
(1.16601 -0.0312464 0)
(1.16616 -0.0305117 0)
(1.16633 -0.0297149 0)
(1.16632 -0.0289225 0)
(1.1662 -0.0281091 0)
(1.16606 -0.027236 0)
(1.16596 -0.0263166 0)
(1.16586 -0.0253524 0)
(1.16561 -0.0244009 0)
(1.16514 -0.0234889 0)
(1.16454 -0.0225472 0)
(1.16393 -0.0215292 0)
(1.16343 -0.0204657 0)
(1.16315 -0.0193915 0)
(1.16316 -0.0182866 0)
(1.16324 -0.0171386 0)
(1.16313 -0.0159919 0)
(1.16289 -0.0148108 0)
(1.16268 -0.0135785 0)
(1.16261 -0.0123705 0)
(1.16277 -0.0111928 0)
(1.16311 -0.0099837 0)
(1.16328 -0.00872772 0)
(1.16309 -0.00750391 0)
(1.16275 -0.00623543 0)
(1.16248 -0.00494165 0)
(1.16245 -0.00368694 0)
(1.16276 -0.00242111 0)
(1.16313 -0.00110472 0)
(1.16304 0.000129983 0)
(1.16265 0.00133257 0)
(1.16225 0.00259329 0)
(1.16205 0.00381734 0)
(1.16215 0.00499252 0)
(1.16257 0.00620116 0)
(1.16275 0.00742026 0)
(1.16247 0.00853794 0)
(1.16204 0.00971105 0)
(1.16172 0.0108892 0)
(1.16164 0.0119436 0)
(1.16197 0.0129301 0)
(1.16274 0.0140202 0)
(1.16308 0.0151306 0)
(1.16287 0.0161029 0)
(1.16255 0.0171837 0)
(1.1624 0.0182062 0)
(1.16251 0.0190868 0)
(1.16304 0.0199568 0)
(1.16376 0.0209395 0)
(1.16382 0.0217627 0)
(1.16359 0.0225568 0)
(1.1634 0.023431 0)
(1.16345 0.0242187 0)
(1.1639 0.0250287 0)
(1.16472 0.0259637 0)
(1.16498 0.0267295 0)
(1.16489 0.0273846 0)
(1.16481 0.0281282 0)
(1.16492 0.0288033 0)
(1.16525 0.0294142 0)
(1.1659 0.030086 0)
(1.16645 0.0308142 0)
(1.16655 0.0313847 0)
(1.16652 0.0320516 0)
(1.16656 0.0327245 0)
(1.16678 0.033264 0)
(1.16727 0.0337719 0)
(1.16828 0.0343568 0)
(1.16924 0.0349804 0)
(1.16953 0.0354016 0)
(1.16958 0.0358774 0)
(1.16938 0.0364866 0)
(1.16935 0.0370245 0)
(1.16961 0.0373768 0)
(1.17003 0.0377058 0)
(1.17084 0.0381159 0)
(1.17175 0.0386557 0)
(1.17215 0.0391295 0)
(1.17235 0.0396027 0)
(1.17239 0.0401672 0)
(1.17235 0.0407717 0)
(1.17254 0.0412711 0)
(1.17295 0.0416373 0)
(1.17356 0.0419962 0)
(1.17445 0.0424226 0)
(1.17512 0.0428313 0)
(1.17559 0.0431476 0)
(1.15537 -0.0377489 0)
(1.1557 -0.0377607 0)
(1.15592 -0.0377688 0)
(1.15621 -0.0377679 0)
(1.15663 -0.0377661 0)
(1.15707 -0.0377701 0)
(1.15752 -0.0377713 0)
(1.15796 -0.0377717 0)
(1.15838 -0.03777 0)
(1.15878 -0.037762 0)
(1.15911 -0.0377562 0)
(1.15943 -0.0377461 0)
(1.15979 -0.0377308 0)
(1.16018 -0.0377194 0)
(1.16053 -0.0377119 0)
(1.16078 -0.037707 0)
(1.16092 -0.0377021 0)
(1.16122 -0.0377006 0)
(1.16161 -0.0377016 0)
(1.162 -0.0376959 0)
(1.1624 -0.0376797 0)
(1.1628 -0.0376549 0)
(1.16315 -0.0376157 0)
(1.16339 -0.0375637 0)
(1.16351 -0.0375034 0)
(1.16378 -0.0374569 0)
(1.16415 -0.0374245 0)
(1.16452 -0.037362 0)
(1.16486 -0.0372916 0)
(1.16515 -0.0372033 0)
(1.16534 -0.0370737 0)
(1.16552 -0.0369235 0)
(1.16584 -0.0368216 0)
(1.1662 -0.0366969 0)
(1.16659 -0.0365417 0)
(1.16695 -0.0364061 0)
(1.16725 -0.0362929 0)
(1.1675 -0.0361395 0)
(1.16773 -0.0359513 0)
(1.16804 -0.0358031 0)
(1.16839 -0.0356438 0)
(1.16875 -0.0354577 0)
(1.16905 -0.0352842 0)
(1.1693 -0.035124 0)
(1.16947 -0.0349195 0)
(1.16966 -0.0346832 0)
(1.16995 -0.0344893 0)
(1.17031 -0.0342714 0)
(1.17069 -0.0340221 0)
(1.17093 -0.0337985 0)
(1.17106 -0.0335306 0)
(1.17106 -0.0331949 0)
(1.17099 -0.0328501 0)
(1.17086 -0.0325216 0)
(1.17068 -0.0322065 0)
(1.17047 -0.0318736 0)
(1.17026 -0.0315094 0)
(1.17011 -0.0311154 0)
(1.17004 -0.0307007 0)
(1.17013 -0.0302677 0)
(1.17043 -0.0297954 0)
(1.17085 -0.0292482 0)
(1.1711 -0.0287103 0)
(1.17122 -0.0281479 0)
(1.17131 -0.0275116 0)
(1.17142 -0.0268549 0)
(1.17162 -0.0262099 0)
(1.17193 -0.0255222 0)
(1.17223 -0.0247399 0)
(1.1723 -0.0239693 0)
(1.17224 -0.0231892 0)
(1.17218 -0.022356 0)
(1.17222 -0.0214826 0)
(1.17238 -0.0205744 0)
(1.17254 -0.0196447 0)
(1.17251 -0.0187336 0)
(1.17236 -0.0178049 0)
(1.17221 -0.0168174 0)
(1.17214 -0.0157947 0)
(1.17219 -0.0147628 0)
(1.17231 -0.0137354 0)
(1.17233 -0.0127024 0)
(1.17218 -0.0116501 0)
(1.17194 -0.0105475 0)
(1.17173 -0.00941204 0)
(1.17167 -0.00831469 0)
(1.17185 -0.00726351 0)
(1.17224 -0.00617737 0)
(1.1725 -0.00502724 0)
(1.17241 -0.00390094 0)
(1.17215 -0.00273955 0)
(1.17193 -0.00154777 0)
(1.17186 -0.000418233 0)
(1.17201 0.00064744 0)
(1.17233 0.00175009 0)
(1.17253 0.00291278 0)
(1.17244 0.00404012 0)
(1.17227 0.00515511 0)
(1.17222 0.00625891 0)
(1.17237 0.00733021 0)
(1.17268 0.00842459 0)
(1.17288 0.00956727 0)
(1.17279 0.0106682 0)
(1.17261 0.0117602 0)
(1.1725 0.0128316 0)
(1.17257 0.0138059 0)
(1.17288 0.0147174 0)
(1.17337 0.0157337 0)
(1.17361 0.0168046 0)
(1.17354 0.0178095 0)
(1.17344 0.0188208 0)
(1.17348 0.0197845 0)
(1.17378 0.0206769 0)
(1.17439 0.0215693 0)
(1.17494 0.0225181 0)
(1.17503 0.0233445 0)
(1.17488 0.0241684 0)
(1.17469 0.025086 0)
(1.17466 0.0259129 0)
(1.17487 0.0266333 0)
(1.17547 0.0273718 0)
(1.17639 0.0281584 0)
(1.17675 0.0287853 0)
(1.17675 0.0292748 0)
(1.17671 0.0298479 0)
(1.17679 0.0304544 0)
(1.17704 0.0311224 0)
(1.17757 0.0318968 0)
(1.17838 0.0327519 0)
(1.17886 0.0334715 0)
(1.17906 0.0339718 0)
(1.17931 0.0344091 0)
(1.1551 -0.0332289 0)
(1.1554 -0.0332684 0)
(1.15569 -0.0333006 0)
(1.15613 -0.0333182 0)
(1.15661 -0.0333293 0)
(1.1571 -0.0333392 0)
(1.15758 -0.0333553 0)
(1.15805 -0.0333794 0)
(1.15849 -0.0334103 0)
(1.15878 -0.0334462 0)
(1.15899 -0.0334961 0)
(1.15942 -0.0335353 0)
(1.15991 -0.0335627 0)
(1.16039 -0.0335978 0)
(1.16083 -0.0336289 0)
(1.16121 -0.0336627 0)
(1.16148 -0.0336821 0)
(1.16167 -0.0336941 0)
(1.16198 -0.0337109 0)
(1.16239 -0.0337078 0)
(1.16283 -0.0337115 0)
(1.16324 -0.0337183 0)
(1.16359 -0.0337304 0)
(1.16378 -0.0337346 0)
(1.16398 -0.0337236 0)
(1.16435 -0.0337173 0)
(1.16475 -0.0337163 0)
(1.16515 -0.0337136 0)
(1.16555 -0.0337057 0)
(1.16591 -0.0336914 0)
(1.16618 -0.0336645 0)
(1.16637 -0.0336289 0)
(1.16671 -0.0336108 0)
(1.16712 -0.0336053 0)
(1.16753 -0.03359 0)
(1.16792 -0.0335816 0)
(1.1683 -0.0335619 0)
(1.16861 -0.0335418 0)
(1.16879 -0.0335209 0)
(1.169 -0.0334813 0)
(1.16937 -0.0334591 0)
(1.16976 -0.0334156 0)
(1.17013 -0.0333639 0)
(1.17047 -0.0333103 0)
(1.17073 -0.0332432 0)
(1.17087 -0.033162 0)
(1.1711 -0.0330837 0)
(1.17144 -0.0330289 0)
(1.1718 -0.0329349 0)
(1.17212 -0.0328224 0)
(1.17235 -0.0327262 0)
(1.17246 -0.032659 0)
(1.17238 -0.0325991 0)
(1.17218 -0.0325168 0)
(1.17206 -0.0324361 0)
(1.17199 -0.0323453 0)
(1.17197 -0.032208 0)
(1.17202 -0.0320343 0)
(1.17216 -0.0318464 0)
(1.17243 -0.0316531 0)
(1.17285 -0.0314389 0)
(1.17335 -0.0312207 0)
(1.17386 -0.0310311 0)
(1.17436 -0.0308592 0)
(1.17482 -0.0306885 0)
(1.17521 -0.0304862 0)
(1.17556 -0.0302321 0)
(1.17595 -0.0299743 0)
(1.17636 -0.0297316 0)
(1.17677 -0.0295055 0)
(1.17711 -0.0292943 0)
(1.17736 -0.0290661 0)
(1.17753 -0.0287568 0)
(1.17773 -0.0284304 0)
(1.178 -0.0281403 0)
(1.17827 -0.0278389 0)
(1.17845 -0.0275327 0)
(1.17858 -0.0271799 0)
(1.17873 -0.0267849 0)
(1.17892 -0.0263647 0)
(1.17913 -0.0259126 0)
(1.17932 -0.0254501 0)
(1.17948 -0.0249825 0)
(1.17958 -0.0244825 0)
(1.17963 -0.023931 0)
(1.17971 -0.0233524 0)
(1.17984 -0.0227582 0)
(1.18007 -0.0221191 0)
(1.18036 -0.0214492 0)
(1.18059 -0.0208015 0)
(1.18072 -0.0201583 0)
(1.18077 -0.019464 0)
(1.18081 -0.0187305 0)
(1.18086 -0.0179476 0)
(1.18095 -0.0171376 0)
(1.1811 -0.0163728 0)
(1.1813 -0.0155933 0)
(1.18146 -0.0147611 0)
(1.18153 -0.0139062 0)
(1.18155 -0.0129997 0)
(1.1816 -0.0120553 0)
(1.18171 -0.0111266 0)
(1.1818 -0.0102046 0)
(1.18179 -0.00928113 0)
(1.18172 -0.00833287 0)
(1.18167 -0.00737284 0)
(1.18173 -0.00642449 0)
(1.18194 -0.005471 0)
(1.18227 -0.0045131 0)
(1.1825 -0.00353662 0)
(1.18254 -0.00257885 0)
(1.18251 -0.00160389 0)
(1.18255 -0.000554 0)
(1.18274 0.000535175 0)
(1.18304 0.00160386 0)
(1.18319 0.00262576 0)
(1.18318 0.00360031 0)
(1.18313 0.00457505 0)
(1.18316 0.00556465 0)
(1.18336 0.00659859 0)
(1.18378 0.00771816 0)
(1.18407 0.00880824 0)
(1.18402 0.00972071 0)
(1.18387 0.0105971 0)
(1.18377 0.0115113 0)
(1.18385 0.0124222 0)
(1.18429 0.0133839 0)
(1.1851 0.0145485 0)
(1.18555 0.0156605 0)
(1.18551 0.0165324 0)
(1.18538 0.0174389 0)
(1.18534 0.0183619 0)
(1.15492 -0.0284282 0)
(1.15536 -0.0284629 0)
(1.15579 -0.028487 0)
(1.15621 -0.0285063 0)
(1.15657 -0.0285295 0)
(1.15678 -0.0285705 0)
(1.15693 -0.0286402 0)
(1.15728 -0.0287172 0)
(1.15775 -0.0287934 0)
(1.15822 -0.0288767 0)
(1.15868 -0.0289435 0)
(1.15913 -0.028985 0)
(1.15954 -0.0290102 0)
(1.15981 -0.0290288 0)
(1.15994 -0.0290583 0)
(1.16024 -0.0291025 0)
(1.16068 -0.0291453 0)
(1.16113 -0.0291874 0)
(1.16158 -0.0292263 0)
(1.16203 -0.0292571 0)
(1.16247 -0.0292707 0)
(1.16283 -0.0292751 0)
(1.16307 -0.0292975 0)
(1.16343 -0.0293305 0)
(1.16387 -0.0293448 0)
(1.16431 -0.0293487 0)
(1.16476 -0.0293483 0)
(1.16519 -0.0293538 0)
(1.16562 -0.0293535 0)
(1.16601 -0.0293545 0)
(1.16629 -0.0293581 0)
(1.16651 -0.0293463 0)
(1.16688 -0.0293333 0)
(1.16731 -0.0293325 0)
(1.16773 -0.0293381 0)
(1.16812 -0.0293448 0)
(1.16839 -0.0293742 0)
(1.16852 -0.0294047 0)
(1.16876 -0.0294224 0)
(1.16916 -0.0294443 0)
(1.16959 -0.0294674 0)
(1.17002 -0.0294907 0)
(1.17044 -0.0295145 0)
(1.17082 -0.029542 0)
(1.1711 -0.0295811 0)
(1.17127 -0.0296243 0)
(1.17156 -0.0296479 0)
(1.17195 -0.0296483 0)
(1.17235 -0.0296446 0)
(1.1727 -0.0296423 0)
(1.17297 -0.0296282 0)
(1.17306 -0.0296043 0)
(1.173 -0.0295887 0)
(1.17296 -0.0295847 0)
(1.17294 -0.0295825 0)
(1.17292 -0.0295722 0)
(1.17295 -0.0295525 0)
(1.17306 -0.0295049 0)
(1.17326 -0.0294293 0)
(1.17355 -0.0293529 0)
(1.17394 -0.0293104 0)
(1.17441 -0.0292797 0)
(1.17485 -0.0292173 0)
(1.17527 -0.029126 0)
(1.17576 -0.0290563 0)
(1.17625 -0.029009 0)
(1.17671 -0.0289674 0)
(1.17712 -0.0289183 0)
(1.17743 -0.0288379 0)
(1.1777 -0.028716 0)
(1.17803 -0.0286011 0)
(1.17836 -0.0285084 0)
(1.17866 -0.0284307 0)
(1.17891 -0.0283612 0)
(1.17909 -0.0282589 0)
(1.1793 -0.0281237 0)
(1.17959 -0.0279967 0)
(1.17989 -0.0278565 0)
(1.1802 -0.0276996 0)
(1.18051 -0.0275397 0)
(1.18078 -0.0273847 0)
(1.18102 -0.027217 0)
(1.18132 -0.0270758 0)
(1.18168 -0.0269654 0)
(1.18206 -0.0268309 0)
(1.18242 -0.026679 0)
(1.18273 -0.0265212 0)
(1.183 -0.026329 0)
(1.18327 -0.0261092 0)
(1.18357 -0.0259077 0)
(1.18392 -0.0257272 0)
(1.18429 -0.0255469 0)
(1.18468 -0.0253486 0)
(1.18502 -0.0251326 0)
(1.18527 -0.0249019 0)
(1.18545 -0.0246194 0)
(1.18563 -0.0243184 0)
(1.18582 -0.0240232 0)
(1.18607 -0.0237399 0)
(1.18639 -0.0234169 0)
(1.18664 -0.0230823 0)
(1.18684 -0.0227323 0)
(1.18704 -0.0223194 0)
(1.18722 -0.0218701 0)
(1.18741 -0.0214247 0)
(1.18766 -0.0210051 0)
(1.18791 -0.020582 0)
(1.18822 -0.0201525 0)
(1.18855 -0.0196532 0)
(1.18877 -0.0191164 0)
(1.18897 -0.018636 0)
(1.18927 -0.0181516 0)
(1.18962 -0.0175103 0)
(1.18989 -0.0168103 0)
(1.19006 -0.0161436 0)
(1.19019 -0.0154622 0)
(1.19028 -0.0147317 0)
(1.19041 -0.0140177 0)
(1.19062 -0.0133675 0)
(1.19094 -0.0126447 0)
(1.19123 -0.0118167 0)
(1.19136 -0.0110491 0)
(1.19138 -0.0103077 0)
(1.19138 -0.00951845 0)
(1.19144 -0.0086707 0)
(1.19165 -0.00778706 0)
(1.19213 -0.00690138 0)
(1.19266 -0.00597013 0)
(1.19286 -0.00516447 0)
(1.19292 -0.00443195 0)
(1.19298 -0.00363643 0)
(1.19309 -0.00275391 0)
(1.15416 -0.0238991 0)
(1.1546 -0.0239086 0)
(1.15504 -0.0239211 0)
(1.15545 -0.0239412 0)
(1.15576 -0.0239726 0)
(1.15591 -0.0240009 0)
(1.15612 -0.02401 0)
(1.15653 -0.0240036 0)
(1.15698 -0.0239969 0)
(1.15744 -0.0239909 0)
(1.15791 -0.023997 0)
(1.15838 -0.024033 0)
(1.15883 -0.024105 0)
(1.15924 -0.0241721 0)
(1.15955 -0.0242135 0)
(1.15974 -0.0242207 0)
(1.16 -0.0242044 0)
(1.16039 -0.0241897 0)
(1.16083 -0.0241915 0)
(1.16127 -0.0242196 0)
(1.16168 -0.0242739 0)
(1.16202 -0.0243324 0)
(1.16218 -0.0243658 0)
(1.16233 -0.0243784 0)
(1.16272 -0.0243893 0)
(1.16315 -0.0243997 0)
(1.16358 -0.0244122 0)
(1.16401 -0.024431 0)
(1.16442 -0.0244726 0)
(1.16478 -0.0245285 0)
(1.16505 -0.0245887 0)
(1.16521 -0.0246431 0)
(1.16554 -0.0246975 0)
(1.16599 -0.0247403 0)
(1.16643 -0.0247831 0)
(1.16685 -0.0248282 0)
(1.16719 -0.0248658 0)
(1.16737 -0.0248887 0)
(1.16751 -0.0249195 0)
(1.16784 -0.024959 0)
(1.16827 -0.0249929 0)
(1.1687 -0.0250301 0)
(1.16914 -0.0250758 0)
(1.16956 -0.0251243 0)
(1.16995 -0.0251702 0)
(1.17029 -0.025204 0)
(1.17053 -0.0252199 0)
(1.17074 -0.0252151 0)
(1.17104 -0.0252025 0)
(1.17138 -0.0251933 0)
(1.17166 -0.0251875 0)
(1.17183 -0.0252001 0)
(1.17189 -0.0252187 0)
(1.17189 -0.0252357 0)
(1.17185 -0.0252517 0)
(1.17175 -0.0252615 0)
(1.17164 -0.0252824 0)
(1.17174 -0.0253201 0)
(1.17199 -0.0253383 0)
(1.17237 -0.0253508 0)
(1.17286 -0.025358 0)
(1.17342 -0.0253573 0)
(1.174 -0.0253556 0)
(1.17456 -0.0253662 0)
(1.17507 -0.0253829 0)
(1.17552 -0.0253891 0)
(1.17591 -0.0253762 0)
(1.1763 -0.025351 0)
(1.17672 -0.0253273 0)
(1.17715 -0.025307 0)
(1.17756 -0.0252933 0)
(1.17791 -0.0252869 0)
(1.17812 -0.0252801 0)
(1.17825 -0.0252668 0)
(1.17855 -0.0252553 0)
(1.1789 -0.0252502 0)
(1.17927 -0.0252304 0)
(1.17962 -0.025213 0)
(1.17998 -0.0251911 0)
(1.18031 -0.0251496 0)
(1.18053 -0.0250911 0)
(1.18076 -0.0250376 0)
(1.18116 -0.0250205 0)
(1.18158 -0.0249982 0)
(1.18203 -0.0249442 0)
(1.18247 -0.0248738 0)
(1.18287 -0.0248204 0)
(1.18323 -0.0247737 0)
(1.18353 -0.0247301 0)
(1.1838 -0.0246693 0)
(1.18417 -0.0246055 0)
(1.18458 -0.0245542 0)
(1.185 -0.0244855 0)
(1.18542 -0.0243952 0)
(1.1858 -0.0242998 0)
(1.18612 -0.024211 0)
(1.18634 -0.0241056 0)
(1.18652 -0.023998 0)
(1.1868 -0.0239375 0)
(1.18714 -0.0238654 0)
(1.1875 -0.0238046 0)
(1.1879 -0.0237194 0)
(1.18833 -0.0235827 0)
(1.18878 -0.023415 0)
(1.18923 -0.0232652 0)
(1.18963 -0.0231449 0)
(1.18994 -0.0230003 0)
(1.19024 -0.022827 0)
(1.19061 -0.0226855 0)
(1.19102 -0.0225413 0)
(1.1915 -0.0223821 0)
(1.19203 -0.0221887 0)
(1.19248 -0.0220348 0)
(1.19294 -0.0218644 0)
(1.19337 -0.0216476 0)
(1.19372 -0.0214239 0)
(1.19393 -0.0211859 0)
(1.19411 -0.0209503 0)
(1.19444 -0.0207918 0)
(1.1948 -0.0205863 0)
(1.19524 -0.020342 0)
(1.19575 -0.0200413 0)
(1.19608 -0.0197435 0)
(1.19633 -0.0194463 0)
(1.19655 -0.019113 0)
(1.19684 -0.0187584 0)
(1.19717 -0.0184243 0)
(1.19754 -0.0181265 0)
(1.19793 -0.0178551 0)
(1.19835 -0.0175395 0)
(1.19878 -0.0171575 0)
(1.1992 -0.01671 0)
(1.15503 -0.0193921 0)
(1.15541 -0.0193852 0)
(1.15571 -0.0193744 0)
(1.15584 -0.0193704 0)
(1.15597 -0.0193765 0)
(1.1563 -0.0193861 0)
(1.15671 -0.0193943 0)
(1.15712 -0.0194013 0)
(1.1575 -0.0194042 0)
(1.15775 -0.0193949 0)
(1.15784 -0.0193678 0)
(1.15813 -0.0193393 0)
(1.15858 -0.0193299 0)
(1.15904 -0.019324 0)
(1.15951 -0.0193457 0)
(1.15996 -0.0193749 0)
(1.16039 -0.0193876 0)
(1.1608 -0.0193847 0)
(1.1611 -0.0193627 0)
(1.16125 -0.0193252 0)
(1.16152 -0.0193058 0)
(1.16197 -0.0193045 0)
(1.16244 -0.0193281 0)
(1.1629 -0.0193632 0)
(1.16334 -0.0193832 0)
(1.16373 -0.0194018 0)
(1.16403 -0.0194172 0)
(1.16426 -0.0194259 0)
(1.16461 -0.0194421 0)
(1.16505 -0.0194735 0)
(1.1655 -0.0195172 0)
(1.16595 -0.0195647 0)
(1.16641 -0.0195999 0)
(1.16686 -0.0196287 0)
(1.1673 -0.0196577 0)
(1.16772 -0.019685 0)
(1.16809 -0.0197134 0)
(1.16835 -0.0197485 0)
(1.16847 -0.0197951 0)
(1.16869 -0.0198376 0)
(1.16907 -0.0198675 0)
(1.16951 -0.0198899 0)
(1.16995 -0.0199139 0)
(1.17039 -0.0199319 0)
(1.17078 -0.019955 0)
(1.17106 -0.019996 0)
(1.17126 -0.0200552 0)
(1.17161 -0.0200992 0)
(1.17201 -0.0201118 0)
(1.17238 -0.020112 0)
(1.17266 -0.0201224 0)
(1.17284 -0.0201423 0)
(1.17292 -0.0201771 0)
(1.17292 -0.0202197 0)
(1.17282 -0.0202821 0)
(1.17254 -0.0203655 0)
(1.17243 -0.0204375 0)
(1.17259 -0.0204852 0)
(1.17288 -0.0205141 0)
(1.17331 -0.0205483 0)
(1.17384 -0.020586 0)
(1.17443 -0.0206105 0)
(1.17503 -0.0206338 0)
(1.17554 -0.0206867 0)
(1.17597 -0.0207746 0)
(1.17648 -0.0208486 0)
(1.17701 -0.0208889 0)
(1.17752 -0.0209176 0)
(1.178 -0.0209461 0)
(1.17846 -0.0209718 0)
(1.17887 -0.0209885 0)
(1.1791 -0.0209935 0)
(1.17917 -0.0210054 0)
(1.17948 -0.0210199 0)
(1.17987 -0.0210325 0)
(1.18028 -0.0210539 0)
(1.18067 -0.0210742 0)
(1.18104 -0.021086 0)
(1.18139 -0.0210921 0)
(1.18164 -0.0210907 0)
(1.18174 -0.0210889 0)
(1.18194 -0.0210474 0)
(1.18238 -0.0210243 0)
(1.18285 -0.0210239 0)
(1.18332 -0.0210358 0)
(1.18376 -0.0210647 0)
(1.18416 -0.0211054 0)
(1.18444 -0.0211451 0)
(1.18463 -0.0211737 0)
(1.18491 -0.0211828 0)
(1.18531 -0.0211703 0)
(1.18573 -0.0211418 0)
(1.18617 -0.0211244 0)
(1.1866 -0.0211312 0)
(1.18699 -0.0211452 0)
(1.18732 -0.0211611 0)
(1.18749 -0.021166 0)
(1.18761 -0.0211532 0)
(1.18788 -0.0211069 0)
(1.18821 -0.0210795 0)
(1.18859 -0.0210782 0)
(1.18902 -0.0210839 0)
(1.18948 -0.0210752 0)
(1.18995 -0.0210586 0)
(1.19042 -0.0210371 0)
(1.19088 -0.0210151 0)
(1.19124 -0.0209714 0)
(1.19144 -0.020871 0)
(1.19174 -0.0207508 0)
(1.19213 -0.0206769 0)
(1.19258 -0.0205698 0)
(1.19301 -0.0205318 0)
(1.19348 -0.0205378 0)
(1.19395 -0.0205262 0)
(1.1944 -0.0204859 0)
(1.19478 -0.0204286 0)
(1.19502 -0.0203359 0)
(1.19512 -0.0201901 0)
(1.19541 -0.0200988 0)
(1.19576 -0.0200501 0)
(1.19615 -0.0199404 0)
(1.19665 -0.0198042 0)
(1.19708 -0.0197234 0)
(1.19743 -0.0197146 0)
(1.1978 -0.0197028 0)
(1.19814 -0.0196765 0)
(1.19838 -0.0195948 0)
(1.19862 -0.0194352 0)
(1.19904 -0.0192997 0)
(1.19954 -0.0192413 0)
(1.20007 -0.019167 0)
(1.20063 -0.0190424 0)
(1.15346 -0.0152129 0)
(1.15387 -0.0151772 0)
(1.15422 -0.0151614 0)
(1.15443 -0.0151729 0)
(1.15452 -0.0151905 0)
(1.15477 -0.0151898 0)
(1.15519 -0.0151777 0)
(1.15563 -0.0151574 0)
(1.15607 -0.0151135 0)
(1.15649 -0.0150698 0)
(1.15689 -0.0150466 0)
(1.15725 -0.0150398 0)
(1.15751 -0.0150543 0)
(1.15776 -0.0150885 0)
(1.15814 -0.015108 0)
(1.15856 -0.0151107 0)
(1.15898 -0.0150996 0)
(1.15939 -0.015068 0)
(1.15978 -0.0150379 0)
(1.16008 -0.0150244 0)
(1.16018 -0.0150315 0)
(1.16036 -0.0150519 0)
(1.16077 -0.0150628 0)
(1.16121 -0.0150693 0)
(1.16164 -0.0150744 0)
(1.16206 -0.0150786 0)
(1.16245 -0.0150847 0)
(1.16276 -0.015099 0)
(1.16302 -0.0151219 0)
(1.16336 -0.0151454 0)
(1.16377 -0.0151637 0)
(1.16421 -0.0151736 0)
(1.16464 -0.0151798 0)
(1.16507 -0.0151843 0)
(1.16548 -0.0151862 0)
(1.16582 -0.0151875 0)
(1.16602 -0.0151923 0)
(1.16617 -0.0152087 0)
(1.16647 -0.0152369 0)
(1.16688 -0.0152671 0)
(1.16731 -0.0152925 0)
(1.16775 -0.0153148 0)
(1.16818 -0.015334 0)
(1.16857 -0.0153529 0)
(1.16885 -0.0153697 0)
(1.16901 -0.0153783 0)
(1.1693 -0.0153966 0)
(1.16968 -0.0154232 0)
(1.17001 -0.0154501 0)
(1.17025 -0.0154861 0)
(1.17038 -0.0155263 0)
(1.17042 -0.0155607 0)
(1.17037 -0.0155867 0)
(1.17019 -0.0156123 0)
(1.16997 -0.0156422 0)
(1.17001 -0.0156639 0)
(1.17021 -0.0156932 0)
(1.17054 -0.0157451 0)
(1.17099 -0.0158152 0)
(1.17153 -0.0158791 0)
(1.1721 -0.0159233 0)
(1.1726 -0.0159591 0)
(1.17298 -0.0160003 0)
(1.1735 -0.0160328 0)
(1.17407 -0.0160486 0)
(1.17462 -0.0160796 0)
(1.17513 -0.0161227 0)
(1.17562 -0.0161623 0)
(1.17609 -0.0162251 0)
(1.17654 -0.0162952 0)
(1.17694 -0.0163461 0)
(1.17719 -0.0163634 0)
(1.17725 -0.0163594 0)
(1.17747 -0.0163691 0)
(1.17785 -0.0163828 0)
(1.17825 -0.0164168 0)
(1.17865 -0.0164567 0)
(1.17904 -0.0164907 0)
(1.17943 -0.0165484 0)
(1.17977 -0.0165759 0)
(1.17999 -0.0166008 0)
(1.18012 -0.0166614 0)
(1.18045 -0.0167015 0)
(1.18094 -0.0167195 0)
(1.18142 -0.0167476 0)
(1.18192 -0.016774 0)
(1.18236 -0.0167879 0)
(1.18279 -0.0168019 0)
(1.1832 -0.016837 0)
(1.18356 -0.0169023 0)
(1.18382 -0.0169875 0)
(1.18406 -0.0170521 0)
(1.1844 -0.0170758 0)
(1.18483 -0.0170788 0)
(1.18523 -0.0170707 0)
(1.1856 -0.0170699 0)
(1.18592 -0.0170726 0)
(1.18618 -0.0170743 0)
(1.18641 -0.0170931 0)
(1.1867 -0.0171606 0)
(1.18708 -0.0172553 0)
(1.18753 -0.0173333 0)
(1.18801 -0.0173782 0)
(1.18851 -0.0173847 0)
(1.18904 -0.0173573 0)
(1.18957 -0.0173188 0)
(1.19005 -0.0172885 0)
(1.19045 -0.0172529 0)
(1.19076 -0.0172139 0)
(1.19107 -0.0171852 0)
(1.19142 -0.0172049 0)
(1.19185 -0.0173002 0)
(1.19232 -0.017398 0)
(1.19279 -0.0174525 0)
(1.19324 -0.0174685 0)
(1.19366 -0.0174614 0)
(1.19397 -0.0174449 0)
(1.19411 -0.0174058 0)
(1.19438 -0.0173613 0)
(1.19472 -0.0173253 0)
(1.19514 -0.0172425 0)
(1.19561 -0.017185 0)
(1.196 -0.0171915 0)
(1.19646 -0.0172348 0)
(1.19691 -0.0173258 0)
(1.19733 -0.017403 0)
(1.19771 -0.0174044 0)
(1.19798 -0.0173418 0)
(1.19835 -0.0172714 0)
(1.19889 -0.0172588 0)
(1.19944 -0.017216 0)
(1.2 -0.0171172 0)
(1.15253 -0.0107714 0)
(1.15295 -0.0107356 0)
(1.15332 -0.0107241 0)
(1.15355 -0.0107346 0)
(1.15364 -0.0107457 0)
(1.15391 -0.0107428 0)
(1.15433 -0.0107364 0)
(1.15476 -0.0107091 0)
(1.15517 -0.0106653 0)
(1.15557 -0.0106402 0)
(1.15595 -0.0106312 0)
(1.15625 -0.0106397 0)
(1.15645 -0.0106806 0)
(1.15669 -0.0107115 0)
(1.15708 -0.0107181 0)
(1.1575 -0.0107134 0)
(1.15792 -0.0106732 0)
(1.15832 -0.01061 0)
(1.1587 -0.0105626 0)
(1.15901 -0.0105388 0)
(1.15921 -0.0105509 0)
(1.15937 -0.0105835 0)
(1.15971 -0.0106098 0)
(1.16013 -0.0106278 0)
(1.16055 -0.0106283 0)
(1.16096 -0.010617 0)
(1.16132 -0.0106002 0)
(1.1616 -0.0105942 0)
(1.16188 -0.0106134 0)
(1.16224 -0.0106423 0)
(1.16265 -0.010675 0)
(1.16307 -0.0107012 0)
(1.16349 -0.0107102 0)
(1.16392 -0.0107033 0)
(1.16433 -0.0106909 0)
(1.16471 -0.010678 0)
(1.16502 -0.0106637 0)
(1.16522 -0.0106583 0)
(1.16536 -0.0106917 0)
(1.16562 -0.0107502 0)
(1.16599 -0.0107925 0)
(1.1664 -0.0108183 0)
(1.16682 -0.0108277 0)
(1.16722 -0.0108358 0)
(1.16758 -0.0108372 0)
(1.16782 -0.0108241 0)
(1.16798 -0.0108299 0)
(1.1682 -0.0108691 0)
(1.16844 -0.0109177 0)
(1.16862 -0.010968 0)
(1.16871 -0.0110101 0)
(1.16874 -0.0110384 0)
(1.16872 -0.0110484 0)
(1.16864 -0.0110519 0)
(1.1685 -0.0110541 0)
(1.16845 -0.0110649 0)
(1.16859 -0.0110822 0)
(1.1689 -0.0111248 0)
(1.16933 -0.0111917 0)
(1.16986 -0.0112572 0)
(1.17042 -0.0113053 0)
(1.17092 -0.0113353 0)
(1.1713 -0.0113485 0)
(1.17177 -0.0113533 0)
(1.17231 -0.0113597 0)
(1.17284 -0.0113791 0)
(1.17336 -0.0114204 0)
(1.17382 -0.0114433 0)
(1.17428 -0.0114972 0)
(1.17472 -0.0115701 0)
(1.17511 -0.0116296 0)
(1.17544 -0.0116699 0)
(1.17558 -0.0116944 0)
(1.17562 -0.0117142 0)
(1.17592 -0.0117303 0)
(1.17628 -0.0117504 0)
(1.17667 -0.0117958 0)
(1.17705 -0.0118247 0)
(1.17745 -0.0118785 0)
(1.17784 -0.0119331 0)
(1.17817 -0.0120022 0)
(1.17835 -0.012059 0)
(1.17849 -0.0120905 0)
(1.17891 -0.012112 0)
(1.17939 -0.0121291 0)
(1.17988 -0.0121578 0)
(1.18038 -0.0121838 0)
(1.18081 -0.012199 0)
(1.18124 -0.0122527 0)
(1.18163 -0.0123411 0)
(1.18193 -0.0124277 0)
(1.18214 -0.0124737 0)
(1.18237 -0.0125509 0)
(1.18278 -0.0125788 0)
(1.1832 -0.0125918 0)
(1.18361 -0.0126304 0)
(1.18395 -0.0126568 0)
(1.18423 -0.0126599 0)
(1.18451 -0.0126635 0)
(1.1848 -0.0127129 0)
(1.18516 -0.0128003 0)
(1.18559 -0.0128786 0)
(1.18608 -0.0129321 0)
(1.18659 -0.0129851 0)
(1.18713 -0.0129954 0)
(1.1877 -0.0130023 0)
(1.18823 -0.0129903 0)
(1.18867 -0.0129517 0)
(1.18901 -0.0129068 0)
(1.18928 -0.0128714 0)
(1.18959 -0.0128967 0)
(1.19 -0.013 0)
(1.19047 -0.0131176 0)
(1.19093 -0.013201 0)
(1.19139 -0.0132476 0)
(1.19182 -0.0132624 0)
(1.19217 -0.0132542 0)
(1.19234 -0.0132117 0)
(1.19258 -0.0131563 0)
(1.19293 -0.013125 0)
(1.19335 -0.0130606 0)
(1.19376 -0.0130112 0)
(1.1942 -0.013028 0)
(1.19473 -0.0130921 0)
(1.19524 -0.0132009 0)
(1.19571 -0.0133108 0)
(1.19613 -0.0133629 0)
(1.19646 -0.0133598 0)
(1.19675 -0.0133391 0)
(1.19727 -0.0133307 0)
(1.19783 -0.0133122 0)
(1.1984 -0.0132354 0)
(1.15385 -0.00641571 0)
(1.15428 -0.00641341 0)
(1.1547 -0.00641621 0)
(1.15505 -0.00641148 0)
(1.15525 -0.00638538 0)
(1.15539 -0.0063558 0)
(1.15576 -0.00634339 0)
(1.15618 -0.0063337 0)
(1.15659 -0.00632399 0)
(1.15699 -0.00632713 0)
(1.15738 -0.00633451 0)
(1.15769 -0.00635963 0)
(1.15787 -0.00636402 0)
(1.15801 -0.00633896 0)
(1.15836 -0.0063263 0)
(1.15876 -0.00631837 0)
(1.15917 -0.00628974 0)
(1.15958 -0.00626962 0)
(1.15996 -0.00627226 0)
(1.16034 -0.00628055 0)
(1.16067 -0.00628883 0)
(1.1609 -0.00628685 0)
(1.16107 -0.00627008 0)
(1.16137 -0.00624939 0)
(1.16178 -0.00623248 0)
(1.16218 -0.0062209 0)
(1.16254 -0.00621658 0)
(1.16283 -0.00621712 0)
(1.16309 -0.00622563 0)
(1.16343 -0.00624659 0)
(1.16382 -0.00627338 0)
(1.16423 -0.00627915 0)
(1.16464 -0.00626381 0)
(1.16506 -0.00625588 0)
(1.16547 -0.00623707 0)
(1.16586 -0.00622487 0)
(1.16622 -0.00622686 0)
(1.16655 -0.00623462 0)
(1.16676 -0.00624571 0)
(1.16687 -0.00626121 0)
(1.16707 -0.00627341 0)
(1.16741 -0.00627508 0)
(1.16782 -0.00626302 0)
(1.16823 -0.00625915 0)
(1.16863 -0.00625713 0)
(1.16899 -0.0062534 0)
(1.16924 -0.00624861 0)
(1.16933 -0.00624766 0)
(1.16939 -0.00626001 0)
(1.16949 -0.00627427 0)
(1.16955 -0.00628016 0)
(1.16958 -0.00629059 0)
(1.16959 -0.00628658 0)
(1.16959 -0.00628806 0)
(1.16959 -0.00629411 0)
(1.16959 -0.00629304 0)
(1.16964 -0.00629695 0)
(1.16985 -0.00632041 0)
(1.17024 -0.00635188 0)
(1.17075 -0.00638133 0)
(1.17131 -0.00640026 0)
(1.17186 -0.00640533 0)
(1.17232 -0.00639616 0)
(1.17272 -0.00638645 0)
(1.17321 -0.00638995 0)
(1.17369 -0.00640209 0)
(1.17419 -0.0064354 0)
(1.17465 -0.00644989 0)
(1.17511 -0.00647166 0)
(1.17555 -0.0065009 0)
(1.17595 -0.00652309 0)
(1.17632 -0.00653732 0)
(1.17657 -0.00654136 0)
(1.1766 -0.00654052 0)
(1.1767 -0.0065538 0)
(1.17702 -0.00656653 0)
(1.17737 -0.00660883 0)
(1.17774 -0.00663817 0)
(1.17815 -0.00666068 0)
(1.17857 -0.00668675 0)
(1.17898 -0.00671889 0)
(1.1793 -0.00674406 0)
(1.17945 -0.00675237 0)
(1.17969 -0.0067671 0)
(1.18015 -0.0067806 0)
(1.18062 -0.00681071 0)
(1.18114 -0.00686028 0)
(1.18158 -0.00688401 0)
(1.18202 -0.00691385 0)
(1.18245 -0.00696366 0)
(1.18281 -0.00700701 0)
(1.18306 -0.00703442 0)
(1.18323 -0.00708058 0)
(1.18357 -0.00712565 0)
(1.18398 -0.00714018 0)
(1.18439 -0.00717745 0)
(1.18478 -0.00722128 0)
(1.18508 -0.00723189 0)
(1.1854 -0.00724604 0)
(1.18575 -0.00728026 0)
(1.18612 -0.0073305 0)
(1.18655 -0.00738262 0)
(1.18703 -0.00741944 0)
(1.18755 -0.00746341 0)
(1.1881 -0.00750728 0)
(1.1887 -0.00752183 0)
(1.18927 -0.00754856 0)
(1.18977 -0.00756311 0)
(1.19015 -0.00756462 0)
(1.19048 -0.00757247 0)
(1.19079 -0.00759945 0)
(1.19116 -0.00764667 0)
(1.1916 -0.00770514 0)
(1.19206 -0.00776268 0)
(1.19252 -0.00780907 0)
(1.19297 -0.00784057 0)
(1.19337 -0.00785806 0)
(1.19361 -0.00786281 0)
(1.19384 -0.00785782 0)
(1.19417 -0.00785593 0)
(1.19457 -0.00783955 0)
(1.19493 -0.00782974 0)
(1.19543 -0.00784845 0)
(1.19598 -0.00789569 0)
(1.19652 -0.00795841 0)
(1.19701 -0.00801992 0)
(1.19748 -0.00806352 0)
(1.19789 -0.00807671 0)
(1.19816 -0.00806427 0)
(1.19856 -0.00805269 0)
(1.19912 -0.00805012 0)
(1.19968 -0.00803794 0)
(1.15158 -0.00267427 0)
(1.15202 -0.00268795 0)
(1.15243 -0.00270215 0)
(1.1528 -0.00270537 0)
(1.15301 -0.00269809 0)
(1.15311 -0.00268803 0)
(1.15342 -0.00268407 0)
(1.15384 -0.00268464 0)
(1.15426 -0.00269223 0)
(1.15466 -0.00270475 0)
(1.15505 -0.00272489 0)
(1.15537 -0.00275498 0)
(1.15556 -0.00275577 0)
(1.15565 -0.00273311 0)
(1.15596 -0.00271393 0)
(1.15637 -0.00270499 0)
(1.15679 -0.00269298 0)
(1.15721 -0.00269896 0)
(1.1576 -0.00271 0)
(1.15798 -0.0027311 0)
(1.15832 -0.00275166 0)
(1.15855 -0.00276246 0)
(1.15868 -0.0027525 0)
(1.15894 -0.0027391 0)
(1.15934 -0.00272089 0)
(1.15975 -0.00271627 0)
(1.16013 -0.00271937 0)
(1.16044 -0.00272832 0)
(1.1607 -0.00274188 0)
(1.16102 -0.00276094 0)
(1.1614 -0.00277842 0)
(1.1618 -0.00278783 0)
(1.16221 -0.00277398 0)
(1.16263 -0.00277054 0)
(1.16305 -0.00276696 0)
(1.16345 -0.00276794 0)
(1.16381 -0.00277217 0)
(1.16413 -0.00277879 0)
(1.16435 -0.00278711 0)
(1.16444 -0.00279346 0)
(1.1646 -0.00279605 0)
(1.16493 -0.00279277 0)
(1.16533 -0.00278191 0)
(1.16575 -0.00278109 0)
(1.16615 -0.00278091 0)
(1.16652 -0.0027819 0)
(1.16679 -0.0027833 0)
(1.16688 -0.00278711 0)
(1.16688 -0.00279118 0)
(1.16695 -0.00278665 0)
(1.16699 -0.00278264 0)
(1.16704 -0.00278224 0)
(1.16705 -0.00277853 0)
(1.16706 -0.00277987 0)
(1.16708 -0.00278557 0)
(1.16709 -0.00279334 0)
(1.16713 -0.00280577 0)
(1.1673 -0.00281605 0)
(1.16767 -0.00281889 0)
(1.16818 -0.00281601 0)
(1.16874 -0.00280817 0)
(1.16931 -0.00280062 0)
(1.16979 -0.002795 0)
(1.17019 -0.00279764 0)
(1.17066 -0.00280488 0)
(1.17113 -0.00281494 0)
(1.1716 -0.00283514 0)
(1.17204 -0.00284139 0)
(1.17249 -0.00284179 0)
(1.17291 -0.00283416 0)
(1.17331 -0.00282278 0)
(1.17368 -0.00281256 0)
(1.17394 -0.00280482 0)
(1.174 -0.00280264 0)
(1.17407 -0.00281208 0)
(1.17436 -0.00282147 0)
(1.1747 -0.0028393 0)
(1.17505 -0.00284888 0)
(1.17544 -0.00285143 0)
(1.17586 -0.00284505 0)
(1.17626 -0.00283441 0)
(1.17661 -0.00282435 0)
(1.17678 -0.00281734 0)
(1.177 -0.00282216 0)
(1.17744 -0.00282774 0)
(1.17789 -0.00284175 0)
(1.1784 -0.00286637 0)
(1.17883 -0.00287777 0)
(1.17926 -0.00288583 0)
(1.17968 -0.00289093 0)
(1.18005 -0.00289125 0)
(1.18031 -0.00286572 0)
(1.18047 -0.00287785 0)
(1.18078 -0.00289056 0)
(1.18119 -0.00289296 0)
(1.18159 -0.00290559 0)
(1.18199 -0.00293028 0)
(1.18229 -0.00294052 0)
(1.18261 -0.00295343 0)
(1.18296 -0.00296362 0)
(1.18332 -0.00296237 0)
(1.18373 -0.00296021 0)
(1.18421 -0.00294519 0)
(1.18471 -0.00295483 0)
(1.18528 -0.00295432 0)
(1.18588 -0.00295716 0)
(1.18646 -0.0029785 0)
(1.18698 -0.00300698 0)
(1.18736 -0.00301737 0)
(1.1877 -0.00304013 0)
(1.188 -0.00306273 0)
(1.18834 -0.00305623 0)
(1.18875 -0.00303996 0)
(1.18921 -0.00303121 0)
(1.18968 -0.00302534 0)
(1.19014 -0.00302153 0)
(1.19056 -0.0030217 0)
(1.19084 -0.00302881 0)
(1.1911 -0.00304165 0)
(1.19143 -0.00305046 0)
(1.19181 -0.0030854 0)
(1.19215 -0.00310423 0)
(1.19264 -0.00311713 0)
(1.19317 -0.00313551 0)
(1.19371 -0.00314339 0)
(1.19422 -0.00312489 0)
(1.19471 -0.00311083 0)
(1.19516 -0.00311064 0)
(1.19547 -0.00310925 0)
(1.19587 -0.00310905 0)
(1.19645 -0.00311284 0)
(1.19701 -0.00312858 0)
)
;

boundaryField
{
    inlet
    {
        type            fixedValue;
        value           nonuniform 0();
    }
    outlet
    {
        type            inletOutlet;
        inletValue      nonuniform 0();
        value           nonuniform 0();
    }
    bottom
    {
        type            symmetryPlane;
    }
    top
    {
        type            symmetryPlane;
    }
    obstacle
    {
        type            slip;
    }
    front
    {
        type            empty;
    }
    back
    {
        type            empty;
    }
    procBoundary54to46
    {
        type            processor;
        value           nonuniform List<vector> 
133
(
(1.15515 0.00112137 0)
(1.15568 0.00108098 0)
(1.15604 0.0010646 0)
(1.15617 0.00109712 0)
(1.15654 0.0011677 0)
(1.1571 0.00121439 0)
(1.15769 0.00128141 0)
(1.1583 0.00132973 0)
(1.15884 0.00133407 0)
(1.15933 0.00131846 0)
(1.15975 0.00127569 0)
(1.16005 0.00121116 0)
(1.16039 0.00116135 0)
(1.16085 0.0011514 0)
(1.16134 0.00115838 0)
(1.16194 0.00118363 0)
(1.16276 0.00122625 0)
(1.16366 0.00124991 0)
(1.16432 0.00121981 0)
(1.16483 0.00115428 0)
(1.16526 0.00100494 0)
(1.16551 0.000775432 0)
(1.1653 0.000522607 0)
(1.16459 0.000323751 0)
(1.16443 0.000216823 0)
(1.1649 0.000201428 0)
(1.16545 0.000259408 0)
(1.166 0.00033656 0)
(1.16662 0.000379478 0)
(1.16728 0.000401914 0)
(1.16798 0.000432512 0)
(1.16878 0.000481767 0)
(1.16959 0.000538164 0)
(1.17032 0.000559443 0)
(1.17102 0.00055803 0)
(1.17169 0.000547191 0)
(1.17229 0.000523343 0)
(1.17291 0.000495277 0)
(1.17356 0.000479414 0)
(1.17421 0.000470269 0)
(1.17491 0.000463542 0)
(1.17574 0.000463236 0)
(1.10572 0.0219053 0)
(1.10592 0.0217289 0)
(1.10635 0.0215658 0)
(1.10699 0.0214533 0)
(1.10775 0.0213251 0)
(1.10856 0.0211878 0)
(1.10924 0.0210724 0)
(1.10986 0.0209512 0)
(1.11031 0.0207847 0)
(1.11063 0.0206037 0)
(1.1112 0.0204866 0)
(1.1119 0.0204158 0)
(1.11271 0.0203137 0)
(1.11357 0.0201649 0)
(1.11433 0.0200197 0)
(1.11503 0.0198687 0)
(1.11562 0.0196864 0)
(1.11611 0.0194681 0)
(1.1167 0.0192327 0)
(1.11743 0.0190045 0)
(1.11822 0.0187258 0)
(1.11901 0.0184057 0)
(1.11974 0.0181046 0)
(1.12038 0.0178503 0)
(1.12092 0.0176451 0)
(1.1213 0.0174413 0)
(1.12166 0.0171775 0)
(1.12232 0.0169332 0)
(1.12311 0.0166972 0)
(1.12395 0.0164135 0)
(1.12478 0.0161364 0)
(1.12553 0.0158932 0)
(1.12621 0.0156457 0)
(1.12682 0.0153655 0)
(1.1273 0.015043 0)
(1.12759 0.0146814 0)
(1.12786 0.0143225 0)
(1.1284 0.0140872 0)
(1.12907 0.0139663 0)
(1.1298 0.0138512 0)
(1.13057 0.0137327 0)
(1.13129 0.0136362 0)
(1.13198 0.0135516 0)
(1.13263 0.0134434 0)
(1.1332 0.0132895 0)
(1.13351 0.0130737 0)
(1.13347 0.0128065 0)
(1.13369 0.0125775 0)
(1.13425 0.0124439 0)
(1.13488 0.0123048 0)
(1.13558 0.0121496 0)
(1.13635 0.0119703 0)
(1.13699 0.0117725 0)
(1.13753 0.0115633 0)
(1.13802 0.011318 0)
(1.13841 0.0110515 0)
(1.13862 0.0107648 0)
(1.13846 0.0104388 0)
(1.13818 0.0101229 0)
(1.13847 0.0099585 0)
(1.139 0.00989709 0)
(1.13959 0.00981967 0)
(1.14031 0.00973632 0)
(1.14123 0.00964995 0)
(1.14219 0.00952977 0)
(1.14291 0.00939174 0)
(1.14354 0.00924568 0)
(1.1441 0.00905914 0)
(1.14453 0.00883444 0)
(1.14459 0.00854931 0)
(1.14439 0.00824319 0)
(1.14473 0.00807901 0)
(1.14533 0.00804742 0)
(1.14596 0.00802841 0)
(1.1467 0.00804544 0)
(1.14758 0.00811279 0)
(1.1484 0.00819629 0)
(1.14904 0.0082227 0)
(1.14965 0.00820044 0)
(1.15021 0.00811602 0)
(1.15056 0.00795709 0)
(1.15039 0.00769783 0)
(1.15008 0.00740254 0)
(1.15044 0.00720066 0)
(1.151 0.00710682 0)
(1.1516 0.0070258 0)
(1.15229 0.0069303 0)
(1.15296 0.00682389 0)
(1.15353 0.00673546 0)
(1.15408 0.00664466 0)
(1.15408 0.00664466 0)
)
;
    }
    procBoundary54to47
    {
        type            processor;
        value           uniform (1.17599 0.00574001 0);
    }
    procBoundary54to53
    {
        type            processor;
        value           nonuniform List<vector> 
19
(
(1.10481 0.025117 0)
(1.108 0.0239108 0)
(1.11163 0.0193887 0)
(1.12046 0.00458898 0)
(1.13396 -0.0179534 0)
(1.14678 -0.0379322 0)
(1.15283 -0.045047 0)
(1.15405 -0.0445845 0)
(1.15469 -0.0416901 0)
(1.15497 -0.0377391 0)
(1.1547 -0.0331895 0)
(1.1545 -0.0283855 0)
(1.15373 -0.0238886 0)
(1.15462 -0.0193883 0)
(1.15304 -0.0152361 0)
(1.15304 -0.0152361 0)
(1.1521 -0.0107976 0)
(1.15342 -0.00642082 0)
(1.15114 -0.00267114 0)
)
;
    }
    procBoundary54to55
    {
        type            processor;
        value           nonuniform List<vector> 
19
(
(1.17516 0.0107241 0)
(1.17377 0.0156421 0)
(1.17344 0.0208621 0)
(1.17353 0.0265665 0)
(1.17407 0.0329794 0)
(1.17333 0.0389581 0)
(1.17298 0.042322 0)
(1.17427 0.0437936 0)
(1.17596 0.0434417 0)
(1.17964 0.0348227 0)
(1.18543 0.0192578 0)
(1.19327 -0.00180575 0)
(1.19951 -0.0162137 0)
(1.20118 -0.0188869 0)
(1.20118 -0.0188869 0)
(1.20063 -0.016941 0)
(1.19907 -0.0130924 0)
(1.20033 -0.00801069 0)
(1.19767 -0.0031622 0)
)
;
    }
}


// ************************************************************************* //
