/*--------------------------------*- C++ -*----------------------------------*\
  =========                 |
  \\      /  F ield         | OpenFOAM: The Open Source CFD Toolbox
   \\    /   O peration     | Website:  https://openfoam.org
    \\  /    A nd           | Version:  7
     \\/     M anipulation  |
\*---------------------------------------------------------------------------*/
FoamFile
{
    version     2.0;
    format      ascii;
    class       volVectorField;
    location    "4.5";
    object      U;
}
// * * * * * * * * * * * * * * * * * * * * * * * * * * * * * * * * * * * * * //

dimensions      [0 1 -1 0 0 0 0];

internalField   nonuniform List<vector> 
2413
(
(1.4521 0.218438 0)
(1.44458 0.212728 0)
(1.43702 0.208397 0)
(1.43261 0.205201 0)
(1.4319 0.20331 0)
(1.43365 0.201828 0)
(1.43624 0.200133 0)
(1.43927 0.197236 0)
(1.44137 0.240826 0)
(1.43884 0.234515 0)
(1.43369 0.228475 0)
(1.4295 0.224889 0)
(1.42764 0.223941 0)
(1.42824 0.223675 0)
(1.43099 0.222224 0)
(1.43567 0.217993 0)
(1.4285 0.264203 0)
(1.43267 0.253645 0)
(1.43185 0.245792 0)
(1.42893 0.242812 0)
(1.42717 0.24304 0)
(1.4274 0.24323 0)
(1.42979 0.241612 0)
(1.43431 0.237283 0)
(1.41535 0.285521 0)
(1.4238 0.27209 0)
(1.42585 0.264374 0)
(1.42587 0.260387 0)
(1.42631 0.259625 0)
(1.42753 0.259597 0)
(1.43059 0.257189 0)
(1.43572 0.252527 0)
(1.39144 0.309825 0)
(1.40428 0.294113 0)
(1.4163 0.28054 0)
(1.42277 0.273215 0)
(1.42498 0.273062 0)
(1.42709 0.273757 0)
(1.43146 0.270914 0)
(1.43751 0.266425 0)
(1.37228 0.326722 0)
(1.38702 0.312037 0)
(1.40314 0.297683 0)
(1.41287 0.291468 0)
(1.42073 0.286488 0)
(1.42741 0.282739 0)
(1.43337 0.280159 0)
(1.44025 0.277443 0)
(1.36433 0.33215 0)
(1.37092 0.330081 0)
(1.3853 0.320976 0)
(1.40095 0.309924 0)
(1.4149 0.299681 0)
(1.4242 0.293631 0)
(1.43245 0.289196 0)
(1.44264 0.284661 0)
(1.36686 0.325487 0)
(1.36981 0.332446 0)
(1.37554 0.330214 0)
(1.38683 0.324193 0)
(1.40158 0.315812 0)
(1.41433 0.307666 0)
(1.42629 0.299909 0)
(1.44067 0.293148 0)
(1.4287 0.271082 0)
(1.38689 0.31656 0)
(1.37794 0.327298 0)
(1.38167 0.325724 0)
(1.38944 0.322797 0)
(1.39993 0.318854 0)
(1.4137 0.312736 0)
(1.4302 0.30667 0)
(1.54928 0.163027 0)
(1.44059 0.261408 0)
(1.39008 0.316529 0)
(1.38291 0.315838 0)
(1.38568 0.317445 0)
(1.3915 0.320032 0)
(1.40228 0.319504 0)
(1.41889 0.316497 0)
(1.63058 0.0855627 0)
(1.55638 0.154107 0)
(1.4585 0.244178 0)
(1.40216 0.286907 0)
(1.37738 0.312324 0)
(1.38303 0.315821 0)
(1.39521 0.316102 0)
(1.41181 0.314963 0)
(1.64275 0.0715008 0)
(1.61661 0.0915918 0)
(1.55571 0.143079 0)
(1.46525 0.215944 0)
(1.3914 0.275791 0)
(1.38637 0.288838 0)
(1.39195 0.303887 0)
(1.40612 0.314989 0)
(1.63597 0.0757161 0)
(1.62068 0.083599 0)
(1.59611 0.0959768 0)
(1.54059 0.129997 0)
(1.45808 0.1928 0)
(1.40841 0.246207 0)
(1.39344 0.281115 0)
(1.40004 0.300053 0)
(1.62884 0.0847927 0)
(1.61589 0.0891747 0)
(1.59549 0.0952818 0)
(1.5635 0.102349 0)
(1.51845 0.124864 0)
(1.46723 0.171569 0)
(1.43283 0.222271 0)
(1.41253 0.264053 0)
(1.62385 0.0962283 0)
(1.61254 0.0983283 0)
(1.59247 0.101934 0)
(1.56094 0.106364 0)
(1.52914 0.114423 0)
(1.505 0.13136 0)
(1.47931 0.162705 0)
(1.45686 0.202007 0)
(1.62108 0.109204 0)
(1.60865 0.111803 0)
(1.58737 0.116465 0)
(1.55635 0.118485 0)
(1.52565 0.124941 0)
(1.50764 0.133987 0)
(1.49949 0.143452 0)
(1.49138 0.159401 0)
(1.61969 0.127713 0)
(1.60527 0.130952 0)
(1.58222 0.137946 0)
(1.54914 0.14007 0)
(1.52227 0.142798 0)
(1.50803 0.145818 0)
(1.50293 0.148923 0)
(1.5024 0.152396 0)
(1.61517 0.154688 0)
(1.59738 0.159186 0)
(1.57571 0.166539 0)
(1.54154 0.167033 0)
(1.51645 0.164322 0)
(1.50981 0.161058 0)
(1.50759 0.156703 0)
(1.50762 0.156366 0)
(1.60279 0.192913 0)
(1.58472 0.191021 0)
(1.57033 0.191359 0)
(1.54038 0.18941 0)
(1.51442 0.183588 0)
(1.51037 0.177102 0)
(1.50893 0.170634 0)
(1.51124 0.167023 0)
(1.84385 0.0343619 0)
(1.84828 0.0420806 0)
(1.85202 0.0501175 0)
(1.85542 0.0570333 0)
(1.85902 0.0630728 0)
(1.86251 0.0695391 0)
(1.86574 0.0771278 0)
(1.86888 0.084913 0)
(1.87231 0.0920919 0)
(1.87669 0.101533 0)
(1.88305 0.115494 0)
(1.89112 0.130078 0)
(1.90111 0.145673 0)
(1.91277 0.167275 0)
(1.92478 0.190916 0)
(1.93658 0.208525 0)
(1.9472 0.220033 0)
(1.95432 0.227901 0)
(1.95395 0.228458 0)
(1.44197 0.193018 0)
(1.44498 0.185536 0)
(1.45041 0.174377 0)
(1.45516 0.16399 0)
(1.45797 0.15245 0)
(1.46435 0.138206 0)
(1.47164 0.125746 0)
(1.47888 0.11992 0)
(1.48763 0.116918 0)
(1.49792 0.114744 0)
(1.50898 0.112517 0)
(1.52124 0.109501 0)
(1.53422 0.109414 0)
(1.54742 0.116553 0)
(1.56045 0.125766 0)
(1.5716 0.124289 0)
(1.57688 0.106493 0)
(1.58013 0.0856569 0)
(1.58152 0.0757202 0)
(1.5802 0.0658612 0)
(1.58379 0.0514394 0)
(1.58828 0.0359931 0)
(1.59009 0.025839 0)
(1.59271 0.0221555 0)
(1.59772 0.019553 0)
(1.60708 0.0124628 0)
(1.61736 -0.00108015 0)
(1.62942 -0.0133352 0)
(1.64259 -0.0193434 0)
(1.65738 -0.024758 0)
(1.67445 -0.0300932 0)
(1.69279 -0.0380622 0)
(1.71105 -0.0503693 0)
(1.72799 -0.06237 0)
(1.74253 -0.0755365 0)
(1.75563 -0.0885839 0)
(1.76753 -0.107042 0)
(1.78068 -0.118019 0)
(1.79339 -0.12291 0)
(1.80292 -0.133419 0)
(1.81033 -0.142691 0)
(1.81565 -0.145559 0)
(1.81902 -0.145557 0)
(1.82219 -0.147538 0)
(1.8243 -0.152259 0)
(1.82546 -0.159064 0)
(1.82719 -0.165775 0)
(1.82951 -0.168807 0)
(1.83018 -0.16552 0)
(1.82956 -0.159381 0)
(1.83038 -0.154358 0)
(1.83107 -0.146809 0)
(1.82878 -0.143443 0)
(1.82658 -0.139001 0)
(1.82098 -0.13114 0)
(1.81536 -0.122651 0)
(1.80853 -0.113847 0)
(1.79398 -0.100044 0)
(1.78255 -0.0882496 0)
(1.77277 -0.0843943 0)
(1.76238 -0.0799698 0)
(1.75648 -0.0730769 0)
(1.75172 -0.0710056 0)
(1.7473 -0.0707015 0)
(1.74542 -0.0695074 0)
(1.74441 -0.0682144 0)
(1.74359 -0.0664047 0)
(1.74202 -0.0654434 0)
(1.74003 -0.065335 0)
(1.73918 -0.0652897 0)
(1.73882 -0.0648176 0)
(1.73906 -0.0626574 0)
(1.73975 -0.0596751 0)
(1.7409 -0.0574263 0)
(1.74269 -0.0543779 0)
(1.74515 -0.0497039 0)
(1.74853 -0.0439876 0)
(1.75219 -0.0388812 0)
(1.75586 -0.0352339 0)
(1.75995 -0.0317822 0)
(1.76506 -0.0274864 0)
(1.77096 -0.0227064 0)
(1.7768 -0.0180892 0)
(1.78218 -0.0145437 0)
(1.7869 -0.0127394 0)
(1.79096 -0.0119409 0)
(1.7949 -0.0108101 0)
(1.79909 -0.00926612 0)
(1.8028 -0.00749626 0)
(1.80598 -0.00466105 0)
(1.80931 -0.00171919 0)
(1.81236 -0.000530629 0)
(1.81495 0.000730114 0)
(1.81778 0.0027411 0)
(1.82191 0.00634771 0)
(1.82562 0.00964835 0)
(1.8281 0.0104407 0)
(1.83191 0.0131019 0)
(1.83543 0.0176398 0)
(1.83862 0.022513 0)
(1.84177 0.027139 0)
(1.84492 0.0330157 0)
(1.84822 0.0411333 0)
(1.85129 0.0494529 0)
(1.85443 0.0565009 0)
(1.85753 0.0632593 0)
(1.86003 0.0701757 0)
(1.86212 0.077164 0)
(1.86433 0.0842892 0)
(1.86667 0.0911108 0)
(1.86924 0.0997422 0)
(1.87225 0.110683 0)
(1.87642 0.121354 0)
(1.88249 0.134474 0)
(1.89057 0.153583 0)
(1.9007 0.174111 0)
(1.91212 0.191579 0)
(1.92262 0.20675 0)
(1.93149 0.218105 0)
(1.93893 0.221296 0)
(1.44074 0.211747 0)
(1.44497 0.203714 0)
(1.45082 0.191591 0)
(1.45683 0.178785 0)
(1.46051 0.168237 0)
(1.46454 0.155711 0)
(1.47115 0.142493 0)
(1.47679 0.134929 0)
(1.48369 0.132303 0)
(1.49321 0.129397 0)
(1.50395 0.126245 0)
(1.51483 0.125068 0)
(1.52597 0.125575 0)
(1.53779 0.126222 0)
(1.55174 0.127156 0)
(1.56785 0.129207 0)
(1.57823 0.127757 0)
(1.58372 0.109914 0)
(1.59015 0.0870602 0)
(1.59277 0.0704658 0)
(1.59871 0.0576626 0)
(1.60534 0.0481088 0)
(1.61127 0.0395216 0)
(1.61749 0.0321065 0)
(1.62484 0.0235135 0)
(1.63328 0.0118064 0)
(1.64108 -0.00368982 0)
(1.64987 -0.0171852 0)
(1.66014 -0.0267868 0)
(1.6732 -0.0368488 0)
(1.68722 -0.0491959 0)
(1.70192 -0.0605499 0)
(1.71679 -0.072585 0)
(1.73046 -0.0851303 0)
(1.74381 -0.0937071 0)
(1.75738 -0.101087 0)
(1.77103 -0.111653 0)
(1.78382 -0.124436 0)
(1.79461 -0.136361 0)
(1.80259 -0.150214 0)
(1.8046 -0.160202 0)
(1.80682 -0.163851 0)
(1.81177 -0.164759 0)
(1.81597 -0.16644 0)
(1.81959 -0.169618 0)
(1.82318 -0.17385 0)
(1.82706 -0.178125 0)
(1.8317 -0.180947 0)
(1.83672 -0.18123 0)
(1.83995 -0.180693 0)
(1.84233 -0.179317 0)
(1.84408 -0.175429 0)
(1.84257 -0.170434 0)
(1.83942 -0.163476 0)
(1.83846 -0.156601 0)
(1.83371 -0.145269 0)
(1.83062 -0.136812 0)
(1.81927 -0.118705 0)
(1.81039 -0.104759 0)
(1.80199 -0.0980714 0)
(1.78432 -0.0810359 0)
(1.77181 -0.0699271 0)
(1.76336 -0.0691587 0)
(1.7581 -0.065017 0)
(1.75389 -0.0611114 0)
(1.7505 -0.0589746 0)
(1.74869 -0.0577258 0)
(1.74669 -0.0578476 0)
(1.74514 -0.0589951 0)
(1.74424 -0.0607564 0)
(1.74362 -0.0609139 0)
(1.7437 -0.0589869 0)
(1.74402 -0.0564377 0)
(1.74495 -0.0546462 0)
(1.74665 -0.0524046 0)
(1.74899 -0.048731 0)
(1.75277 -0.0437065 0)
(1.75706 -0.0390884 0)
(1.7611 -0.0358829 0)
(1.76529 -0.032996 0)
(1.76998 -0.0292548 0)
(1.77539 -0.0247894 0)
(1.78114 -0.0200235 0)
(1.78689 -0.0157435 0)
(1.7922 -0.0127225 0)
(1.79671 -0.01096 0)
(1.80051 -0.00963122 0)
(1.80428 -0.00800051 0)
(1.80791 -0.00605698 0)
(1.81096 -0.00335702 0)
(1.81376 0.00062455 0)
(1.81715 0.00288973 0)
(1.81992 0.00404848 0)
(1.82276 0.00583615 0)
(1.82657 0.00909562 0)
(1.82854 0.0107905 0)
(1.83133 0.0116711 0)
(1.83463 0.0141012 0)
(1.83759 0.0178392 0)
(1.84032 0.0222477 0)
(1.843 0.0270828 0)
(1.84574 0.0335387 0)
(1.84825 0.0417245 0)
(1.85037 0.0490925 0)
(1.85263 0.055489 0)
(1.85481 0.062944 0)
(1.85641 0.0711838 0)
(1.8578 0.078962 0)
(1.85961 0.0858849 0)
(1.86162 0.0926815 0)
(1.86337 0.101137 0)
(1.86501 0.110143 0)
(1.86747 0.118821 0)
(1.87067 0.130127 0)
(1.87539 0.144754 0)
(1.88266 0.160597 0)
(1.89177 0.177649 0)
(1.90075 0.194396 0)
(1.90937 0.206161 0)
(1.91815 0.210294 0)
(1.43986 0.230716 0)
(1.44434 0.224227 0)
(1.44855 0.215162 0)
(1.45592 0.201456 0)
(1.46244 0.188605 0)
(1.46648 0.178007 0)
(1.47199 0.165799 0)
(1.479 0.154066 0)
(1.48519 0.147642 0)
(1.49235 0.145523 0)
(1.50196 0.143267 0)
(1.51236 0.140065 0)
(1.52277 0.138955 0)
(1.53391 0.139193 0)
(1.54678 0.135674 0)
(1.562 0.130123 0)
(1.57716 0.131834 0)
(1.58574 0.128797 0)
(1.59729 0.105804 0)
(1.60557 0.0852421 0)
(1.61206 0.0702547 0)
(1.621 0.0557612 0)
(1.63155 0.0451214 0)
(1.64255 0.0372045 0)
(1.65311 0.0264479 0)
(1.66204 0.0109597 0)
(1.67184 -0.00221324 0)
(1.68089 -0.0149759 0)
(1.68848 -0.0315012 0)
(1.6987 -0.0432137 0)
(1.71065 -0.0516294 0)
(1.72156 -0.0652814 0)
(1.73161 -0.0810374 0)
(1.74212 -0.092188 0)
(1.75207 -0.104071 0)
(1.76292 -0.115559 0)
(1.77451 -0.12925 0)
(1.78216 -0.143468 0)
(1.78649 -0.147819 0)
(1.79356 -0.15371 0)
(1.79943 -0.159546 0)
(1.80475 -0.162732 0)
(1.80971 -0.168565 0)
(1.81701 -0.173749 0)
(1.82244 -0.178605 0)
(1.82833 -0.183912 0)
(1.83511 -0.19045 0)
(1.83994 -0.196535 0)
(1.84402 -0.200694 0)
(1.84706 -0.203419 0)
(1.84889 -0.205357 0)
(1.85037 -0.20462 0)
(1.85145 -0.20084 0)
(1.85199 -0.19467 0)
(1.85307 -0.188316 0)
(1.85338 -0.180059 0)
(1.8532 -0.169686 0)
(1.8496 -0.155338 0)
(1.84563 -0.142786 0)
(1.83354 -0.121815 0)
(1.81652 -0.097067 0)
(1.8039 -0.0852992 0)
(1.78824 -0.0700813 0)
(1.77542 -0.0620906 0)
(1.76232 -0.0542519 0)
(1.75772 -0.0486471 0)
(1.75381 -0.0496656 0)
(1.75037 -0.0507524 0)
(1.7495 -0.0524181 0)
(1.74812 -0.0541232 0)
(1.74698 -0.0544998 0)
(1.74669 -0.0527639 0)
(1.747 -0.0509521 0)
(1.74819 -0.049784 0)
(1.75035 -0.0486738 0)
(1.75282 -0.0470818 0)
(1.75649 -0.0436868 0)
(1.76162 -0.0396523 0)
(1.76585 -0.0364529 0)
(1.77013 -0.0336417 0)
(1.77508 -0.0298809 0)
(1.78017 -0.0256797 0)
(1.78536 -0.0215661 0)
(1.79118 -0.0173695 0)
(1.79694 -0.0132384 0)
(1.80189 -0.00991035 0)
(1.80594 -0.00778761 0)
(1.80938 -0.00632812 0)
(1.81254 -0.00469176 0)
(1.81528 -0.00241758 0)
(1.81756 0.00107075 0)
(1.82047 0.00451635 0)
(1.8236 0.00557871 0)
(1.82644 0.00717928 0)
(1.82936 0.0103206 0)
(1.83127 0.0114454 0)
(1.83406 0.0127045 0)
(1.83696 0.0149453 0)
(1.83968 0.0182158 0)
(1.84221 0.0221334 0)
(1.84453 0.0269713 0)
(1.84664 0.0339167 0)
(1.84823 0.0420837 0)
(1.84953 0.0493375 0)
(1.8507 0.0561366 0)
(1.85156 0.063908 0)
(1.85211 0.0717091 0)
(1.85287 0.0785752 0)
(1.8541 0.0855782 0)
(1.85551 0.0939226 0)
(1.85685 0.103045 0)
(1.85861 0.111486 0)
(1.86076 0.120146 0)
(1.86277 0.130062 0)
(1.86557 0.140634 0)
(1.86996 0.153274 0)
(1.87611 0.168412 0)
(1.88334 0.18373 0)
(1.89126 0.195383 0)
(1.89925 0.200833 0)
(1.44173 0.246574 0)
(1.44795 0.239371 0)
(1.45408 0.230785 0)
(1.46064 0.220299 0)
(1.4681 0.20832 0)
(1.47576 0.194733 0)
(1.48144 0.182328 0)
(1.4853 0.17379 0)
(1.49089 0.166831 0)
(1.49824 0.160727 0)
(1.50604 0.156713 0)
(1.51421 0.156181 0)
(1.52309 0.15602 0)
(1.53398 0.15422 0)
(1.54629 0.149063 0)
(1.55899 0.141158 0)
(1.57337 0.138447 0)
(1.58574 0.136488 0)
(1.60074 0.115889 0)
(1.61508 0.0934965 0)
(1.62279 0.0803127 0)
(1.63341 0.0659529 0)
(1.6442 0.0526007 0)
(1.65706 0.0423687 0)
(1.67041 0.0339571 0)
(1.68129 0.0205024 0)
(1.69023 0.00426196 0)
(1.70186 -0.00632171 0)
(1.71004 -0.0211977 0)
(1.71686 -0.0386993 0)
(1.72724 -0.0495145 0)
(1.73623 -0.0622783 0)
(1.74252 -0.0756235 0)
(1.75152 -0.0875115 0)
(1.76021 -0.099695 0)
(1.7637 -0.105801 0)
(1.77259 -0.116492 0)
(1.77783 -0.126236 0)
(1.78145 -0.133466 0)
(1.78987 -0.144075 0)
(1.79792 -0.155287 0)
(1.80521 -0.159505 0)
(1.81253 -0.165529 0)
(1.8205 -0.173933 0)
(1.8268 -0.177227 0)
(1.83216 -0.179012 0)
(1.83802 -0.185532 0)
(1.84283 -0.195059 0)
(1.84559 -0.201309 0)
(1.84874 -0.204271 0)
(1.85131 -0.207571 0)
(1.85329 -0.209575 0)
(1.85652 -0.2075 0)
(1.86062 -0.203581 0)
(1.86465 -0.199758 0)
(1.86798 -0.198988 0)
(1.87291 -0.195737 0)
(1.87351 -0.190332 0)
(1.8738 -0.181629 0)
(1.86858 -0.166205 0)
(1.8617 -0.151406 0)
(1.84503 -0.121977 0)
(1.82829 -0.0983756 0)
(1.8057 -0.0721444 0)
(1.78393 -0.0495413 0)
(1.76953 -0.0448619 0)
(1.75619 -0.0408497 0)
(1.75291 -0.0389302 0)
(1.75051 -0.0404596 0)
(1.74937 -0.0428535 0)
(1.74883 -0.0459214 0)
(1.74922 -0.0477622 0)
(1.75049 -0.0482941 0)
(1.75231 -0.0478254 0)
(1.75491 -0.0462939 0)
(1.7575 -0.0440856 0)
(1.76023 -0.0401563 0)
(1.76558 -0.0363735 0)
(1.76992 -0.033882 0)
(1.77452 -0.0317102 0)
(1.77992 -0.0285108 0)
(1.78502 -0.0247991 0)
(1.79004 -0.0215274 0)
(1.79566 -0.0182555 0)
(1.80138 -0.0144871 0)
(1.80642 -0.0104506 0)
(1.81054 -0.00692787 0)
(1.81384 -0.00466839 0)
(1.81653 -0.00337282 0)
(1.81867 -0.00200038 0)
(1.82034 0.000312049 0)
(1.82228 0.00376654 0)
(1.82554 0.00603258 0)
(1.82886 0.00780293 0)
(1.83196 0.0102 0)
(1.83455 0.0112466 0)
(1.83728 0.0127177 0)
(1.83975 0.0151809 0)
(1.84185 0.0187283 0)
(1.84362 0.0229355 0)
(1.84516 0.0282383 0)
(1.84628 0.0352093 0)
(1.84686 0.0425746 0)
(1.84724 0.0494673 0)
(1.84746 0.0569108 0)
(1.8475 0.065609 0)
(1.84737 0.0738187 0)
(1.84736 0.0802698 0)
(1.84769 0.0865026 0)
(1.84848 0.0941548 0)
(1.84977 0.102794 0)
(1.85153 0.111873 0)
(1.85352 0.121808 0)
(1.85575 0.13162 0)
(1.85819 0.140188 0)
(1.86144 0.149582 0)
(1.8656 0.16227 0)
(1.87091 0.175722 0)
(1.87741 0.186238 0)
(1.88453 0.191169 0)
(1.44413 0.261738 0)
(1.45173 0.255393 0)
(1.45921 0.24877 0)
(1.46679 0.240234 0)
(1.47635 0.227811 0)
(1.48371 0.216361 0)
(1.48833 0.206886 0)
(1.49415 0.195374 0)
(1.50132 0.183494 0)
(1.50668 0.17629 0)
(1.51233 0.1753 0)
(1.51958 0.174008 0)
(1.52946 0.16794 0)
(1.54015 0.16203 0)
(1.55018 0.158852 0)
(1.55988 0.153181 0)
(1.5714 0.147814 0)
(1.58505 0.143308 0)
(1.60087 0.128181 0)
(1.6156 0.109916 0)
(1.62589 0.0955314 0)
(1.63979 0.0777489 0)
(1.65053 0.0635602 0)
(1.66024 0.0493626 0)
(1.67472 0.0394342 0)
(1.68568 0.0288831 0)
(1.6957 0.0158081 0)
(1.70717 0.00561289 0)
(1.71525 -0.00686587 0)
(1.72203 -0.0205519 0)
(1.73277 -0.033159 0)
(1.73812 -0.0446822 0)
(1.74297 -0.0554098 0)
(1.75277 -0.0687916 0)
(1.75698 -0.0788277 0)
(1.7625 -0.089251 0)
(1.77245 -0.105933 0)
(1.77785 -0.117142 0)
(1.78353 -0.125717 0)
(1.79128 -0.136159 0)
(1.79773 -0.142953 0)
(1.80432 -0.144941 0)
(1.81023 -0.14825 0)
(1.81921 -0.15716 0)
(1.82689 -0.165484 0)
(1.83407 -0.170506 0)
(1.84203 -0.180254 0)
(1.8473 -0.192198 0)
(1.85093 -0.198257 0)
(1.85412 -0.198965 0)
(1.85553 -0.201659 0)
(1.85663 -0.205012 0)
(1.86026 -0.204018 0)
(1.86498 -0.200755 0)
(1.86936 -0.199639 0)
(1.87353 -0.200187 0)
(1.87836 -0.198375 0)
(1.88211 -0.197851 0)
(1.88959 -0.198804 0)
(1.89132 -0.197171 0)
(1.89222 -0.190839 0)
(1.88756 -0.17757 0)
(1.87645 -0.158358 0)
(1.85387 -0.125232 0)
(1.83497 -0.101226 0)
(1.80231 -0.0629644 0)
(1.77491 -0.0368293 0)
(1.76222 -0.032904 0)
(1.74939 -0.0310786 0)
(1.74682 -0.0315616 0)
(1.74579 -0.0340795 0)
(1.74698 -0.037162 0)
(1.75009 -0.0389247 0)
(1.75392 -0.0404943 0)
(1.75778 -0.041505 0)
(1.76146 -0.04112 0)
(1.76459 -0.0385921 0)
(1.76987 -0.0355985 0)
(1.77448 -0.032784 0)
(1.77928 -0.0302373 0)
(1.78492 -0.0269909 0)
(1.78985 -0.0238261 0)
(1.7948 -0.0215777 0)
(1.80026 -0.0188267 0)
(1.80563 -0.0146144 0)
(1.81008 -0.00974822 0)
(1.81376 -0.00572795 0)
(1.81684 -0.00309304 0)
(1.81922 -0.00154654 0)
(1.82101 -0.000489138 0)
(1.82232 0.000684521 0)
(1.82375 0.00286662 0)
(1.82696 0.00561494 0)
(1.83063 0.00772521 0)
(1.83346 0.00946987 0)
(1.83605 0.0112107 0)
(1.83841 0.0132912 0)
(1.84031 0.0161566 0)
(1.84168 0.0196853 0)
(1.8427 0.0237481 0)
(1.84354 0.0294813 0)
(1.84388 0.0370784 0)
(1.84355 0.0449158 0)
(1.84284 0.0521528 0)
(1.84197 0.0594747 0)
(1.84126 0.0675846 0)
(1.8408 0.0754397 0)
(1.84061 0.0823598 0)
(1.84071 0.0894496 0)
(1.84108 0.0970932 0)
(1.84182 0.104498 0)
(1.84311 0.112189 0)
(1.84498 0.121357 0)
(1.84728 0.13107 0)
(1.85019 0.139631 0)
(1.85366 0.148107 0)
(1.85758 0.158021 0)
(1.86234 0.168747 0)
(1.86794 0.177565 0)
(1.87434 0.181215 0)
(1.44786 0.27479 0)
(1.45645 0.270313 0)
(1.46606 0.263856 0)
(1.47565 0.256463 0)
(1.4841 0.24854 0)
(1.49111 0.239882 0)
(1.49976 0.226899 0)
(1.50665 0.213298 0)
(1.50943 0.205966 0)
(1.51471 0.197899 0)
(1.52204 0.188945 0)
(1.52833 0.185252 0)
(1.53555 0.183056 0)
(1.54392 0.17933 0)
(1.55239 0.175471 0)
(1.56319 0.165723 0)
(1.57551 0.152018 0)
(1.58735 0.141555 0)
(1.59935 0.131185 0)
(1.61194 0.11848 0)
(1.62479 0.105667 0)
(1.63704 0.0929319 0)
(1.64771 0.0811525 0)
(1.65785 0.0689341 0)
(1.66895 0.0562851 0)
(1.67793 0.0462023 0)
(1.68656 0.0341734 0)
(1.69901 0.0222897 0)
(1.70651 0.0126148 0)
(1.71619 -0.000896413 0)
(1.72745 -0.0171845 0)
(1.73172 -0.0256206 0)
(1.73846 -0.0367721 0)
(1.74815 -0.0516359 0)
(1.75295 -0.06119 0)
(1.76025 -0.0732211 0)
(1.7678 -0.0885673 0)
(1.77225 -0.0958788 0)
(1.7769 -0.100907 0)
(1.78362 -0.110393 0)
(1.78944 -0.116568 0)
(1.79548 -0.118622 0)
(1.80425 -0.125701 0)
(1.81441 -0.137241 0)
(1.82235 -0.146527 0)
(1.83007 -0.152039 0)
(1.83678 -0.159273 0)
(1.84137 -0.169411 0)
(1.84442 -0.176634 0)
(1.84689 -0.178674 0)
(1.84914 -0.181821 0)
(1.85181 -0.187637 0)
(1.85623 -0.188633 0)
(1.86156 -0.18713 0)
(1.86721 -0.188359 0)
(1.87324 -0.19082 0)
(1.87933 -0.191612 0)
(1.8854 -0.194151 0)
(1.89197 -0.199025 0)
(1.89662 -0.201308 0)
(1.90543 -0.202552 0)
(1.90747 -0.201856 0)
(1.9079 -0.196633 0)
(1.90284 -0.184717 0)
(1.88745 -0.160293 0)
(1.85629 -0.112899 0)
(1.83304 -0.0910966 0)
(1.79341 -0.054484 0)
(1.76831 -0.0260621 0)
(1.74579 -0.0242823 0)
(1.74255 -0.0266839 0)
(1.74315 -0.0293269 0)
(1.74665 -0.0304287 0)
(1.75195 -0.0315241 0)
(1.75755 -0.0338006 0)
(1.76252 -0.034682 0)
(1.76728 -0.0330369 0)
(1.77327 -0.0315243 0)
(1.77861 -0.029399 0)
(1.78388 -0.0269666 0)
(1.78955 -0.0237334 0)
(1.79432 -0.0208666 0)
(1.79913 -0.0190493 0)
(1.80417 -0.0163878 0)
(1.80869 -0.011883 0)
(1.81219 -0.0070545 0)
(1.81525 -0.00334072 0)
(1.81793 -0.000656023 0)
(1.82 0.00108 0)
(1.8218 0.00169031 0)
(1.82336 0.00188174 0)
(1.8251 0.00272743 0)
(1.8276 0.00469147 0)
(1.83027 0.00720635 0)
(1.83271 0.00985062 0)
(1.8348 0.0122467 0)
(1.83651 0.0146851 0)
(1.83784 0.0178738 0)
(1.8387 0.0217274 0)
(1.83911 0.026278 0)
(1.83908 0.0325267 0)
(1.83843 0.0403515 0)
(1.83726 0.0484042 0)
(1.83579 0.0559849 0)
(1.83426 0.0634661 0)
(1.83302 0.0713108 0)
(1.83222 0.0785973 0)
(1.83187 0.084887 0)
(1.83201 0.0913809 0)
(1.83256 0.0986234 0)
(1.83332 0.106176 0)
(1.83431 0.114106 0)
(1.83583 0.122472 0)
(1.8382 0.130547 0)
(1.84135 0.138077 0)
(1.84504 0.145848 0)
(1.84965 0.154229 0)
(1.85486 0.162457 0)
(1.86083 0.168642 0)
(1.86731 0.170613 0)
(1.45241 0.282698 0)
(1.46194 0.281137 0)
(1.4723 0.277703 0)
(1.48231 0.273778 0)
(1.49216 0.26718 0)
(1.50158 0.257525 0)
(1.50753 0.249973 0)
(1.51227 0.240515 0)
(1.51916 0.227634 0)
(1.52394 0.217627 0)
(1.52845 0.210583 0)
(1.53344 0.205044 0)
(1.53928 0.199717 0)
(1.54784 0.191498 0)
(1.55653 0.183194 0)
(1.56462 0.178279 0)
(1.57429 0.170077 0)
(1.58589 0.159071 0)
(1.59632 0.147333 0)
(1.61027 0.129789 0)
(1.62204 0.113682 0)
(1.62973 0.105661 0)
(1.64127 0.0928029 0)
(1.65129 0.0782609 0)
(1.6572 0.0721972 0)
(1.66581 0.0613547 0)
(1.67529 0.0480397 0)
(1.68327 0.039041 0)
(1.69367 0.0270802 0)
(1.70411 0.0134306 0)
(1.71142 0.00527242 0)
(1.71728 -0.00223821 0)
(1.72723 -0.0158135 0)
(1.73732 -0.0323965 0)
(1.74314 -0.0410336 0)
(1.74948 -0.0503263 0)
(1.75799 -0.064779 0)
(1.7636 -0.0734794 0)
(1.76948 -0.0794179 0)
(1.77822 -0.0891272 0)
(1.78578 -0.0970724 0)
(1.79323 -0.100615 0)
(1.80152 -0.106416 0)
(1.80956 -0.11527 0)
(1.81604 -0.121599 0)
(1.82173 -0.124931 0)
(1.82856 -0.132987 0)
(1.83568 -0.146042 0)
(1.84061 -0.156086 0)
(1.84463 -0.160978 0)
(1.8486 -0.166032 0)
(1.8531 -0.174496 0)
(1.85803 -0.177868 0)
(1.8635 -0.177293 0)
(1.87016 -0.181982 0)
(1.87607 -0.187743 0)
(1.88253 -0.189474 0)
(1.88823 -0.187788 0)
(1.89215 -0.188103 0)
(1.89721 -0.192902 0)
(1.90332 -0.198418 0)
(1.9097 -0.20099 0)
(1.91742 -0.203228 0)
(1.91999 -0.202529 0)
(1.91964 -0.197232 0)
(1.91194 -0.183442 0)
(1.89054 -0.153303 0)
(1.85427 -0.115563 0)
(1.80838 -0.0694319 0)
(1.77318 -0.0440337 0)
(1.75262 -0.034976 0)
(1.74744 -0.0312624 0)
(1.74747 -0.0279184 0)
(1.74976 -0.0260235 0)
(1.75533 -0.0274101 0)
(1.76204 -0.0296198 0)
(1.76895 -0.0293654 0)
(1.77647 -0.0284119 0)
(1.78277 -0.0266668 0)
(1.78844 -0.0238141 0)
(1.79368 -0.0202231 0)
(1.79809 -0.0178224 0)
(1.8024 -0.0164189 0)
(1.80664 -0.0135516 0)
(1.81019 -0.0088466 0)
(1.81295 -0.00488468 0)
(1.81546 -0.00228559 0)
(1.81776 0.000284797 0)
(1.81952 0.00254499 0)
(1.82101 0.00324562 0)
(1.82273 0.00306018 0)
(1.82458 0.00371324 0)
(1.82642 0.0059087 0)
(1.828 0.00903296 0)
(1.82949 0.0122655 0)
(1.83083 0.0151315 0)
(1.83184 0.0178832 0)
(1.83252 0.0212196 0)
(1.8327 0.0250257 0)
(1.83226 0.0297765 0)
(1.83126 0.0366001 0)
(1.8297 0.044837 0)
(1.82783 0.0530682 0)
(1.82581 0.0605753 0)
(1.82386 0.0675861 0)
(1.82249 0.0747453 0)
(1.82184 0.0815774 0)
(1.82184 0.0876986 0)
(1.82237 0.093978 0)
(1.82322 0.101049 0)
(1.82418 0.108481 0)
(1.82547 0.115695 0)
(1.8275 0.122649 0)
(1.83032 0.12932 0)
(1.83375 0.13564 0)
(1.83788 0.142011 0)
(1.84285 0.148841 0)
(1.8487 0.155189 0)
(1.85499 0.159412 0)
(1.86141 0.159725 0)
(1.45343 0.290487 0)
(1.46545 0.289472 0)
(1.47743 0.286828 0)
(1.48823 0.284561 0)
(1.49741 0.282722 0)
(1.50636 0.276753 0)
(1.51386 0.269009 0)
(1.51851 0.261552 0)
(1.52406 0.251635 0)
(1.52777 0.242953 0)
(1.53122 0.235334 0)
(1.53765 0.226027 0)
(1.54251 0.217871 0)
(1.54695 0.211064 0)
(1.55555 0.201849 0)
(1.56359 0.192892 0)
(1.57168 0.183866 0)
(1.58404 0.171235 0)
(1.59473 0.158529 0)
(1.60275 0.150578 0)
(1.61006 0.141804 0)
(1.61875 0.130118 0)
(1.62807 0.11605 0)
(1.63472 0.105212 0)
(1.64015 0.0975233 0)
(1.64934 0.0842611 0)
(1.65995 0.0674846 0)
(1.66742 0.0576722 0)
(1.67565 0.0486988 0)
(1.6857 0.0371472 0)
(1.69457 0.0275353 0)
(1.70354 0.0169898 0)
(1.71446 0.00298153 0)
(1.72352 -0.0100995 0)
(1.73005 -0.0183594 0)
(1.73814 -0.0288559 0)
(1.74687 -0.0414802 0)
(1.75347 -0.047738 0)
(1.76117 -0.0530642 0)
(1.76963 -0.0609208 0)
(1.77644 -0.0652134 0)
(1.78299 -0.0669471 0)
(1.79216 -0.0743218 0)
(1.8013 -0.0856021 0)
(1.80851 -0.0935285 0)
(1.81556 -0.101251 0)
(1.82274 -0.111929 0)
(1.8283 -0.121649 0)
(1.83206 -0.127526 0)
(1.83518 -0.129298 0)
(1.8385 -0.131749 0)
(1.84323 -0.1393 0)
(1.84812 -0.143775 0)
(1.85371 -0.143376 0)
(1.86009 -0.148125 0)
(1.86603 -0.156397 0)
(1.87151 -0.160001 0)
(1.87855 -0.165967 0)
(1.88844 -0.177156 0)
(1.89535 -0.187064 0)
(1.90166 -0.190478 0)
(1.90765 -0.190685 0)
(1.91409 -0.194361 0)
(1.91816 -0.197724 0)
(1.92593 -0.199331 0)
(1.92662 -0.199012 0)
(1.92447 -0.194224 0)
(1.91191 -0.178779 0)
(1.8807 -0.145192 0)
(1.83148 -0.0940339 0)
(1.7824 -0.0510244 0)
(1.75494 -0.0318702 0)
(1.74553 -0.0264687 0)
(1.74886 -0.0260985 0)
(1.75472 -0.0250455 0)
(1.76122 -0.0249711 0)
(1.76983 -0.0250095 0)
(1.77848 -0.0244219 0)
(1.7857 -0.0234686 0)
(1.7914 -0.0218035 0)
(1.79618 -0.0189922 0)
(1.80007 -0.0171668 0)
(1.80355 -0.0161735 0)
(1.80692 -0.013184 0)
(1.80986 -0.00821283 0)
(1.81219 -0.00412309 0)
(1.81436 -0.00117217 0)
(1.8161 0.00189991 0)
(1.81719 0.00410041 0)
(1.81845 0.00407196 0)
(1.82001 0.00356292 0)
(1.82144 0.00500006 0)
(1.82241 0.00852641 0)
(1.82295 0.0122415 0)
(1.82359 0.0155666 0)
(1.82411 0.0184804 0)
(1.82427 0.0213131 0)
(1.82415 0.0248934 0)
(1.8235 0.0293599 0)
(1.8221 0.0352029 0)
(1.82012 0.042734 0)
(1.81793 0.051144 0)
(1.81591 0.0596379 0)
(1.81401 0.0674173 0)
(1.81238 0.0737961 0)
(1.81146 0.0792937 0)
(1.81134 0.0844576 0)
(1.81184 0.089432 0)
(1.81288 0.0954118 0)
(1.81426 0.102875 0)
(1.81585 0.110141 0)
(1.81803 0.115893 0)
(1.82094 0.121063 0)
(1.82436 0.126737 0)
(1.82828 0.132414 0)
(1.83296 0.137619 0)
(1.83829 0.142612 0)
(1.84405 0.147113 0)
(1.85036 0.149845 0)
(1.85733 0.149964 0)
(1.44732 0.301712 0)
(1.46216 0.299524 0)
(1.47578 0.298008 0)
(1.48804 0.295814 0)
(1.49829 0.29439 0)
(1.50715 0.290937 0)
(1.51426 0.286032 0)
(1.51946 0.280878 0)
(1.52424 0.27353 0)
(1.52811 0.265572 0)
(1.53317 0.256876 0)
(1.53751 0.248964 0)
(1.54036 0.241456 0)
(1.54641 0.231122 0)
(1.55299 0.220958 0)
(1.55938 0.21192 0)
(1.56873 0.200387 0)
(1.57712 0.189601 0)
(1.58297 0.182719 0)
(1.59075 0.173416 0)
(1.59991 0.160627 0)
(1.60714 0.14954 0)
(1.61371 0.139148 0)
(1.62085 0.128058 0)
(1.63017 0.114279 0)
(1.63944 0.0995789 0)
(1.64639 0.0888561 0)
(1.65352 0.0798515 0)
(1.66345 0.0679377 0)
(1.67434 0.0542181 0)
(1.6825 0.0457634 0)
(1.69084 0.0371744 0)
(1.70123 0.0248181 0)
(1.70936 0.0150654 0)
(1.71734 0.00634897 0)
(1.7273 -0.00465693 0)
(1.7366 -0.0150726 0)
(1.7446 -0.0207951 0)
(1.75254 -0.0247764 0)
(1.76149 -0.0313008 0)
(1.76985 -0.0376517 0)
(1.77781 -0.0423901 0)
(1.78711 -0.0507305 0)
(1.79498 -0.0616445 0)
(1.80076 -0.0673773 0)
(1.80578 -0.0720306 0)
(1.81069 -0.0817343 0)
(1.81478 -0.0900734 0)
(1.81907 -0.0952668 0)
(1.82348 -0.0989604 0)
(1.82886 -0.102647 0)
(1.83617 -0.110096 0)
(1.84235 -0.116649 0)
(1.84832 -0.118731 0)
(1.85502 -0.124476 0)
(1.86256 -0.137443 0)
(1.86827 -0.144028 0)
(1.8733 -0.14738 0)
(1.88178 -0.157478 0)
(1.88872 -0.16694 0)
(1.89486 -0.172081 0)
(1.90312 -0.180095 0)
(1.90969 -0.186861 0)
(1.91661 -0.194301 0)
(1.92267 -0.200757 0)
(1.92642 -0.202472 0)
(1.93219 -0.200221 0)
(1.93163 -0.194919 0)
(1.92723 -0.185574 0)
(1.90611 -0.161152 0)
(1.85934 -0.121756 0)
(1.79674 -0.0676654 0)
(1.75907 -0.0431657 0)
(1.75069 -0.0371208 0)
(1.75785 -0.0298088 0)
(1.76228 -0.0268015 0)
(1.77032 -0.0258182 0)
(1.77921 -0.0253817 0)
(1.78654 -0.0245617 0)
(1.79216 -0.0224974 0)
(1.79674 -0.019351 0)
(1.80044 -0.0172497 0)
(1.80356 -0.0155534 0)
(1.80622 -0.0115546 0)
(1.80801 -0.00646153 0)
(1.80953 -0.00336096 0)
(1.81119 -0.000981179 0)
(1.81236 0.00250236 0)
(1.81287 0.00493453 0)
(1.81364 0.00465466 0)
(1.81448 0.00448118 0)
(1.81504 0.00734966 0)
(1.81501 0.012079 0)
(1.81476 0.0160566 0)
(1.81479 0.0197167 0)
(1.81459 0.0233494 0)
(1.81397 0.0267239 0)
(1.81311 0.0308029 0)
(1.81177 0.0361967 0)
(1.80972 0.0427774 0)
(1.8074 0.0503573 0)
(1.80528 0.0578252 0)
(1.80367 0.0650208 0)
(1.80234 0.0713078 0)
(1.80153 0.0761898 0)
(1.80163 0.080896 0)
(1.80245 0.0855533 0)
(1.80375 0.0900384 0)
(1.8055 0.0955775 0)
(1.80754 0.102249 0)
(1.80986 0.10845 0)
(1.81269 0.113825 0)
(1.81616 0.119197 0)
(1.82023 0.124517 0)
(1.82485 0.128863 0)
(1.82999 0.132275 0)
(1.83559 0.135738 0)
(1.84185 0.138909 0)
(1.84821 0.140555 0)
(1.85452 0.139163 0)
(1.43605 0.312388 0)
(1.4512 0.310491 0)
(1.46606 0.309424 0)
(1.47989 0.308188 0)
(1.49205 0.307024 0)
(1.50183 0.305364 0)
(1.51092 0.300687 0)
(1.51753 0.296037 0)
(1.52101 0.291252 0)
(1.5257 0.28413 0)
(1.52894 0.277505 0)
(1.53081 0.270902 0)
(1.53645 0.261481 0)
(1.54211 0.251233 0)
(1.54569 0.242411 0)
(1.55346 0.231597 0)
(1.56096 0.220832 0)
(1.56503 0.21392 0)
(1.57036 0.205343 0)
(1.57913 0.192939 0)
(1.58578 0.182069 0)
(1.58973 0.174347 0)
(1.59701 0.162374 0)
(1.608 0.146888 0)
(1.61627 0.134248 0)
(1.62422 0.123363 0)
(1.63372 0.111123 0)
(1.64446 0.0972286 0)
(1.65345 0.0860734 0)
(1.66121 0.0784703 0)
(1.66891 0.071366 0)
(1.6785 0.0612614 0)
(1.68986 0.0481155 0)
(1.69868 0.0387227 0)
(1.7071 0.031156 0)
(1.71728 0.0215413 0)
(1.72619 0.0143537 0)
(1.73452 0.0103543 0)
(1.74391 0.00451085 0)
(1.75325 -0.00263712 0)
(1.76136 -0.00842973 0)
(1.76888 -0.0140662 0)
(1.77677 -0.0223289 0)
(1.78438 -0.0335912 0)
(1.79031 -0.0415083 0)
(1.79523 -0.046384 0)
(1.80069 -0.0571861 0)
(1.8048 -0.0666068 0)
(1.80873 -0.0679634 0)
(1.81412 -0.0724293 0)
(1.82067 -0.0787301 0)
(1.82748 -0.0827589 0)
(1.83421 -0.0878493 0)
(1.83938 -0.0911029 0)
(1.84518 -0.0963672 0)
(1.85192 -0.107762 0)
(1.85613 -0.112787 0)
(1.86208 -0.118499 0)
(1.86904 -0.128556 0)
(1.87554 -0.139156 0)
(1.88158 -0.144702 0)
(1.88735 -0.150873 0)
(1.89545 -0.162234 0)
(1.90224 -0.169466 0)
(1.9093 -0.175568 0)
(1.91711 -0.184584 0)
(1.92536 -0.187291 0)
(1.93404 -0.187432 0)
(1.93565 -0.185381 0)
(1.93362 -0.180879 0)
(1.9185 -0.165433 0)
(1.87577 -0.13376 0)
(1.80747 -0.0746026 0)
(1.76388 -0.0470734 0)
(1.75583 -0.0383823 0)
(1.76361 -0.0289282 0)
(1.76917 -0.0271612 0)
(1.77778 -0.0265823 0)
(1.78577 -0.0252079 0)
(1.79192 -0.0219987 0)
(1.79643 -0.0181328 0)
(1.79972 -0.0162166 0)
(1.80216 -0.0146124 0)
(1.8039 -0.0104105 0)
(1.80481 -0.00543797 0)
(1.80565 -0.00247584 0)
(1.80653 0.000537122 0)
(1.80671 0.00484013 0)
(1.80631 0.00717054 0)
(1.80625 0.00646502 0)
(1.80599 0.00686172 0)
(1.80547 0.0113124 0)
(1.80452 0.016845 0)
(1.80381 0.0209511 0)
(1.80351 0.0249941 0)
(1.8029 0.0288905 0)
(1.80198 0.03242 0)
(1.80089 0.0366692 0)
(1.79927 0.0420995 0)
(1.79714 0.0484158 0)
(1.79516 0.05494 0)
(1.79385 0.0611686 0)
(1.7933 0.0681902 0)
(1.7932 0.0743961 0)
(1.79381 0.0782984 0)
(1.79515 0.0816227 0)
(1.79691 0.0852517 0)
(1.79886 0.0894649 0)
(1.80109 0.0953817 0)
(1.80373 0.102561 0)
(1.80678 0.108878 0)
(1.81025 0.113688 0)
(1.81409 0.11749 0)
(1.81861 0.120404 0)
(1.82393 0.122914 0)
(1.82948 0.125777 0)
(1.83476 0.12893 0)
(1.83951 0.130691 0)
(1.84518 0.130053 0)
(1.85215 0.127509 0)
(1.42686 0.315523 0)
(1.44052 0.317516 0)
(1.45411 0.319476 0)
(1.46802 0.319874 0)
(1.48147 0.31943 0)
(1.49199 0.318647 0)
(1.50004 0.316262 0)
(1.5061 0.313317 0)
(1.51224 0.308153 0)
(1.51933 0.301356 0)
(1.5242 0.293965 0)
(1.53039 0.284986 0)
(1.53296 0.276654 0)
(1.53415 0.268605 0)
(1.54044 0.258336 0)
(1.54533 0.248443 0)
(1.54729 0.242619 0)
(1.55343 0.233742 0)
(1.56009 0.222532 0)
(1.56277 0.215315 0)
(1.56654 0.206064 0)
(1.57671 0.192054 0)
(1.58517 0.178235 0)
(1.59148 0.167272 0)
(1.60147 0.154061 0)
(1.61532 0.137566 0)
(1.62531 0.124998 0)
(1.63298 0.117724 0)
(1.64186 0.109625 0)
(1.65097 0.100943 0)
(1.66095 0.0905952 0)
(1.67101 0.0795771 0)
(1.67995 0.0707532 0)
(1.68809 0.0649629 0)
(1.6966 0.0589947 0)
(1.70711 0.0501266 0)
(1.71678 0.0424994 0)
(1.72548 0.0376909 0)
(1.735 0.0306657 0)
(1.74404 0.0228657 0)
(1.75193 0.0172648 0)
(1.75967 0.0100886 0)
(1.76744 -0.000517807 0)
(1.77392 -0.0117416 0)
(1.779 -0.0194126 0)
(1.78329 -0.023729 0)
(1.78734 -0.0310401 0)
(1.79054 -0.0383486 0)
(1.79452 -0.0394898 0)
(1.79939 -0.0415829 0)
(1.80534 -0.0475268 0)
(1.81147 -0.0515879 0)
(1.81716 -0.0532911 0)
(1.82388 -0.0592491 0)
(1.83067 -0.0677559 0)
(1.83861 -0.0796451 0)
(1.84628 -0.0918833 0)
(1.85191 -0.0980894 0)
(1.86021 -0.109425 0)
(1.8668 -0.122282 0)
(1.87165 -0.125928 0)
(1.87779 -0.132467 0)
(1.88486 -0.143482 0)
(1.89038 -0.148861 0)
(1.89936 -0.158723 0)
(1.90762 -0.165558 0)
(1.91884 -0.175782 0)
(1.92821 -0.183105 0)
(1.93942 -0.184463 0)
(1.94019 -0.181686 0)
(1.93799 -0.174847 0)
(1.92488 -0.163213 0)
(1.88336 -0.13467 0)
(1.81677 -0.0822195 0)
(1.77186 -0.0591318 0)
(1.76582 -0.043507 0)
(1.77109 -0.0330567 0)
(1.77697 -0.0312967 0)
(1.78469 -0.030003 0)
(1.79125 -0.0265436 0)
(1.79592 -0.0223738 0)
(1.79866 -0.019544 0)
(1.7999 -0.0161206 0)
(1.8001 -0.0102949 0)
(1.79965 -0.00522396 0)
(1.79945 -0.00280185 0)
(1.79939 0.000672054 0)
(1.7987 0.00598398 0)
(1.79761 0.00876707 0)
(1.79671 0.00874134 0)
(1.79564 0.0111248 0)
(1.79442 0.0172206 0)
(1.79302 0.0224672 0)
(1.79229 0.0258592 0)
(1.7919 0.0295441 0)
(1.79118 0.0330103 0)
(1.79024 0.0359842 0)
(1.78918 0.0403509 0)
(1.78798 0.0468716 0)
(1.7868 0.0536477 0)
(1.78619 0.0593372 0)
(1.78636 0.0648507 0)
(1.78714 0.0710584 0)
(1.78843 0.0757056 0)
(1.79037 0.0784331 0)
(1.79257 0.0812063 0)
(1.79464 0.0845515 0)
(1.7967 0.088673 0)
(1.79905 0.0942936 0)
(1.80196 0.0999627 0)
(1.80576 0.104361 0)
(1.8101 0.107921 0)
(1.81434 0.111296 0)
(1.81857 0.114637 0)
(1.82284 0.117806 0)
(1.82737 0.120157 0)
(1.83273 0.121174 0)
(1.83933 0.12115 0)
(1.8464 0.119713 0)
(1.85326 0.117366 0)
(1.41976 0.31765 0)
(1.43279 0.318504 0)
(1.44613 0.319578 0)
(1.45887 0.32241 0)
(1.46918 0.326653 0)
(1.47851 0.328477 0)
(1.487 0.327779 0)
(1.49553 0.325191 0)
(1.5028 0.321286 0)
(1.51049 0.315831 0)
(1.51738 0.309172 0)
(1.52017 0.301504 0)
(1.52485 0.292533 0)
(1.53075 0.282458 0)
(1.53375 0.273272 0)
(1.536 0.265277 0)
(1.53872 0.257569 0)
(1.54116 0.250089 0)
(1.54257 0.242735 0)
(1.54742 0.232738 0)
(1.55582 0.219572 0)
(1.5615 0.208762 0)
(1.56837 0.196677 0)
(1.58169 0.179978 0)
(1.59468 0.162921 0)
(1.60264 0.154482 0)
(1.61172 0.146862 0)
(1.62294 0.136669 0)
(1.63439 0.12511 0)
(1.64345 0.116542 0)
(1.65108 0.111131 0)
(1.65978 0.103965 0)
(1.66919 0.0955878 0)
(1.67808 0.0885411 0)
(1.6884 0.0801324 0)
(1.69891 0.0708305 0)
(1.70777 0.0652489 0)
(1.71598 0.0617294 0)
(1.72477 0.05452 0)
(1.73321 0.0451874 0)
(1.74084 0.0376495 0)
(1.74825 0.0294101 0)
(1.75509 0.0190103 0)
(1.76076 0.00886555 0)
(1.76518 0.00258451 0)
(1.76898 -0.000698008 0)
(1.7739 -0.00720998 0)
(1.77877 -0.0144101 0)
(1.78407 -0.0169431 0)
(1.79046 -0.020176 0)
(1.79712 -0.0263965 0)
(1.80334 -0.0313903 0)
(1.80935 -0.0344361 0)
(1.81595 -0.0406486 0)
(1.82194 -0.0495143 0)
(1.82697 -0.0574309 0)
(1.8315 -0.0639894 0)
(1.83604 -0.0697944 0)
(1.84286 -0.0801566 0)
(1.84951 -0.0921752 0)
(1.85516 -0.0989275 0)
(1.86176 -0.106078 0)
(1.87076 -0.118012 0)
(1.87786 -0.126516 0)
(1.88483 -0.130665 0)
(1.89404 -0.139377 0)
(1.90339 -0.147306 0)
(1.91527 -0.155375 0)
(1.92785 -0.163366 0)
(1.93798 -0.162881 0)
(1.93814 -0.160964 0)
(1.93416 -0.157595 0)
(1.9193 -0.150649 0)
(1.87792 -0.123294 0)
(1.81793 -0.084937 0)
(1.77675 -0.0622316 0)
(1.77339 -0.0416666 0)
(1.77615 -0.032916 0)
(1.78103 -0.0300247 0)
(1.7869 -0.0259395 0)
(1.79176 -0.0216706 0)
(1.79453 -0.0182994 0)
(1.79499 -0.0138853 0)
(1.79373 -0.00783787 0)
(1.79197 -0.00371052 0)
(1.7907 -0.00207259 0)
(1.78981 0.00174632 0)
(1.78863 0.00769404 0)
(1.78738 0.0106588 0)
(1.78624 0.0113064 0)
(1.78507 0.0150556 0)
(1.78375 0.0213198 0)
(1.78264 0.0255466 0)
(1.78227 0.0285389 0)
(1.78206 0.0325625 0)
(1.7816 0.0366952 0)
(1.78128 0.0407075 0)
(1.78115 0.0457936 0)
(1.78103 0.0517273 0)
(1.78117 0.0569909 0)
(1.78187 0.061418 0)
(1.78306 0.0663733 0)
(1.78454 0.0718163 0)
(1.78636 0.0753923 0)
(1.7887 0.0772434 0)
(1.79122 0.0793101 0)
(1.79369 0.0824522 0)
(1.79591 0.0867712 0)
(1.79832 0.0917658 0)
(1.8012 0.0963525 0)
(1.80471 0.0997787 0)
(1.8088 0.102346 0)
(1.8135 0.104849 0)
(1.81845 0.107589 0)
(1.82354 0.11035 0)
(1.82882 0.112653 0)
(1.83462 0.113592 0)
(1.84103 0.112819 0)
(1.84751 0.111059 0)
(1.85339 0.109293 0)
(1.4154 0.305964 0)
(1.42615 0.310774 0)
(1.43755 0.315723 0)
(1.44791 0.323178 0)
(1.458 0.327108 0)
(1.46693 0.329031 0)
(1.47533 0.330121 0)
(1.48312 0.330485 0)
(1.4902 0.329229 0)
(1.49819 0.326093 0)
(1.50449 0.321456 0)
(1.51141 0.314722 0)
(1.51583 0.305745 0)
(1.51957 0.296829 0)
(1.52177 0.289307 0)
(1.52449 0.281918 0)
(1.52546 0.274515 0)
(1.52628 0.266864 0)
(1.52974 0.257135 0)
(1.53568 0.245507 0)
(1.54058 0.234652 0)
(1.54951 0.221453 0)
(1.56167 0.204964 0)
(1.57007 0.192291 0)
(1.58 0.181106 0)
(1.59347 0.168502 0)
(1.60604 0.156038 0)
(1.61546 0.148603 0)
(1.62302 0.144185 0)
(1.63147 0.137479 0)
(1.6419 0.127837 0)
(1.65236 0.117792 0)
(1.66162 0.110017 0)
(1.66967 0.105645 0)
(1.67755 0.100831 0)
(1.68625 0.0930427 0)
(1.69488 0.0861169 0)
(1.70395 0.0797982 0)
(1.71359 0.0707006 0)
(1.72158 0.0611626 0)
(1.72792 0.0550856 0)
(1.73378 0.0481759 0)
(1.73998 0.0375154 0)
(1.74534 0.0281214 0)
(1.75049 0.0225563 0)
(1.75519 0.0194546 0)
(1.75993 0.0155981 0)
(1.76495 0.0101661 0)
(1.76967 0.00839939 0)
(1.77523 0.00658832 0)
(1.78088 0.00136972 0)
(1.78543 -0.0023468 0)
(1.79087 -0.00546445 0)
(1.79691 -0.0120957 0)
(1.80476 -0.0228596 0)
(1.81191 -0.0333557 0)
(1.81925 -0.0435613 0)
(1.82684 -0.0544343 0)
(1.83335 -0.0644536 0)
(1.83949 -0.0741161 0)
(1.84451 -0.0790084 0)
(1.84939 -0.083213 0)
(1.8577 -0.0933887 0)
(1.86386 -0.0995869 0)
(1.8713 -0.104606 0)
(1.87914 -0.11109 0)
(1.88871 -0.120757 0)
(1.90025 -0.130583 0)
(1.91258 -0.134993 0)
(1.92863 -0.147127 0)
(1.93688 -0.150977 0)
(1.93536 -0.14967 0)
(1.9276 -0.144979 0)
(1.90844 -0.137243 0)
(1.86641 -0.112278 0)
(1.81423 -0.0856566 0)
(1.78091 -0.0633321 0)
(1.77946 -0.0451051 0)
(1.77966 -0.0375816 0)
(1.78224 -0.033102 0)
(1.7861 -0.0292217 0)
(1.7886 -0.0242497 0)
(1.78843 -0.0166423 0)
(1.78595 -0.00819023 0)
(1.78308 -0.00343263 0)
(1.7809 -0.00160548 0)
(1.77959 0.00305014 0)
(1.77859 0.00976269 0)
(1.7778 0.0131408 0)
(1.77709 0.0150852 0)
(1.77668 0.0204674 0)
(1.77599 0.0265722 0)
(1.77575 0.0295801 0)
(1.77619 0.0318599 0)
(1.77663 0.0353384 0)
(1.7768 0.0385687 0)
(1.77703 0.0416737 0)
(1.77748 0.0465869 0)
(1.77804 0.0526404 0)
(1.77891 0.0574743 0)
(1.78018 0.0610784 0)
(1.78179 0.0650936 0)
(1.78363 0.0694089 0)
(1.78558 0.0726071 0)
(1.78759 0.0747973 0)
(1.7898 0.0771198 0)
(1.79237 0.0801323 0)
(1.79526 0.0841831 0)
(1.79842 0.0888151 0)
(1.80197 0.0929208 0)
(1.80597 0.0962614 0)
(1.8103 0.0991694 0)
(1.81498 0.101698 0)
(1.82004 0.103927 0)
(1.82539 0.105788 0)
(1.83099 0.106779 0)
(1.83678 0.106608 0)
(1.84248 0.105561 0)
(1.84794 0.104482 0)
(1.85382 0.104178 0)
(1.4141 0.286205 0)
(1.41731 0.304067 0)
(1.42555 0.311414 0)
(1.43547 0.315284 0)
(1.44407 0.320236 0)
(1.45206 0.327716 0)
(1.45906 0.332722 0)
(1.46688 0.333778 0)
(1.47473 0.332195 0)
(1.48285 0.329259 0)
(1.48979 0.325116 0)
(1.49716 0.319787 0)
(1.50206 0.314136 0)
(1.50477 0.307533 0)
(1.50708 0.302963 0)
(1.50825 0.29834 0)
(1.50933 0.292225 0)
(1.5114 0.284078 0)
(1.51412 0.273901 0)
(1.52008 0.261996 0)
(1.52824 0.247872 0)
(1.53845 0.233128 0)
(1.54743 0.219725 0)
(1.55973 0.205013 0)
(1.57245 0.190761 0)
(1.5823 0.182418 0)
(1.591 0.176028 0)
(1.60129 0.167969 0)
(1.61306 0.158042 0)
(1.6231 0.149026 0)
(1.63134 0.142437 0)
(1.63866 0.136695 0)
(1.6465 0.130141 0)
(1.65566 0.123197 0)
(1.66589 0.115452 0)
(1.67572 0.106501 0)
(1.68352 0.0999551 0)
(1.69021 0.0956997 0)
(1.69753 0.0878817 0)
(1.70514 0.0779062 0)
(1.71248 0.0705429 0)
(1.71956 0.0636255 0)
(1.72598 0.0543551 0)
(1.73125 0.045965 0)
(1.73591 0.0432778 0)
(1.74051 0.0417769 0)
(1.74582 0.0380174 0)
(1.75113 0.03473 0)
(1.75698 0.0313344 0)
(1.76219 0.0296731 0)
(1.7681 0.025095 0)
(1.77517 0.0168459 0)
(1.78033 0.0125136 0)
(1.78764 0.00449405 0)
(1.79313 -0.00404767 0)
(1.79844 -0.012111 0)
(1.80497 -0.0211139 0)
(1.8109 -0.0293258 0)
(1.81883 -0.0404278 0)
(1.82492 -0.0483089 0)
(1.8308 -0.0536253 0)
(1.83844 -0.0611202 0)
(1.84642 -0.0698884 0)
(1.85377 -0.0775659 0)
(1.86018 -0.0807148 0)
(1.86795 -0.0870967 0)
(1.87691 -0.0976134 0)
(1.88538 -0.102716 0)
(1.89707 -0.109544 0)
(1.91056 -0.118188 0)
(1.92429 -0.125759 0)
(1.92816 -0.129932 0)
(1.91982 -0.129207 0)
(1.91016 -0.126797 0)
(1.8886 -0.119588 0)
(1.84993 -0.101614 0)
(1.80824 -0.0820854 0)
(1.78253 -0.0602106 0)
(1.78099 -0.0439582 0)
(1.7787 -0.0358697 0)
(1.7796 -0.0318393 0)
(1.78105 -0.026345 0)
(1.78051 -0.0168019 0)
(1.77757 -0.0069507 0)
(1.77439 -0.00205107 0)
(1.772 0.000177123 0)
(1.77105 0.00558109 0)
(1.77075 0.0121334 0)
(1.77077 0.015011 0)
(1.77091 0.0172122 0)
(1.7716 0.0225295 0)
(1.77201 0.027421 0)
(1.77282 0.0295664 0)
(1.77402 0.032079 0)
(1.77512 0.0361402 0)
(1.7758 0.0398988 0)
(1.77637 0.0434238 0)
(1.77703 0.0480079 0)
(1.77776 0.052702 0)
(1.77866 0.0563053 0)
(1.77977 0.0597653 0)
(1.78113 0.0639077 0)
(1.78292 0.0680934 0)
(1.78526 0.0712005 0)
(1.78782 0.0735487 0)
(1.79031 0.0761637 0)
(1.79292 0.0795313 0)
(1.796 0.0834002 0)
(1.79956 0.0869484 0)
(1.80367 0.0896797 0)
(1.80822 0.0922301 0)
(1.81296 0.0947949 0)
(1.81783 0.0970622 0)
(1.82295 0.0990571 0)
(1.82827 0.100552 0)
(1.83357 0.101125 0)
(1.83865 0.100898 0)
(1.8439 0.10056 0)
(1.84986 0.10074 0)
(1.85563 0.101313 0)
(1.43641 0.241545 0)
(1.43021 0.267108 0)
(1.42853 0.285028 0)
(1.42646 0.302287 0)
(1.42938 0.314758 0)
(1.43641 0.321834 0)
(1.44285 0.324883 0)
(1.44941 0.328071 0)
(1.4562 0.329429 0)
(1.46358 0.329359 0)
(1.47078 0.327461 0)
(1.47731 0.323195 0)
(1.48357 0.319422 0)
(1.48694 0.314495 0)
(1.48962 0.312273 0)
(1.49132 0.310108 0)
(1.49337 0.305375 0)
(1.49545 0.297416 0)
(1.49966 0.287484 0)
(1.50576 0.275263 0)
(1.51315 0.261164 0)
(1.52381 0.247248 0)
(1.53444 0.233896 0)
(1.54452 0.222234 0)
(1.55513 0.21185 0)
(1.56621 0.202192 0)
(1.57754 0.192488 0)
(1.58803 0.183627 0)
(1.59653 0.177176 0)
(1.60503 0.16997 0)
(1.61525 0.160775 0)
(1.6254 0.151742 0)
(1.63461 0.144067 0)
(1.643 0.137361 0)
(1.65071 0.131428 0)
(1.65842 0.124286 0)
(1.66662 0.116418 0)
(1.67479 0.109945 0)
(1.68305 0.101965 0)
(1.69043 0.0925583 0)
(1.6967 0.0866978 0)
(1.70285 0.082006 0)
(1.70904 0.0747108 0)
(1.71426 0.0684351 0)
(1.71946 0.0665155 0)
(1.72451 0.0660404 0)
(1.73005 0.0626958 0)
(1.73559 0.0595853 0)
(1.74067 0.0581332 0)
(1.74636 0.0543903 0)
(1.75124 0.0504972 0)
(1.75713 0.0439614 0)
(1.76343 0.0370086 0)
(1.7686 0.030435 0)
(1.77775 0.0193398 0)
(1.78505 0.00836415 0)
(1.79332 -0.00290649 0)
(1.80118 -0.0131245 0)
(1.80771 -0.0201007 0)
(1.81473 -0.027325 0)
(1.82093 -0.0317964 0)
(1.82836 -0.0378104 0)
(1.8364 -0.0461922 0)
(1.84302 -0.0513616 0)
(1.8497 -0.0556431 0)
(1.857 -0.0622893 0)
(1.86549 -0.0725615 0)
(1.87292 -0.0792524 0)
(1.88186 -0.0833271 0)
(1.89361 -0.0928889 0)
(1.90529 -0.101371 0)
(1.91661 -0.109503 0)
(1.91425 -0.116308 0)
(1.90288 -0.114721 0)
(1.89194 -0.112161 0)
(1.86803 -0.104871 0)
(1.83359 -0.0900343 0)
(1.79851 -0.0684503 0)
(1.78294 -0.0520841 0)
(1.77848 -0.0406259 0)
(1.77506 -0.0346428 0)
(1.7741 -0.0270306 0)
(1.77321 -0.0155498 0)
(1.77077 -0.00505056 0)
(1.76838 -0.000474253 0)
(1.7664 0.000870654 0)
(1.76575 0.00533839 0)
(1.7666 0.0115022 0)
(1.76738 0.0150698 0)
(1.76868 0.0190766 0)
(1.77062 0.0252033 0)
(1.77178 0.0300412 0)
(1.77303 0.0319936 0)
(1.7744 0.0343158 0)
(1.77565 0.0381756 0)
(1.77649 0.0418786 0)
(1.77714 0.0454108 0)
(1.77779 0.0496352 0)
(1.77846 0.0538762 0)
(1.7792 0.0574255 0)
(1.78013 0.0605269 0)
(1.7814 0.0638398 0)
(1.78331 0.0668971 0)
(1.78595 0.0692861 0)
(1.78894 0.0716623 0)
(1.79198 0.0747135 0)
(1.79512 0.078423 0)
(1.79856 0.0821924 0)
(1.80242 0.0851894 0)
(1.80675 0.0873286 0)
(1.81148 0.0893522 0)
(1.81644 0.0913316 0)
(1.8215 0.0928765 0)
(1.82659 0.0940763 0)
(1.83155 0.0950656 0)
(1.83623 0.0958809 0)
(1.84136 0.0966846 0)
(1.84705 0.0973319 0)
(1.85254 0.098099 0)
(1.85812 0.0992549 0)
(1.48073 0.181639 0)
(1.46574 0.20981 0)
(1.45102 0.240445 0)
(1.44079 0.266391 0)
(1.43302 0.287847 0)
(1.43171 0.30307 0)
(1.43262 0.314762 0)
(1.43474 0.320784 0)
(1.43998 0.324377 0)
(1.44619 0.325366 0)
(1.45252 0.324967 0)
(1.45855 0.32292 0)
(1.46404 0.321825 0)
(1.46804 0.320429 0)
(1.47186 0.319084 0)
(1.47534 0.315298 0)
(1.47919 0.30794 0)
(1.48436 0.29905 0)
(1.4907 0.288513 0)
(1.49711 0.27558 0)
(1.50417 0.265622 0)
(1.50955 0.255252 0)
(1.52055 0.248018 0)
(1.52873 0.241088 0)
(1.5376 0.233528 0)
(1.54724 0.225165 0)
(1.55735 0.216687 0)
(1.5677 0.208162 0)
(1.5785 0.199051 0)
(1.5888 0.189651 0)
(1.59826 0.180545 0)
(1.60681 0.172549 0)
(1.61501 0.165296 0)
(1.62422 0.156944 0)
(1.63318 0.149069 0)
(1.64139 0.141914 0)
(1.64943 0.13407 0)
(1.65706 0.127405 0)
(1.66483 0.120614 0)
(1.67247 0.112109 0)
(1.67922 0.106082 0)
(1.68566 0.102883 0)
(1.69156 0.0983148 0)
(1.69648 0.0940849 0)
(1.70125 0.0935277 0)
(1.70616 0.0934541 0)
(1.71194 0.0903155 0)
(1.71767 0.0874562 0)
(1.72315 0.0858059 0)
(1.72943 0.0811812 0)
(1.73685 0.0736249 0)
(1.74425 0.0655962 0)
(1.75119 0.0581466 0)
(1.75755 0.0501613 0)
(1.76537 0.0399846 0)
(1.77415 0.0286442 0)
(1.78198 0.018916 0)
(1.78961 0.0109393 0)
(1.79706 0.00393683 0)
(1.80431 -0.00211741 0)
(1.81202 -0.00812011 0)
(1.8195 -0.0136354 0)
(1.82731 -0.0212365 0)
(1.83392 -0.0271051 0)
(1.83993 -0.0310165 0)
(1.84798 -0.0397612 0)
(1.85519 -0.0502732 0)
(1.86162 -0.0584157 0)
(1.86823 -0.0632723 0)
(1.87622 -0.0709157 0)
(1.88644 -0.0850746 0)
(1.89503 -0.0902724 0)
(1.90159 -0.0976764 0)
(1.89232 -0.101844 0)
(1.88308 -0.100063 0)
(1.87012 -0.0973408 0)
(1.84667 -0.0894016 0)
(1.8174 -0.0708804 0)
(1.78891 -0.0534161 0)
(1.77967 -0.0415156 0)
(1.77262 -0.0329075 0)
(1.76895 -0.0237683 0)
(1.76761 -0.0129551 0)
(1.76648 -0.00357773 0)
(1.76556 0.000654615 0)
(1.76442 0.00240376 0)
(1.76449 0.00703067 0)
(1.76687 0.0130905 0)
(1.76816 0.0173636 0)
(1.77019 0.0220703 0)
(1.77254 0.0283105 0)
(1.77383 0.0327003 0)
(1.77505 0.0344117 0)
(1.77621 0.0365826 0)
(1.77723 0.0402716 0)
(1.778 0.0440563 0)
(1.77868 0.0475989 0)
(1.7792 0.051168 0)
(1.77965 0.0540895 0)
(1.78039 0.0562087 0)
(1.78153 0.0586515 0)
(1.78322 0.0619312 0)
(1.78553 0.0653531 0)
(1.78834 0.0683687 0)
(1.79144 0.0711729 0)
(1.7947 0.0738979 0)
(1.79822 0.076596 0)
(1.80217 0.0793378 0)
(1.80649 0.081749 0)
(1.81108 0.0837673 0)
(1.81591 0.0857153 0)
(1.82083 0.087461 0)
(1.82567 0.0886678 0)
(1.8304 0.0895851 0)
(1.83507 0.0907842 0)
(1.8401 0.0923221 0)
(1.84547 0.0937819 0)
(1.85079 0.0952114 0)
(1.85618 0.0966088 0)
(1.86167 0.0981852 0)
(1.50288 0.15835 0)
(1.49841 0.170007 0)
(1.48862 0.189367 0)
(1.4735 0.215524 0)
(1.46029 0.241459 0)
(1.44833 0.265346 0)
(1.44381 0.28273 0)
(1.44042 0.296468 0)
(1.43894 0.306678 0)
(1.44008 0.313318 0)
(1.44325 0.315973 0)
(1.44735 0.315856 0)
(1.45161 0.316715 0)
(1.45577 0.317381 0)
(1.46003 0.316789 0)
(1.46467 0.312504 0)
(1.46942 0.303475 0)
(1.47635 0.293362 0)
(1.48395 0.281201 0)
(1.49202 0.270795 0)
(1.4986 0.262587 0)
(1.50382 0.254048 0)
(1.51028 0.251872 0)
(1.51636 0.252992 0)
(1.52348 0.250409 0)
(1.52978 0.246262 0)
(1.53804 0.241126 0)
(1.54723 0.234935 0)
(1.55695 0.227279 0)
(1.56694 0.218114 0)
(1.57695 0.208241 0)
(1.58674 0.198367 0)
(1.59589 0.189304 0)
(1.60459 0.180803 0)
(1.61294 0.172729 0)
(1.62095 0.16552 0)
(1.62956 0.157403 0)
(1.63815 0.149554 0)
(1.64623 0.14339 0)
(1.65368 0.136711 0)
(1.65996 0.131631 0)
(1.66596 0.130027 0)
(1.67166 0.127843 0)
(1.67664 0.125335 0)
(1.68161 0.124827 0)
(1.68748 0.123428 0)
(1.69493 0.11914 0)
(1.70208 0.115522 0)
(1.70865 0.112781 0)
(1.71603 0.106948 0)
(1.72412 0.0987231 0)
(1.73168 0.0911909 0)
(1.7388 0.0841854 0)
(1.74637 0.0751226 0)
(1.75544 0.0638552 0)
(1.76447 0.0524622 0)
(1.77276 0.0428188 0)
(1.78032 0.0357104 0)
(1.78787 0.0292047 0)
(1.79574 0.0223531 0)
(1.80354 0.0162037 0)
(1.811 0.0104082 0)
(1.81802 0.00345073 0)
(1.82426 -0.00348981 0)
(1.83035 -0.0097765 0)
(1.83744 -0.0198399 0)
(1.84342 -0.0329113 0)
(1.8472 -0.041612 0)
(1.85098 -0.0483397 0)
(1.8566 -0.0573864 0)
(1.86524 -0.0695854 0)
(1.87558 -0.0796258 0)
(1.88335 -0.0826263 0)
(1.88612 -0.0895017 0)
(1.87577 -0.0902801 0)
(1.86687 -0.0866822 0)
(1.85189 -0.0817931 0)
(1.82903 -0.0691442 0)
(1.8027 -0.0476401 0)
(1.78255 -0.035447 0)
(1.77287 -0.0281332 0)
(1.76698 -0.019242 0)
(1.76552 -0.00841426 0)
(1.76566 0.000609244 0)
(1.76619 0.00496422 0)
(1.76618 0.00717655 0)
(1.76689 0.0111401 0)
(1.76962 0.015937 0)
(1.77121 0.0201681 0)
(1.77349 0.0244375 0)
(1.77599 0.0294784 0)
(1.77753 0.033419 0)
(1.77869 0.0353593 0)
(1.7795 0.0376573 0)
(1.78005 0.041057 0)
(1.78052 0.044143 0)
(1.78114 0.0472105 0)
(1.78182 0.0511149 0)
(1.78241 0.0548422 0)
(1.78316 0.0574456 0)
(1.78433 0.0596071 0)
(1.78619 0.061893 0)
(1.78876 0.0640648 0)
(1.79187 0.0662661 0)
(1.79535 0.0687988 0)
(1.79908 0.071693 0)
(1.8031 0.0747212 0)
(1.80739 0.0775373 0)
(1.81186 0.0797114 0)
(1.81637 0.0811226 0)
(1.82087 0.08218 0)
(1.82527 0.083193 0)
(1.82974 0.084327 0)
(1.83465 0.0855974 0)
(1.83963 0.0871868 0)
(1.84481 0.0893457 0)
(1.85007 0.0916996 0)
(1.85538 0.0938464 0)
(1.86074 0.0957489 0)
(1.86615 0.0976112 0)
(1.50885 0.159595 0)
(1.50943 0.165442 0)
(1.50778 0.173657 0)
(1.50027 0.183547 0)
(1.49202 0.197188 0)
(1.48144 0.214283 0)
(1.47107 0.233686 0)
(1.46259 0.253221 0)
(1.4564 0.270268 0)
(1.45128 0.284357 0)
(1.45059 0.292658 0)
(1.45102 0.297553 0)
(1.45288 0.302077 0)
(1.45642 0.304638 0)
(1.4607 0.304304 0)
(1.46594 0.299157 0)
(1.4716 0.289353 0)
(1.4782 0.280107 0)
(1.48405 0.267966 0)
(1.48998 0.260188 0)
(1.49617 0.252563 0)
(1.50097 0.25205 0)
(1.50464 0.252681 0)
(1.50898 0.251541 0)
(1.51536 0.252597 0)
(1.52088 0.254078 0)
(1.52545 0.253788 0)
(1.53182 0.252573 0)
(1.53902 0.249229 0)
(1.54723 0.243713 0)
(1.55603 0.236727 0)
(1.56503 0.228731 0)
(1.57423 0.220022 0)
(1.58308 0.211506 0)
(1.59167 0.203138 0)
(1.6003 0.195062 0)
(1.60913 0.186789 0)
(1.6178 0.178809 0)
(1.62578 0.17311 0)
(1.63312 0.168218 0)
(1.63966 0.164259 0)
(1.64604 0.162945 0)
(1.65263 0.161218 0)
(1.65913 0.15877 0)
(1.66572 0.157108 0)
(1.67313 0.153926 0)
(1.68157 0.14872 0)
(1.68923 0.145071 0)
(1.69658 0.141627 0)
(1.70483 0.135081 0)
(1.71378 0.126259 0)
(1.72181 0.118226 0)
(1.72903 0.110584 0)
(1.7375 0.100194 0)
(1.74697 0.0877998 0)
(1.75551 0.0760723 0)
(1.76347 0.0663862 0)
(1.77095 0.0584925 0)
(1.77856 0.0507572 0)
(1.78651 0.0422352 0)
(1.79403 0.0347363 0)
(1.8009 0.0284861 0)
(1.80727 0.0207901 0)
(1.81306 0.0116121 0)
(1.81834 0.00216552 0)
(1.8237 -0.00979665 0)
(1.82802 -0.023611 0)
(1.83129 -0.033084 0)
(1.83508 -0.0391385 0)
(1.84131 -0.0487496 0)
(1.84906 -0.0601163 0)
(1.85825 -0.0679767 0)
(1.86705 -0.0713115 0)
(1.87326 -0.0755612 0)
(1.87148 -0.0792427 0)
(1.86018 -0.0765516 0)
(1.85242 -0.0712954 0)
(1.83347 -0.0618235 0)
(1.81413 -0.0451589 0)
(1.79087 -0.0269926 0)
(1.77685 -0.0200366 0)
(1.76916 -0.0125407 0)
(1.76789 -0.00220347 0)
(1.76834 0.0060349 0)
(1.76936 0.0099226 0)
(1.77014 0.0125338 0)
(1.77182 0.0152419 0)
(1.77437 0.0178206 0)
(1.77632 0.0212612 0)
(1.77848 0.0254592 0)
(1.78059 0.03137 0)
(1.78155 0.0364426 0)
(1.78211 0.0387987 0)
(1.78243 0.0407134 0)
(1.78274 0.0433493 0)
(1.78318 0.0459939 0)
(1.78385 0.0489126 0)
(1.78466 0.0523834 0)
(1.78555 0.0552406 0)
(1.78676 0.0569801 0)
(1.7885 0.0586146 0)
(1.79099 0.0607347 0)
(1.79391 0.0628971 0)
(1.79719 0.0651558 0)
(1.80091 0.0676181 0)
(1.80494 0.0700903 0)
(1.80927 0.0725934 0)
(1.81374 0.0749669 0)
(1.81813 0.0768446 0)
(1.8222 0.0782055 0)
(1.82602 0.0792631 0)
(1.83 0.0805042 0)
(1.83468 0.0818786 0)
(1.83952 0.0832823 0)
(1.84443 0.0852812 0)
(1.84967 0.0877631 0)
(1.85504 0.0905074 0)
(1.86047 0.0931269 0)
(1.8659 0.0953227 0)
(1.87125 0.0973214 0)
(1.51313 0.167675 0)
(1.51282 0.170939 0)
(1.51137 0.17684 0)
(1.50903 0.18102 0)
(1.50695 0.18231 0)
(1.50249 0.185366 0)
(1.49717 0.193094 0)
(1.49032 0.205259 0)
(1.48308 0.220251 0)
(1.47686 0.235413 0)
(1.47169 0.249207 0)
(1.46959 0.259135 0)
(1.46879 0.267756 0)
(1.47045 0.274448 0)
(1.47387 0.27618 0)
(1.47835 0.271622 0)
(1.48352 0.263067 0)
(1.48876 0.255566 0)
(1.49356 0.246982 0)
(1.49606 0.243614 0)
(1.49924 0.239557 0)
(1.50157 0.240566 0)
(1.50632 0.23864 0)
(1.50825 0.241625 0)
(1.51023 0.248573 0)
(1.51489 0.253032 0)
(1.52089 0.253919 0)
(1.52521 0.253534 0)
(1.53047 0.252794 0)
(1.53612 0.25135 0)
(1.54205 0.249606 0)
(1.5484 0.246841 0)
(1.55511 0.242998 0)
(1.56278 0.2378 0)
(1.57123 0.23175 0)
(1.57988 0.225338 0)
(1.58886 0.218156 0)
(1.59775 0.211074 0)
(1.60626 0.205609 0)
(1.61483 0.20089 0)
(1.62279 0.19728 0)
(1.62995 0.195739 0)
(1.6375 0.193148 0)
(1.64544 0.189619 0)
(1.65307 0.187155 0)
(1.66111 0.182881 0)
(1.67021 0.176275 0)
(1.67855 0.171118 0)
(1.68685 0.166112 0)
(1.69556 0.158272 0)
(1.70437 0.148408 0)
(1.71227 0.138979 0)
(1.71945 0.129113 0)
(1.7282 0.115895 0)
(1.73747 0.101126 0)
(1.74548 0.0887289 0)
(1.7531 0.0788663 0)
(1.76063 0.0697177 0)
(1.76835 0.0602682 0)
(1.77611 0.0503986 0)
(1.78303 0.0423054 0)
(1.78908 0.0358252 0)
(1.79491 0.0269779 0)
(1.80038 0.0159531 0)
(1.80523 0.00555121 0)
(1.80997 -0.00537279 0)
(1.81418 -0.0167833 0)
(1.81781 -0.0256994 0)
(1.82213 -0.0321615 0)
(1.82837 -0.0407199 0)
(1.83561 -0.0511793 0)
(1.84364 -0.0579013 0)
(1.85278 -0.0595873 0)
(1.86042 -0.0631856 0)
(1.86407 -0.0678195 0)
(1.85892 -0.0667108 0)
(1.85015 -0.0600027 0)
(1.83832 -0.0516263 0)
(1.81914 -0.0387154 0)
(1.80521 -0.0235654 0)
(1.78558 -0.012067 0)
(1.77636 -0.00540648 0)
)
;

boundaryField
{
    inlet
    {
        type            fixedValue;
        value           nonuniform 0();
    }
    outlet
    {
        type            inletOutlet;
        inletValue      nonuniform 0();
        value           nonuniform 0();
    }
    bottom
    {
        type            symmetryPlane;
    }
    top
    {
        type            symmetryPlane;
    }
    obstacle
    {
        type            slip;
    }
    front
    {
        type            empty;
    }
    back
    {
        type            empty;
    }
    procBoundary13to5
    {
        type            processor;
        value           nonuniform List<vector> 
129
(
(1.4655 0.191712 0)
(1.45226 0.192351 0)
(1.44368 0.189245 0)
(1.44138 0.184088 0)
(1.44319 0.179153 0)
(1.44622 0.175053 0)
(1.44788 0.17206 0)
(1.44787 0.170616 0)
(1.84099 0.0352267 0)
(1.84677 0.0436265 0)
(1.85178 0.0515895 0)
(1.85631 0.0589129 0)
(1.86086 0.0655355 0)
(1.86544 0.0715182 0)
(1.87014 0.0787352 0)
(1.87546 0.0880696 0)
(1.88192 0.0981381 0)
(1.89059 0.110621 0)
(1.90152 0.12736 0)
(1.91387 0.145453 0)
(1.92777 0.16367 0)
(1.94214 0.18496 0)
(1.95412 0.20698 0)
(1.96256 0.222858 0)
(1.96755 0.22968 0)
(1.96651 0.227096 0)
(1.95934 0.209698 0)
(1.44766 0.168282 0)
(1.44866 0.163728 0)
(1.45151 0.158209 0)
(1.4542 0.151123 0)
(1.45819 0.138868 0)
(1.46619 0.124541 0)
(1.47454 0.114709 0)
(1.48398 0.10848 0)
(1.49531 0.101702 0)
(1.50758 0.0958713 0)
(1.51964 0.0938938 0)
(1.53219 0.0966034 0)
(1.5457 0.101178 0)
(1.55927 0.105392 0)
(1.56988 0.111021 0)
(1.5739 0.108628 0)
(1.57447 0.088325 0)
(1.57591 0.066979 0)
(1.57515 0.0556606 0)
(1.57284 0.0452418 0)
(1.57234 0.0325488 0)
(1.57347 0.0209209 0)
(1.57636 0.013584 0)
(1.5822 0.0133625 0)
(1.59138 0.0185689 0)
(1.60459 0.0190466 0)
(1.62231 0.0107828 0)
(1.64058 -0.00469778 0)
(1.66032 -0.0140719 0)
(1.67645 -0.0182344 0)
(1.69175 -0.0256006 0)
(1.70898 -0.0345729 0)
(1.72663 -0.0472545 0)
(1.74465 -0.0592232 0)
(1.76039 -0.0679604 0)
(1.77318 -0.0744191 0)
(1.78411 -0.080515 0)
(1.79396 -0.0909109 0)
(1.80029 -0.108725 0)
(1.80513 -0.127601 0)
(1.81203 -0.137852 0)
(1.81909 -0.137606 0)
(1.82487 -0.130559 0)
(1.83116 -0.1265 0)
(1.83533 -0.130715 0)
(1.83602 -0.139321 0)
(1.83471 -0.147997 0)
(1.83234 -0.152865 0)
(1.82814 -0.152879 0)
(1.8236 -0.150008 0)
(1.81962 -0.142487 0)
(1.81862 -0.132196 0)
(1.8153 -0.126239 0)
(1.81215 -0.121382 0)
(1.80407 -0.113992 0)
(1.79606 -0.105339 0)
(1.7868 -0.0980293 0)
(1.77378 -0.0918428 0)
(1.76248 -0.0853867 0)
(1.75437 -0.0827094 0)
(1.74907 -0.0804875 0)
(1.74494 -0.0775255 0)
(1.74101 -0.0756447 0)
(1.73751 -0.0732961 0)
(1.73596 -0.072075 0)
(1.7353 -0.071409 0)
(1.73508 -0.071025 0)
(1.73472 -0.0707495 0)
(1.73367 -0.0701964 0)
(1.73332 -0.0694769 0)
(1.73319 -0.0683856 0)
(1.73369 -0.0657907 0)
(1.73471 -0.0621087 0)
(1.73589 -0.0587429 0)
(1.73806 -0.0537865 0)
(1.74131 -0.0469418 0)
(1.74431 -0.0408272 0)
(1.74738 -0.0365531 0)
(1.75092 -0.0330162 0)
(1.75541 -0.0289427 0)
(1.76091 -0.0244143 0)
(1.76668 -0.0201568 0)
(1.77215 -0.0166807 0)
(1.77699 -0.0146544 0)
(1.78118 -0.0139701 0)
(1.78508 -0.0132337 0)
(1.78936 -0.0118848 0)
(1.79345 -0.0104596 0)
(1.79703 -0.00866195 0)
(1.80041 -0.00626591 0)
(1.80373 -0.00499912 0)
(1.80664 -0.00407259 0)
(1.80948 -0.00263395 0)
(1.81258 -0.000263531 0)
(1.8167 0.00341183 0)
(1.82082 0.00692893 0)
(1.82329 0.00770667 0)
(1.82729 0.0101749 0)
(1.83152 0.0150566 0)
(1.83541 0.0214889 0)
(1.83937 0.0277666 0)
(1.83937 0.0277666 0)
)
;
    }
    procBoundary13to6
    {
        type            processor;
        value           nonuniform List<vector> 5((1.94675 0.213019 0) (1.94234 0.216169 0) (1.92592 0.208301 0) (1.90699 0.198947 0) (1.8918 0.189178 0));
    }
    procBoundary13to14
    {
        type            processor;
        value           nonuniform List<vector> 
14
(
(1.88114 0.178358 0)
(1.8738 0.166981 0)
(1.86797 0.155691 0)
(1.86448 0.146578 0)
(1.86111 0.135089 0)
(1.85954 0.124038 0)
(1.85946 0.114813 0)
(1.8589 0.108123 0)
(1.86001 0.104485 0)
(1.8614 0.102188 0)
(1.86396 0.100674 0)
(1.86744 0.0998686 0)
(1.87171 0.0994407 0)
(1.87658 0.0991573 0)
)
;
    }
    procBoundary13to20
    {
        type            processor;
        value           nonuniform List<vector> 3((1.45542 0.223417 0) (1.43797 0.251393 0) (1.42176 0.277336 0));
    }
    procBoundary13to21
    {
        type            processor;
        value           nonuniform List<vector> 
129
(
(1.59503 0.222671 0)
(1.58056 0.217277 0)
(1.56889 0.209191 0)
(1.54339 0.206298 0)
(1.51375 0.199829 0)
(1.50812 0.193894 0)
(1.50516 0.18774 0)
(1.50681 0.184545 0)
(1.77366 0.00339049 0)
(1.77331 0.010862 0)
(1.77399 0.0142839 0)
(1.77616 0.0167939 0)
(1.77835 0.0190129 0)
(1.78032 0.0222616 0)
(1.7814 0.0256173 0)
(1.78288 0.0297245 0)
(1.78445 0.0352467 0)
(1.78515 0.0399985 0)
(1.78559 0.0422441 0)
(1.78575 0.0436035 0)
(1.78596 0.0452043 0)
(1.78647 0.0466768 0)
(1.78724 0.048689 0)
(1.7882 0.0516917 0)
(1.78948 0.0546081 0)
(1.7915 0.0569582 0)
(1.7943 0.0590296 0)
(1.79739 0.0608755 0)
(1.80046 0.0625232 0)
(1.80394 0.0642122 0)
(1.80788 0.0659844 0)
(1.81205 0.0680951 0)
(1.81637 0.0705416 0)
(1.82063 0.0728897 0)
(1.82461 0.0748177 0)
(1.82805 0.0764687 0)
(1.83153 0.0779862 0)
(1.83564 0.0794055 0)
(1.8401 0.0808469 0)
(1.84471 0.0825041 0)
(1.84953 0.0846231 0)
(1.85471 0.0871602 0)
(1.86013 0.0899929 0)
(1.8657 0.0928041 0)
(1.87132 0.0951988 0)
(1.87677 0.0975556 0)
(1.5097 0.182999 0)
(1.51117 0.182925 0)
(1.51174 0.184033 0)
(1.51136 0.18439 0)
(1.51058 0.182304 0)
(1.50914 0.181248 0)
(1.50809 0.182312 0)
(1.50589 0.185567 0)
(1.50333 0.190286 0)
(1.49908 0.197114 0)
(1.49653 0.203416 0)
(1.49374 0.210439 0)
(1.49215 0.217222 0)
(1.4922 0.224108 0)
(1.49478 0.227622 0)
(1.49831 0.224746 0)
(1.50185 0.217497 0)
(1.50577 0.210938 0)
(1.5097 0.206758 0)
(1.51223 0.205088 0)
(1.51374 0.20454 0)
(1.51454 0.206206 0)
(1.51496 0.211611 0)
(1.51428 0.220494 0)
(1.51845 0.225336 0)
(1.51909 0.234709 0)
(1.52347 0.240008 0)
(1.52467 0.244802 0)
(1.52652 0.247593 0)
(1.53026 0.247968 0)
(1.53475 0.247444 0)
(1.53993 0.24674 0)
(1.54532 0.245678 0)
(1.55132 0.243073 0)
(1.55798 0.240275 0)
(1.5655 0.237066 0)
(1.57379 0.232805 0)
(1.58252 0.227962 0)
(1.5914 0.22359 0)
(1.60037 0.21999 0)
(1.60911 0.216963 0)
(1.61734 0.214498 0)
(1.62571 0.210808 0)
(1.63415 0.206258 0)
(1.64208 0.202417 0)
(1.65028 0.196528 0)
(1.65976 0.188185 0)
(1.66869 0.181262 0)
(1.67755 0.175035 0)
(1.6866 0.166001 0)
(1.69497 0.154898 0)
(1.7024 0.143725 0)
(1.71004 0.131329 0)
(1.71948 0.116553 0)
(1.7288 0.10161 0)
(1.73642 0.0902755 0)
(1.74356 0.0811463 0)
(1.75101 0.0712369 0)
(1.7585 0.0611269 0)
(1.76571 0.0517579 0)
(1.77183 0.0443885 0)
(1.77691 0.0379286 0)
(1.78218 0.0288087 0)
(1.78762 0.0174032 0)
(1.79257 0.00777021 0)
(1.79741 -0.000822981 0)
(1.80196 -0.0100594 0)
(1.80634 -0.0184445 0)
(1.81153 -0.025687 0)
(1.8181 -0.033697 0)
(1.82493 -0.042124 0)
(1.83187 -0.0483061 0)
(1.84033 -0.0492036 0)
(1.84886 -0.0504821 0)
(1.85454 -0.0561345 0)
(1.85537 -0.0563584 0)
(1.84941 -0.0495099 0)
(1.8404 -0.0413041 0)
(1.82628 -0.0321616 0)
(1.81341 -0.0178474 0)
(1.80217 -0.0089559 0)
(1.77366 0.00339049 0)
(1.78821 -0.000154333 0)
)
;
    }
    procBoundary13to28
    {
        type            processor;
        value           nonuniform List<vector> 
16
(
(1.40086 0.303354 0)
(1.37765 0.325708 0)
(1.36359 0.336108 0)
(1.36694 0.32825 0)
(1.41752 0.283077 0)
(1.51732 0.19214 0)
(1.63052 0.0858807 0)
(1.6627 0.0581326 0)
(1.6604 0.0622074 0)
(1.65054 0.0689583 0)
(1.64042 0.0807455 0)
(1.63246 0.0952428 0)
(1.62971 0.110497 0)
(1.62875 0.13033 0)
(1.62651 0.155286 0)
(1.62615 0.186408 0)
)
;
    }
}


// ************************************************************************* //
