/*--------------------------------*- C++ -*----------------------------------*\
  =========                 |
  \\      /  F ield         | OpenFOAM: The Open Source CFD Toolbox
   \\    /   O peration     | Website:  https://openfoam.org
    \\  /    A nd           | Version:  7
     \\/     M anipulation  |
\*---------------------------------------------------------------------------*/
FoamFile
{
    version     2.0;
    format      ascii;
    class       volVectorField;
    location    "10";
    object      U;
}
// * * * * * * * * * * * * * * * * * * * * * * * * * * * * * * * * * * * * * //

dimensions      [0 1 -1 0 0 0 0];

internalField   nonuniform List<vector> 
2413
(
(2 3.55383e-15 0)
(2 3.68562e-15 0)
(2 3.73493e-15 0)
(2 3.85563e-15 0)
(2 3.641e-15 0)
(2 2.43952e-15 0)
(2 1.97972e-15 0)
(2 1.72864e-15 0)
(2 1.59058e-15 0)
(2 1.37963e-15 0)
(2 9.91297e-16 0)
(2 5.18662e-16 0)
(2 2.4407e-16 0)
(2 3.813e-16 0)
(2 8.23791e-16 0)
(2 1.4846e-15 0)
(2 1.61214e-15 0)
(2 1.39643e-15 0)
(2 1.36591e-15 0)
(2 1.3316e-15 0)
(2 1.37929e-15 0)
(2 1.26175e-15 0)
(2 1.1654e-15 0)
(2 1.58281e-15 0)
(2 1.84514e-15 0)
(2 2.52424e-15 0)
(2 2.90272e-15 0)
(2 2.9341e-15 0)
(2 2.74829e-15 0)
(2 2.59374e-15 0)
(2 2.60466e-15 0)
(2 2.7115e-15 0)
(2 2.47497e-15 0)
(2 2.31058e-15 0)
(2 2.03812e-15 0)
(2 2.15801e-15 0)
(2 2.38972e-15 0)
(2 2.54299e-15 0)
(2 2.57088e-15 0)
(2 2.23688e-15 0)
(2 1.79886e-15 0)
(2 1.39661e-15 0)
(2 9.96265e-16 0)
(2 7.01539e-16 0)
(2 6.96477e-16 0)
(2 6.29313e-16 0)
(2 3.37323e-16 0)
(2 5.35044e-16 0)
(2 1.00453e-15 0)
(2 1.12469e-15 0)
(2 5.22953e-16 0)
(2 -8.22344e-17 0)
(2 -6.88709e-16 0)
(2 -1.00459e-15 0)
(2 -1.25352e-15 0)
(2 -1.28192e-15 0)
(2 -1.16697e-15 0)
(2 -1.32069e-15 0)
(2 1.24403e-15 0)
(2 1.20307e-15 0)
(2 1.30524e-15 0)
(2 1.13127e-15 0)
(2 1.03418e-15 0)
(2 9.11707e-16 0)
(2 1.44777e-15 0)
(2 1.61538e-15 0)
(2 1.52646e-15 0)
(2 1.60391e-15 0)
(2 1.7869e-15 0)
(2 2.09306e-15 0)
(2 1.95314e-15 0)
(2 1.78482e-15 0)
(2 1.77521e-15 0)
(2 1.72293e-15 0)
(2 1.66701e-15 0)
(2 1.56185e-15 0)
(2 1.55545e-15 0)
(2 1.48432e-15 0)
(2 1.25327e-15 0)
(2 1.06488e-15 0)
(2 7.81665e-16 0)
(2 5.63105e-16 0)
(2 1.05149e-15 0)
(2 1.68698e-15 0)
(2 1.45451e-15 0)
(2 1.21818e-15 0)
(2 9.75836e-16 0)
(2 6.964e-16 0)
(2 7.91686e-16 0)
(2 1.09926e-15 0)
(2 1.10275e-15 0)
(2 8.25608e-16 0)
(2 8.09269e-16 0)
(2 7.19803e-16 0)
(2 4.60522e-16 0)
(2 3.48607e-16 0)
(2 3.72412e-16 0)
(2 2.71336e-16 0)
(2 2.36428e-16 0)
(2 2.43767e-16 0)
(2 -2.54988e-17 0)
(2 -2.6973e-16 0)
(2 -5.41505e-16 0)
(2 -7.51279e-16 0)
(2 -1.08705e-15 0)
(2 -1.23952e-15 0)
(2 -1.52451e-15 0)
(2 -1.48609e-15 0)
(2 -1.02019e-15 0)
(2 -5.37251e-16 0)
(2 -3.98548e-16 0)
(2 -2.63548e-16 0)
(2 -4.03033e-16 0)
(2 -7.41366e-16 0)
(2 -7.31615e-16 0)
(2 -4.31005e-16 0)
(2 -3.16422e-16 0)
(2 -2.62245e-16 0)
(2 -2.86731e-17 0)
(2 1.76765e-16 0)
(2 1.7511e-16 0)
(2 2.7971e-16 0)
(2 8.41663e-16 0)
(2 1.5079e-15 0)
(2 1.70205e-15 0)
(2 2.2319e-15 0)
(2 2.57905e-15 0)
(2 2.83817e-15 0)
(2 2.96629e-15 0)
(2 3.0186e-15 0)
(2 3.05111e-15 0)
(2 2.85053e-15 0)
(2 2.80069e-15 0)
(2 2.77748e-15 0)
(2 3.00195e-15 0)
(2 3.35272e-15 0)
(2 3.48918e-15 0)
(2 3.59115e-15 0)
(2 3.67986e-15 0)
(2 4.11248e-15 0)
(2 3.86937e-15 0)
(2 3.72526e-15 0)
(2 3.63011e-15 0)
(2 3.56581e-15 0)
(2 3.73078e-15 0)
(2 3.67471e-15 0)
(2 3.44157e-15 0)
(2 3.45616e-15 0)
(2 2.93731e-15 0)
(2 3.08944e-15 0)
(2 3.1602e-15 0)
(2 3.40147e-15 0)
(2 3.5535e-15 0)
(2 3.41554e-15 0)
(2 3.43367e-15 0)
(2 3.17088e-15 0)
(2 2.91755e-15 0)
(2 2.39367e-15 0)
(2 1.79155e-15 0)
(2 1.53967e-15 0)
(2 2.00367e-15 0)
(2 2.27163e-15 0)
(2 2.47759e-15 0)
(2 2.43534e-15 0)
(2 2.25053e-15 0)
(2 2.43151e-15 0)
(2 2.7687e-15 0)
(2 2.92975e-15 0)
(2 2.6731e-15 0)
(2 2.10885e-15 0)
(2 1.16055e-15 0)
(2 -2.35373e-16 0)
(2 -1.05298e-15 0)
(2 -1.23503e-15 0)
(2 -1.49067e-15 0)
(2 -1.45335e-15 0)
(2 -1.2597e-15 0)
(2 -1.17526e-15 0)
(2 -1.14188e-15 0)
(2 -1.26516e-15 0)
(2 -1.11841e-15 0)
(2 -4.29248e-16 0)
(2 -6.09178e-16 0)
(2 -9.87712e-16 0)
(2 -1.17491e-15 0)
(2 -1.41306e-15 0)
(2 -1.6789e-15 0)
(2 -1.95151e-15 0)
(2 -2.19029e-15 0)
(2 -2.40544e-15 0)
(2 9.75859e-16 0)
(2 3.80254e-16 0)
(2 5.09615e-17 0)
(2 9.37685e-17 0)
(2 3.04567e-16 0)
(2 5.28694e-16 0)
(2 4.66496e-16 0)
(2 4.09442e-16 0)
(2 1.13652e-15 0)
(2 1.355e-15 0)
(2 1.49022e-15 0)
(2 1.72623e-15 0)
(2 1.42445e-15 0)
(2 8.31805e-16 0)
(2 4.37602e-16 0)
(2 2.33192e-16 0)
(2 3.18195e-17 0)
(2 -4.17661e-16 0)
(2 -7.31124e-16 0)
(2 -6.4559e-16 0)
(2 -5.65958e-16 0)
(2 -4.09401e-16 0)
(2 -1.05026e-16 0)
(2 1.72971e-16 0)
(2 1.84243e-16 0)
(2 4.16862e-17 0)
(2 -1.7724e-16 0)
(2 6.25499e-17 0)
(2 5.34664e-16 0)
(2 8.29703e-16 0)
(2 9.41541e-16 0)
(2 1.01367e-15 0)
(2 9.06379e-16 0)
(2 6.53485e-16 0)
(2 1.29377e-15 0)
(2 1.57033e-15 0)
(2 1.83291e-15 0)
(2 2.01356e-15 0)
(2 1.90318e-15 0)
(2 1.48688e-15 0)
(2 9.10653e-16 0)
(2 5.85048e-16 0)
(2 2.92718e-16 0)
(2 6.00277e-17 0)
(2 3.26387e-17 0)
(2 -3.46994e-17 0)
(2 -5.82831e-18 0)
(2 7.63176e-17 0)
(2 -1.9359e-16 0)
(2 -3.00012e-16 0)
(2 -2.08467e-16 0)
(2 3.40725e-17 0)
(2 1.52065e-16 0)
(2 1.74648e-16 0)
(2 5.6409e-16 0)
(2 1.08411e-15 0)
(2 1.21898e-15 0)
(2 1.33386e-15 0)
(2 1.36418e-15 0)
(2 1.23726e-15 0)
(2 1.14854e-15 0)
(2 7.31809e-16 0)
(2 5.34555e-16 0)
(2 7.15713e-16 0)
(2 6.20314e-16 0)
(2 5.15632e-16 0)
(2 4.46206e-16 0)
(2 1.16796e-16 0)
(2 4.54974e-20 0)
(2 -9.8516e-17 0)
(2 1.19535e-17 0)
(2 4.74182e-16 0)
(2 8.79271e-16 0)
(2 7.90811e-16 0)
(2 6.76031e-16 0)
(2 1.46731e-15 0)
(2 2.76791e-15 0)
(2 3.18077e-15 0)
(2 3.37936e-15 0)
(2 3.96211e-15 0)
(2 4.24481e-15 0)
(2 4.6082e-15 0)
(2 4.69751e-15 0)
(2 4.90885e-15 0)
(2 5.20272e-15 0)
(2 5.36942e-15 0)
(2 5.43017e-15 0)
(2 5.44331e-15 0)
(2 5.58127e-15 0)
(2 5.36507e-15 0)
(2 4.85387e-15 0)
(2 4.95309e-15 0)
(2 3.7104e-15 0)
(2 2.9514e-15 0)
(2 2.82997e-15 0)
(2 2.60035e-15 0)
(2 2.2785e-15 0)
(2 1.91183e-15 0)
(2 1.74125e-15 0)
(2 1.5292e-15 0)
(2 1.08739e-15 0)
(2 8.15141e-16 0)
(2 7.83589e-16 0)
(2 8.84863e-16 0)
(2 1.00198e-15 0)
(2 1.14086e-15 0)
(2 1.27261e-15 0)
(2 1.8943e-15 0)
(2 2.41919e-15 0)
(2 2.3653e-15 0)
(2 2.02626e-15 0)
(2 1.36574e-15 0)
(2 1.01814e-15 0)
(2 9.61204e-16 0)
(2 1.07716e-15 0)
(2 8.55926e-16 0)
(2 -5.42317e-16 0)
(2 -9.99955e-16 0)
(2 -1.34356e-15 0)
(2 -1.37013e-15 0)
(2 -1.48111e-15 0)
(2 -1.63798e-15 0)
(2 -1.93045e-15 0)
(2 -1.23376e-15 0)
(2 -5.13845e-16 0)
(2 -4.22132e-16 0)
(2 -5.10354e-16 0)
(2 -7.90409e-16 0)
(2 -1.23986e-15 0)
(2 -1.52731e-15 0)
(2 -1.9152e-15 0)
(2 -2.13978e-15 0)
(2 1.61827e-15 0)
(2 1.62307e-15 0)
(2 1.61243e-15 0)
(2 1.56849e-15 0)
(2 1.42268e-15 0)
(2 1.01838e-15 0)
(2 7.37735e-16 0)
(2 3.68822e-16 0)
(2 -1.18074e-16 0)
(2 -3.00089e-16 0)
(2 -5.40109e-16 0)
(2 -6.50434e-16 0)
(2 -6.32329e-16 0)
(2 -8.23756e-16 0)
(2 -9.78025e-16 0)
(2 -9.95819e-16 0)
(2 -1.19464e-15 0)
(2 -1.40648e-15 0)
(2 -1.55876e-15 0)
(2 -1.68235e-15 0)
(2 -1.91033e-15 0)
(2 -1.61968e-15 0)
(2 -9.06584e-16 0)
(2 -7.35738e-16 0)
(2 -3.45684e-16 0)
(2 -3.11344e-16 0)
(2 -3.87789e-16 0)
(2 -2.01072e-16 0)
(2 -2.1612e-16 0)
(2 -3.49355e-16 0)
(2 -4.57189e-16 0)
(2 -5.96376e-16 0)
(2 -2.21825e-16 0)
(2 5.50493e-17 0)
(2 3.93193e-17 0)
(2 1.16314e-16 0)
(2 1.64194e-16 0)
(2 -6.16542e-17 0)
(2 -1.29479e-16 0)
(2 -2.55698e-16 0)
(2 -2.93397e-16 0)
(2 -3.25335e-16 0)
(2 -3.09777e-16 0)
(2 -3.80832e-16 0)
(2 -3.99122e-16 0)
(2 -5.04212e-16 0)
(2 -7.04579e-16 0)
(2 -9.84703e-16 0)
(2 -8.01803e-16 0)
(2 -5.24071e-16 0)
(2 -2.73931e-16 0)
(2 -3.69996e-16 0)
(2 1.04321e-16 0)
(2 5.26703e-16 0)
(2 8.98183e-16 0)
(2 1.2943e-15 0)
(2 1.59235e-15 0)
(2 1.55803e-15 0)
(2 1.58308e-15 0)
(2 1.60376e-15 0)
(2 1.85602e-15 0)
(2 1.04066e-15 0)
(2 7.9286e-16 0)
(2 5.12071e-16 0)
(2 6.51584e-17 0)
(2 -2.85684e-16 0)
(2 -3.15964e-16 0)
(2 -2.14033e-16 0)
(2 2.67892e-16 0)
(2 4.74872e-16 0)
(2 5.73634e-16 0)
(2 4.85786e-16 0)
(2 3.74919e-16 0)
(2 1.10854e-15 0)
(2 2.03499e-15 0)
(2 2.48618e-15 0)
(2 2.51653e-15 0)
(2 2.53592e-15 0)
(2 2.6753e-15 0)
(2 3.25922e-15 0)
(2 3.81563e-15 0)
(2 4.76651e-15 0)
(2 5.60555e-15 0)
(2 5.98786e-15 0)
(2 6.20331e-15 0)
(2 5.8727e-15 0)
(2 5.69754e-15 0)
(2 5.63786e-15 0)
(2 5.59649e-15 0)
(2 5.66728e-15 0)
(2 4.88654e-15 0)
(2 4.36574e-15 0)
(2 3.96661e-15 0)
(2 4.0154e-15 0)
(2 3.6252e-15 0)
(2 3.2419e-15 0)
(2 2.9843e-15 0)
(2 3.17354e-15 0)
(2 3.2272e-15 0)
(2 3.24059e-15 0)
(2 2.85752e-15 0)
(2 2.61566e-15 0)
(2 2.42943e-15 0)
(2 1.73269e-15 0)
(2 1.47177e-15 0)
(2 1.13738e-15 0)
(2 1.12682e-15 0)
(2 1.2282e-15 0)
(2 1.51493e-15 0)
(2 1.66235e-15 0)
(2 1.78723e-15 0)
(2 1.6048e-15 0)
(2 1.58894e-15 0)
(2 1.89881e-15 0)
(2 2.36756e-15 0)
(2 2.51369e-15 0)
(2 1.49541e-15 0)
(2 3.48851e-16 0)
(2 6.77674e-17 0)
(2 -4.54358e-16 0)
(2 -5.91125e-16 0)
(2 -5.63758e-16 0)
(2 -4.4533e-16 0)
(2 -3.63727e-16 0)
(2 -3.39178e-16 0)
(2 -3.15367e-16 0)
(2 -3.7208e-16 0)
(2 -4.99481e-16 0)
(2 -5.11509e-16 0)
(2 -4.3127e-16 0)
(2 -3.00563e-16 0)
(2 -3.8325e-16 0)
(2 2.66017e-15 0)
(2 2.44839e-15 0)
(2 2.24413e-15 0)
(2 1.97724e-15 0)
(2 1.63956e-15 0)
(2 1.17069e-15 0)
(2 1.15299e-15 0)
(2 2.14735e-16 0)
(2 -4.01904e-16 0)
(2 -9.73306e-16 0)
(2 -1.27148e-15 0)
(2 -1.27646e-15 0)
(2 -1.15811e-15 0)
(2 -9.81146e-16 0)
(2 -9.74256e-16 0)
(2 -1.19319e-15 0)
(2 -1.28359e-15 0)
(2 -1.51377e-15 0)
(2 -1.93173e-15 0)
(2 -2.35367e-15 0)
(2 -2.34944e-15 0)
(2 -1.76456e-15 0)
(2 -1.33645e-15 0)
(2 -1.23832e-15 0)
(2 -1.1966e-15 0)
(2 -1.07118e-15 0)
(2 -4.96042e-16 0)
(2 -4.51554e-17 0)
(2 -2.92748e-17 0)
(2 -4.36087e-16 0)
(2 -7.86442e-16 0)
(2 -7.77714e-16 0)
(2 -8.74605e-16 0)
(2 -1.62894e-15 0)
(2 -2.32358e-15 0)
(2 -2.95829e-15 0)
(2 -3.22157e-15 0)
(2 -3.21377e-15 0)
(2 -2.58185e-15 0)
(2 -2.52789e-15 0)
(2 -2.0486e-15 0)
(2 -1.3063e-15 0)
(2 -1.1443e-15 0)
(2 -1.20102e-15 0)
(2 -1.2319e-15 0)
(2 -1.06084e-15 0)
(2 -1.10359e-16 0)
(2 1.94448e-16 0)
(2 3.02594e-16 0)
(2 3.44499e-16 0)
(2 3.28095e-16 0)
(2 6.7129e-16 0)
(2 1.05359e-15 0)
(2 1.07727e-15 0)
(2 8.81403e-16 0)
(2 5.16735e-16 0)
(2 1.85811e-16 0)
(2 -2.91544e-17 0)
(2 -2.2851e-16 0)
(2 -3.62094e-16 0)
(2 -3.09293e-16 0)
(2 -3.73709e-17 0)
(2 1.8416e-16 0)
(2 2.65456e-16 0)
(2 2.49774e-16 0)
(2 2.29808e-16 0)
(2 3.17238e-16 0)
(2 4.45298e-16 0)
(2 7.81329e-16 0)
(2 9.43936e-16 0)
(2 9.03786e-16 0)
(2 8.63771e-16 0)
(2 9.33975e-16 0)
(2 1.06274e-15 0)
(2 1.14843e-15 0)
(2 1.07877e-15 0)
(2 9.21466e-16 0)
(2 1.16998e-15 0)
(2 1.40134e-15 0)
(2 1.71205e-15 0)
(2 2.08029e-15 0)
(2 2.44778e-15 0)
(2 2.84906e-15 0)
(2 3.10954e-15 0)
(2 3.18286e-15 0)
(2 3.15991e-15 0)
(2 3.03524e-15 0)
(2 2.68817e-15 0)
(2 2.58675e-15 0)
(2 2.47831e-15 0)
(2 2.7543e-15 0)
(2 2.88992e-15 0)
(2 2.96638e-15 0)
(2 2.96835e-15 0)
(2 3.05224e-15 0)
(2 3.67475e-15 0)
(2 4.32473e-15 0)
(2 4.78589e-15 0)
(2 4.97582e-15 0)
(2 4.89229e-15 0)
(2 3.1915e-15 0)
(2 2.03846e-15 0)
(2 2.08115e-15 0)
(2 2.22016e-15 0)
(2 2.17496e-15 0)
(2 2.00562e-15 0)
(2 1.50756e-15 0)
(2 1.19313e-15 0)
(2 9.86054e-16 0)
(2 8.00013e-16 0)
(2 1.05833e-15 0)
(2 1.48158e-15 0)
(2 1.56978e-15 0)
(2 1.59965e-15 0)
(2 1.55904e-15 0)
(2 1.37712e-15 0)
(2 1.17937e-15 0)
(2 1.24742e-15 0)
(2 1.17393e-15 0)
(2 1.0799e-15 0)
(2 8.85467e-16 0)
(2 6.84651e-16 0)
(2 4.92193e-16 0)
(2 2.80701e-16 0)
(2 1.38131e-16 0)
(2 1.46373e-16 0)
(2 3.83774e-16 0)
(2 7.31828e-16 0)
(2 1.00582e-15 0)
(2 1.10987e-15 0)
(2 9.71378e-16 0)
(2 1.0064e-15 0)
(2 1.75676e-15 0)
(2 1.53746e-15 0)
(2 1.1529e-15 0)
(2 8.86598e-16 0)
(2 6.86075e-16 0)
(2 3.87871e-16 0)
(2 1.21354e-16 0)
(2 -9.31338e-17 0)
(2 -1.74652e-16 0)
(2 -3.07688e-16 0)
(2 -3.56026e-16 0)
(2 -3.41903e-16 0)
(2 -1.82819e-16 0)
(2 2.92886e-18 0)
(2 2.11073e-18 0)
(2 -4.47844e-17 0)
(2 6.47574e-18 0)
(2 -1.37829e-17 0)
(2 -1.25402e-16 0)
(2 -4.0847e-16 0)
(2 -5.03511e-16 0)
(2 -4.98149e-16 0)
(2 -8.48228e-16 0)
(2 -1.00176e-15 0)
(2 -8.81482e-16 0)
(2 -8.87306e-16 0)
(2 -6.18666e-16 0)
(2 -5.31614e-16 0)
(2 -2.87479e-16 0)
(2 -1.85601e-16 0)
(2 -2.21162e-16 0)
(2 -4.1476e-16 0)
(2 -5.97426e-16 0)
(2 -7.08223e-16 0)
(2 -9.40455e-16 0)
(2 -1.15298e-15 0)
(2 -1.24449e-15 0)
(2 -1.41403e-15 0)
(2 -1.82284e-15 0)
(2 -1.85135e-15 0)
(2 -1.55291e-15 0)
(2 -1.31881e-15 0)
(2 -1.22043e-15 0)
(2 -9.80522e-16 0)
(2 -5.55049e-16 0)
(2 -1.30677e-16 0)
(2 3.87495e-16 0)
(2 1.27378e-15 0)
(2 1.54491e-15 0)
(2 1.15648e-15 0)
(2 1.12734e-15 0)
(2 1.1036e-15 0)
(2 1.01203e-15 0)
(2 8.71682e-16 0)
(2 8.60272e-16 0)
(2 7.97471e-16 0)
(2 6.603e-16 0)
(2 5.68209e-16 0)
(2 3.27089e-16 0)
(2 4.57326e-16 0)
(2 5.88944e-16 0)
(2 7.64328e-16 0)
(2 9.06607e-16 0)
(2 9.9664e-16 0)
(2 1.18113e-15 0)
(2 1.31203e-15 0)
(2 1.76488e-15 0)
(2 1.71489e-15 0)
(2 1.37056e-15 0)
(2 1.04612e-15 0)
(2 9.79447e-16 0)
(2 6.91944e-16 0)
(2 3.3608e-16 0)
(2 2.93814e-16 0)
(2 -2.5955e-17 0)
(2 -8.56396e-16 0)
(2 -1.10858e-15 0)
(2 -1.07443e-15 0)
(2 -1.08751e-15 0)
(2 -1.06258e-15 0)
(2 -1.10019e-15 0)
(2 -1.04092e-15 0)
(2 -1.01016e-15 0)
(2 -9.83456e-16 0)
(2 -8.9202e-16 0)
(2 -8.07477e-16 0)
(2 -6.03445e-16 0)
(2 -6.50222e-16 0)
(2 -3.45529e-16 0)
(2 6.66705e-16 0)
(2 1.6526e-15 0)
(2 2.21314e-15 0)
(2 2.6912e-15 0)
(2 3.32319e-15 0)
(2 3.49049e-15 0)
(2 3.57831e-15 0)
(2 3.62954e-15 0)
(2 3.64826e-15 0)
(2 3.06334e-15 0)
(2 2.80214e-15 0)
(2 2.7326e-15 0)
(2 2.21126e-15 0)
(2 1.12861e-15 0)
(2 7.78332e-16 0)
(2 8.16415e-16 0)
(2 1.05817e-15 0)
(2 1.36006e-15 0)
(2 1.31672e-15 0)
(2 1.25474e-15 0)
(2 1.30844e-15 0)
(2 1.58744e-15 0)
(2 1.6047e-15 0)
(2 2.13588e-15 0)
(2 2.26445e-15 0)
(2 2.20773e-15 0)
(2 2.11576e-15 0)
(2 2.13754e-15 0)
(2 2.45439e-15 0)
(2 2.51716e-15 0)
(2 2.47115e-15 0)
(2 2.22325e-15 0)
(2 1.8636e-15 0)
(2 1.65886e-15 0)
(2 1.54548e-15 0)
(2 1.29341e-15 0)
(2 1.12845e-15 0)
(2 1.03997e-15 0)
(2 1.05898e-15 0)
(2 1.06305e-15 0)
(2 1.36558e-15 0)
(2 1.63981e-15 0)
(2 1.79914e-15 0)
(2 2.0017e-15 0)
(2 1.98969e-15 0)
(2 2.15635e-15 0)
(2 2.26269e-15 0)
(2 2.29208e-15 0)
(2 2.17819e-15 0)
(2 2.03335e-15 0)
(2 1.58442e-15 0)
(2 1.21141e-15 0)
(2 5.54508e-16 0)
(2 3.28213e-16 0)
(2 3.40229e-16 0)
(2 4.80628e-16 0)
(2 1.0479e-16 0)
(2 8.56723e-17 0)
(2 7.15827e-17 0)
(2 1.37809e-17 0)
(2 6.79744e-17 0)
(2 2.81924e-16 0)
(2 5.50002e-16 0)
(2 5.98197e-16 0)
(2 8.64136e-16 0)
(2 8.72961e-16 0)
(2 5.74978e-16 0)
(2 -6.27351e-17 0)
(2 1.08275e-16 0)
(2 1.98232e-16 0)
(2 2.89383e-16 0)
(2 4.19507e-16 0)
(2 3.00209e-16 0)
(2 6.05428e-17 0)
(2 2.21291e-17 0)
(2 -1.06812e-16 0)
(2 -1.29753e-16 0)
(2 -2.69764e-16 0)
(2 -4.57719e-16 0)
(2 -7.45829e-16 0)
(2 -7.07777e-16 0)
(2 -5.8312e-16 0)
(2 -1.69521e-16 0)
(2 -1.39154e-16 0)
(2 -5.30795e-16 0)
(2 3.75775e-17 0)
(2 1.15458e-15 0)
(2 1.70253e-15 0)
(2 1.93255e-15 0)
(2 1.97751e-15 0)
(2 1.91037e-15 0)
(2 1.83658e-15 0)
(2 1.81284e-15 0)
(2 1.84168e-15 0)
(2 1.28665e-15 0)
(2 5.94212e-16 0)
(2 2.73082e-16 0)
(2 2.81598e-16 0)
(2 6.92378e-16 0)
(2 1.23678e-15 0)
(2 1.82628e-15 0)
(2 2.64095e-15 0)
(2 3.32116e-15 0)
(2 3.87568e-15 0)
(2 3.52549e-15 0)
(2 3.29326e-15 0)
(2 3.6815e-15 0)
(2 3.7804e-15 0)
(2 3.62631e-15 0)
(2 3.48022e-15 0)
(2 2.66842e-15 0)
(2 2.38576e-15 0)
(2 2.1936e-15 0)
(2 1.93649e-15 0)
(2 1.66089e-15 0)
(2 1.4461e-15 0)
(2 1.1426e-15 0)
(2 5.88714e-16 0)
(2 -1.55207e-16 0)
(2 -3.38851e-16 0)
(2 -7.89299e-16 0)
(2 -1.16398e-15 0)
(2 -1.94306e-15 0)
(2 -2.23278e-15 0)
(2 -2.34114e-15 0)
(2 -2.23354e-15 0)
(2 -2.13997e-15 0)
(2 -2.06082e-15 0)
(2 -2.00521e-15 0)
(2 -1.88036e-15 0)
(2 -1.98173e-15 0)
(2 -4.36279e-16 0)
(2 5.90495e-16 0)
(2 8.92856e-16 0)
(2 1.25774e-15 0)
(2 1.41512e-15 0)
(2 1.97355e-15 0)
(2 2.22193e-15 0)
(2 2.2896e-15 0)
(2 2.79991e-15 0)
(2 3.29559e-15 0)
(2 3.587e-15 0)
(2 3.56966e-15 0)
(2 3.31436e-15 0)
(2 3.1831e-15 0)
(2 3.07319e-15 0)
(2 2.99488e-15 0)
(2 2.78777e-15 0)
(2 2.39441e-15 0)
(2 2.21308e-15 0)
(2 1.97334e-15 0)
(2 2.0559e-15 0)
(2 2.64436e-15 0)
(2 2.9341e-15 0)
(2 3.47538e-15 0)
(2 3.54134e-15 0)
(2 3.61793e-15 0)
(2 3.70039e-15 0)
(2 3.62201e-15 0)
(2 3.50797e-15 0)
(2 3.25492e-15 0)
(2 3.08075e-15 0)
(2 2.98025e-15 0)
(2 2.75537e-15 0)
(2 2.39712e-15 0)
(2 2.15223e-15 0)
(2 2.07323e-15 0)
(2 2.1064e-15 0)
(2 1.96684e-15 0)
(2 1.805e-15 0)
(2 1.47591e-15 0)
(2 1.83216e-15 0)
(2 1.89455e-15 0)
(2 1.84896e-15 0)
(2 1.84211e-15 0)
(2 2.83452e-15 0)
(2 2.40125e-15 0)
(2 1.98593e-15 0)
(2 2.07537e-15 0)
(2 2.05582e-15 0)
(2 2.11014e-15 0)
(2 2.14779e-15 0)
(2 2.19689e-15 0)
(2 2.26589e-15 0)
(2 2.29899e-15 0)
(2 2.20712e-15 0)
(2 2.06671e-15 0)
(2 1.91864e-15 0)
(2 1.36539e-15 0)
(2 1.19872e-15 0)
(2 1.51023e-15 0)
(2 1.55234e-15 0)
(2 1.76157e-15 0)
(2 1.80225e-15 0)
(2 2.09889e-15 0)
(2 1.71854e-15 0)
(2 1.43651e-15 0)
(2 1.56535e-15 0)
(2 1.55216e-15 0)
(2 1.65248e-15 0)
(2 1.80937e-15 0)
(2 1.72989e-15 0)
(2 1.53362e-15 0)
(2 7.18174e-16 0)
(2 4.98254e-16 0)
(2 -1.15146e-16 0)
(2 -4.96567e-16 0)
(2 -4.34632e-16 0)
(2 -2.95491e-16 0)
(2 -2.23118e-17 0)
(2 1.34006e-16 0)
(2 6.52436e-17 0)
(2 8.53884e-16 0)
(2 1.35277e-15 0)
(2 1.39642e-15 0)
(2 1.28011e-15 0)
(2 1.33451e-15 0)
(2 1.52233e-15 0)
(2 1.80805e-15 0)
(2 1.89858e-15 0)
(2 1.98966e-15 0)
(2 1.70272e-15 0)
(2 1.49312e-15 0)
(2 1.2989e-15 0)
(2 1.15011e-15 0)
(2 1.04413e-15 0)
(2 9.32619e-16 0)
(2 8.19767e-16 0)
(2 7.05598e-16 0)
(2 6.61482e-16 0)
(2 5.27479e-16 0)
(2 1.53261e-15 0)
(2 2.24904e-15 0)
(2 2.58805e-15 0)
(2 2.71797e-15 0)
(2 2.75803e-15 0)
(2 2.70198e-15 0)
(2 2.65713e-15 0)
(2 2.92106e-15 0)
(2 2.69446e-15 0)
(2 2.54522e-15 0)
(2 2.25228e-15 0)
(2 2.01977e-15 0)
(2 1.98843e-15 0)
(2 2.02242e-15 0)
(2 2.07582e-15 0)
(2 2.11592e-15 0)
(2 2.15129e-15 0)
(2 2.08617e-15 0)
(2 1.80413e-15 0)
(2 1.58853e-15 0)
(2 8.55086e-16 0)
(2 6.70964e-16 0)
(2 2.3038e-16 0)
(2 -5.65278e-16 0)
(2 -7.97033e-16 0)
(2 -9.59262e-16 0)
(2 -8.85869e-16 0)
(2 -7.7812e-16 0)
(2 -6.20251e-16 0)
(2 -6.3382e-16 0)
(2 -6.21187e-16 0)
(2 -5.58264e-16 0)
(2 -1.78322e-16 0)
(2 -9.11494e-17 0)
(2 1.27935e-17 0)
(2 1.42995e-16 0)
(2 2.82928e-16 0)
(2 5.24123e-16 0)
(2 9.8641e-16 0)
(2 1.53133e-15 0)
(2 1.86811e-15 0)
(2 2.12598e-15 0)
(2 2.4987e-15 0)
(2 2.67387e-15 0)
(2 3.26967e-15 0)
(2 3.4672e-15 0)
(2 3.485e-15 0)
(2 3.62623e-15 0)
(2 3.42033e-15 0)
(2 3.16369e-15 0)
(2 2.42618e-15 0)
(2 2.13915e-15 0)
(2 1.89421e-15 0)
(2 1.61597e-15 0)
(2 1.62936e-15 0)
(2 1.62245e-15 0)
(2 1.65887e-15 0)
(2 1.87164e-15 0)
(2 1.8579e-15 0)
(2 1.80757e-15 0)
(2 2.01536e-15 0)
(2 2.03826e-15 0)
(2 1.73275e-15 0)
(2 1.23827e-15 0)
(2 1.32694e-15 0)
(2 1.42785e-15 0)
(2 1.40371e-15 0)
(2 1.46801e-15 0)
(2 1.75169e-15 0)
(2 1.97499e-15 0)
(2 1.99454e-15 0)
(2 1.87716e-15 0)
(2 2.05541e-15 0)
(2 2.24814e-15 0)
(2 2.33841e-15 0)
(2 2.29557e-15 0)
(2 1.48693e-15 0)
(2 1.59617e-15 0)
(2 1.54933e-15 0)
(2 1.24629e-15 0)
(2 1.17184e-15 0)
(2 1.52306e-15 0)
(2 1.76793e-15 0)
(2 2.02214e-15 0)
(2 2.39374e-15 0)
(2 2.98128e-15 0)
(2 3.0513e-15 0)
(2 2.99433e-15 0)
(2 2.89048e-15 0)
(2 2.57671e-15 0)
(2 2.27627e-15 0)
(2 1.91086e-15 0)
(2 1.90187e-15 0)
(2 2.08667e-15 0)
(2 2.46088e-15 0)
(2 2.64085e-15 0)
(2 2.63694e-15 0)
(2 2.51754e-15 0)
(2 2.6605e-15 0)
(2 2.77249e-15 0)
(2 2.84775e-15 0)
(2 2.60283e-15 0)
(2 2.10589e-15 0)
(2 1.82548e-15 0)
(2 1.59332e-15 0)
(2 1.54171e-15 0)
(2 1.53136e-15 0)
(2 1.67204e-15 0)
(2 1.46594e-15 0)
(2 9.02244e-16 0)
(2 8.60252e-16 0)
(2 7.94472e-16 0)
(2 4.86173e-16 0)
(2 8.75224e-16 0)
(2 1.24507e-15 0)
(2 1.38043e-15 0)
(2 1.60327e-15 0)
(2 1.69028e-15 0)
(2 1.90411e-15 0)
(2 2.22769e-15 0)
(2 2.22508e-15 0)
(2 2.23196e-15 0)
(2 1.8469e-15 0)
(2 1.35592e-15 0)
(2 1.17206e-15 0)
(2 9.29624e-16 0)
(2 9.37828e-16 0)
(2 1.36102e-15 0)
(2 1.66798e-15 0)
(2 1.73157e-15 0)
(2 1.68948e-15 0)
(2 1.70959e-15 0)
(2 1.92287e-15 0)
(2 2.16184e-15 0)
(2 2.1899e-15 0)
(2 1.80928e-15 0)
(2 1.70508e-15 0)
(2 1.43291e-15 0)
(2 1.33179e-15 0)
(2 1.10995e-15 0)
(2 8.62525e-16 0)
(2 6.04681e-16 0)
(2 4.86781e-16 0)
(2 6.60442e-16 0)
(2 8.71059e-16 0)
(2 1.03836e-15 0)
(2 1.20269e-15 0)
(2 1.45887e-15 0)
(2 1.8234e-15 0)
(2 2.11755e-15 0)
(2 2.00509e-15 0)
(2 2.03291e-15 0)
(2 1.61343e-15 0)
(2 1.3233e-15 0)
(2 5.87587e-16 0)
(2 2.76536e-16 0)
(2 1.80174e-16 0)
(2 8.63501e-17 0)
(2 7.10025e-17 0)
(2 2.05379e-17 0)
(2 -1.4714e-16 0)
(2 -1.85596e-16 0)
(2 -1.04578e-16 0)
(2 -1.61086e-16 0)
(2 -1.48752e-16 0)
(2 -2.88694e-16 0)
(2 -3.3134e-16 0)
(2 -1.31168e-16 0)
(2 -1.169e-16 0)
(2 -1.37685e-16 0)
(2 -2.09635e-16 0)
(2 -2.28688e-16 0)
(2 -3.26693e-16 0)
(2 -2.15996e-16 0)
(2 -8.42764e-17 0)
(2 2.86902e-16 0)
(2 5.62648e-16 0)
(2 5.17135e-16 0)
(2 4.60263e-16 0)
(2 5.36594e-16 0)
(2 7.06131e-16 0)
(2 6.59697e-16 0)
(2 4.48521e-16 0)
(2 2.38308e-16 0)
(2 1.277e-18 0)
(2 -9.14767e-16 0)
(2 -1.83332e-15 0)
(2 -2.16156e-15 0)
(2 -1.9323e-15 0)
(2 -1.49666e-15 0)
(2 -8.64251e-16 0)
(2 -3.58188e-16 0)
(2 -2.16479e-16 0)
(2 -1.03407e-17 0)
(2 2.27292e-16 0)
(2 2.62703e-16 0)
(2 1.41207e-15 0)
(2 1.76106e-15 0)
(2 1.78956e-15 0)
(2 1.49526e-15 0)
(2 1.09414e-15 0)
(2 4.17643e-16 0)
(2 -5.30329e-17 0)
(2 -1.83241e-16 0)
(2 -2.28526e-16 0)
(2 -1.56007e-16 0)
(2 -2.48385e-17 0)
(2 3.36673e-16 0)
(2 9.67321e-16 0)
(2 1.55949e-15 0)
(2 1.53847e-15 0)
(2 1.37459e-15 0)
(2 1.28162e-15 0)
(2 1.4809e-15 0)
(2 1.71949e-15 0)
(2 1.83081e-15 0)
(2 1.71454e-15 0)
(2 1.71466e-15 0)
(2 1.82713e-15 0)
(2 2.02801e-15 0)
(2 2.23543e-15 0)
(2 2.65907e-15 0)
(2 2.43396e-15 0)
(2 1.63582e-15 0)
(2 1.55426e-15 0)
(2 1.49429e-15 0)
(2 1.32644e-15 0)
(2 1.39328e-15 0)
(2 1.46749e-15 0)
(2 1.5161e-15 0)
(2 1.34427e-15 0)
(2 1.02597e-15 0)
(2 8.2788e-16 0)
(2 6.86293e-16 0)
(2 9.88348e-16 0)
(2 1.28873e-15 0)
(2 1.5464e-15 0)
(2 1.62888e-15 0)
(2 1.9468e-15 0)
(2 2.06306e-15 0)
(2 1.92039e-15 0)
(2 1.70703e-15 0)
(2 1.53106e-15 0)
(2 1.34501e-15 0)
(2 8.80652e-16 0)
(2 3.89499e-16 0)
(2 3.16356e-16 0)
(2 1.84609e-16 0)
(2 2.0633e-16 0)
(2 3.37092e-16 0)
(2 3.83722e-16 0)
(2 4.64941e-16 0)
(2 7.30291e-16 0)
(2 8.92956e-16 0)
(2 8.11412e-16 0)
(2 6.90227e-16 0)
(2 3.61805e-16 0)
(2 5.45043e-16 0)
(2 9.42296e-16 0)
(2 1.0956e-15 0)
(2 1.56244e-15 0)
(2 1.75163e-15 0)
(2 1.82358e-15 0)
(2 1.8644e-15 0)
(2 1.86876e-15 0)
(2 1.71365e-15 0)
(2 1.95473e-15 0)
(2 2.04477e-15 0)
(2 1.90565e-15 0)
(2 1.38652e-15 0)
(2 7.78496e-16 0)
(2 4.82997e-16 0)
(2 3.23492e-16 0)
(2 3.28796e-16 0)
(2 4.54467e-16 0)
(2 5.50355e-16 0)
(2 4.7489e-16 0)
(2 3.28783e-16 0)
(2 3.35006e-16 0)
(2 5.15566e-16 0)
(2 7.79204e-16 0)
(2 7.72283e-16 0)
(2 6.85711e-16 0)
(2 5.87689e-16 0)
(2 2.04259e-16 0)
(2 -2.11233e-16 0)
(2 -3.33178e-16 0)
(2 -3.44849e-16 0)
(2 -5.35404e-16 0)
(2 -9.78466e-16 0)
(2 -1.18847e-15 0)
(2 -1.42882e-15 0)
(2 -1.73818e-15 0)
(2 -1.96213e-15 0)
(2 -1.76785e-15 0)
(2 -1.38565e-15 0)
(2 -1.0816e-15 0)
(2 -9.61963e-16 0)
(2 -8.88139e-16 0)
(2 -9.22673e-16 0)
(2 -9.17541e-16 0)
(2 -9.53504e-16 0)
(2 -1.24007e-15 0)
(2 -1.81027e-15 0)
(2 -1.82437e-15 0)
(2 -1.76701e-15 0)
(2 -1.75694e-15 0)
(2 -1.75342e-15 0)
(2 -1.79633e-15 0)
(2 -1.87432e-15 0)
(2 -1.92878e-15 0)
(2 -1.74861e-15 0)
(2 -1.81953e-15 0)
(2 -1.88915e-15 0)
(2 -1.85678e-15 0)
(2 -1.96172e-15 0)
(2 -1.93793e-15 0)
(2 -1.77746e-15 0)
(2 -1.80687e-15 0)
(2 -1.92179e-15 0)
(2 -1.85814e-15 0)
(2 -1.6967e-15 0)
(2 -1.4184e-15 0)
(2 -1.04386e-15 0)
(2 -1.15963e-15 0)
(2 -1.38493e-15 0)
(2 -3.86195e-16 0)
(2 9.5183e-16 0)
(2 1.34788e-15 0)
(2 1.53489e-15 0)
(2 1.77194e-15 0)
(2 1.4591e-15 0)
(2 1.24574e-15 0)
(2 1.00697e-15 0)
(2 7.68661e-16 0)
(2 4.75036e-16 0)
(2 -1.17103e-16 0)
(2 -6.30096e-16 0)
(2 -1.52476e-15 0)
(2 -1.59777e-15 0)
(2 8.4467e-16 0)
(2 8.89084e-16 0)
(2 8.77849e-16 0)
(2 8.76978e-16 0)
(2 1.01201e-15 0)
(2 1.2333e-15 0)
(2 1.18816e-15 0)
(2 1.09513e-15 0)
(2 1.00795e-15 0)
(2 7.5843e-16 0)
(2 7.96312e-16 0)
(2 9.65499e-16 0)
(2 1.18749e-15 0)
(2 1.33654e-15 0)
(2 1.333e-15 0)
(2 1.43041e-15 0)
(2 1.6192e-15 0)
(2 1.59681e-15 0)
(2 1.16042e-15 0)
(2 7.9549e-16 0)
(2 6.29537e-16 0)
(2 4.80851e-16 0)
(2 -8.08392e-18 0)
(2 -5.26657e-16 0)
(2 -6.23842e-16 0)
(2 -6.83311e-16 0)
(2 -7.48601e-16 0)
(2 -7.54489e-16 0)
(2 -4.29777e-16 0)
(2 3.36545e-16 0)
(2 6.49694e-17 0)
(2 -5.20836e-17 0)
(2 9.86328e-17 0)
(2 3.29351e-16 0)
(2 7.77685e-16 0)
(2 1.07355e-15 0)
(2 9.46529e-16 0)
(2 5.58436e-16 0)
(2 -3.66836e-16 0)
(2 -1.16522e-15 0)
(2 -1.48761e-15 0)
(2 -1.46787e-15 0)
(2 -1.46756e-15 0)
(2 -1.56836e-15 0)
(2 -1.57771e-15 0)
(2 -1.35802e-15 0)
(2 -3.98079e-16 0)
(2 -1.26278e-16 0)
(2 -6.87631e-16 0)
(2 -8.73312e-16 0)
(2 -6.89387e-16 0)
(2 -6.01458e-16 0)
(2 -5.44458e-16 0)
(2 -5.53514e-16 0)
(2 -5.41611e-16 0)
(2 -3.55298e-16 0)
(2 -2.25792e-16 0)
(2 -1.53057e-16 0)
(2 -1.37215e-16 0)
(2 1.35422e-16 0)
(2 1.90927e-16 0)
(2 4.80648e-17 0)
(2 3.60826e-16 0)
(2 7.74982e-16 0)
(2 8.8327e-16 0)
(2 1.07047e-15 0)
(2 1.30534e-15 0)
(2 9.62497e-16 0)
(2 8.50547e-16 0)
(2 8.27336e-16 0)
(2 6.81607e-16 0)
(2 3.88316e-16 0)
(2 3.03234e-16 0)
(2 2.02711e-16 0)
(2 4.31013e-20 0)
(2 -2.37083e-16 0)
(2 -3.07576e-16 0)
(2 9.10438e-17 0)
(2 2.86966e-16 0)
(2 8.09157e-17 0)
(2 -4.587e-16 0)
(2 -9.47268e-16 0)
(2 -7.93483e-16 0)
(2 -5.34296e-16 0)
(2 -2.82588e-16 0)
(2 -2.97393e-17 0)
(2 -1.70029e-16 0)
(2 -5.09456e-16 0)
(2 -6.64897e-16 0)
(2 -8.02238e-16 0)
(2 -8.8645e-16 0)
(2 -1.07791e-15 0)
(2 -1.12168e-15 0)
(2 -9.32888e-16 0)
(2 -7.81533e-16 0)
(2 -5.94475e-16 0)
(2 -2.05777e-16 0)
(2 -1.5842e-16 0)
(2 -2.23527e-16 0)
(2 -2.33745e-16 0)
(2 -8.8299e-17 0)
(2 -4.84419e-17 0)
(2 -7.06119e-17 0)
(2 -1.57399e-16 0)
(2 -4.7553e-16 0)
(2 -7.49287e-16 0)
(2 -6.27113e-16 0)
(2 -3.74741e-16 0)
(2 -1.81161e-16 0)
(2 1.65992e-16 0)
(2 3.0066e-16 0)
(2 3.95004e-16 0)
(2 4.10218e-16 0)
(2 3.86426e-16 0)
(2 4.24206e-16 0)
(2 3.68733e-16 0)
(2 1.78451e-16 0)
(2 1.78657e-16 0)
(2 4.64086e-16 0)
(2 7.06392e-16 0)
(2 6.21785e-16 0)
(2 3.29876e-16 0)
(2 3.31473e-16 0)
(2 1.69233e-15 0)
(2 2.53101e-15 0)
(2 2.49493e-15 0)
(2 2.46878e-15 0)
(2 2.35913e-15 0)
(2 2.01827e-15 0)
(2 1.85916e-15 0)
(2 1.48908e-15 0)
(2 1.15031e-15 0)
(2 8.07506e-16 0)
(2 8.72466e-16 0)
(2 9.74266e-16 0)
(2 1.23506e-15 0)
(2 9.73892e-16 0)
(2 6.59211e-16 0)
(2 5.06435e-16 0)
(2 6.19965e-16 0)
(2 7.46663e-16 0)
(2 9.1888e-16 0)
(2 9.20653e-16 0)
(2 8.69502e-16 0)
(2 7.46227e-16 0)
(2 5.03816e-16 0)
(2 6.01184e-16 0)
(2 1.5614e-15 0)
(2 1.82782e-15 0)
(2 2.01602e-15 0)
(2 1.59571e-15 0)
(2 1.156e-15 0)
(2 8.44011e-16 0)
(2 3.11702e-16 0)
(2 -3.08025e-17 0)
(2 -3.77656e-16 0)
(2 -6.03692e-16 0)
(2 -7.01072e-16 0)
(2 -7.0346e-16 0)
(2 -7.02901e-16 0)
(2 -7.65972e-16 0)
(2 -7.22956e-16 0)
(2 -4.76122e-16 0)
(2 -3.60713e-16 0)
(2 -6.35323e-17 0)
(2 3.80906e-16 0)
(2 5.68357e-16 0)
(2 1.0028e-15 0)
(2 1.26737e-15 0)
(2 1.31118e-15 0)
(2 1.40241e-15 0)
(2 1.43281e-15 0)
(2 1.30068e-15 0)
(2 2.86147e-16 0)
(2 -4.54154e-16 0)
(2 -4.43514e-16 0)
(2 -3.89854e-16 0)
(2 -3.05839e-16 0)
(2 -5.70984e-16 0)
(2 9.26403e-17 0)
(2 1.46327e-15 0)
(2 1.64736e-15 0)
(2 1.52061e-15 0)
(2 1.13233e-15 0)
(2 4.46705e-16 0)
(2 -1.31882e-16 0)
(2 -2.83833e-16 0)
(2 -3.58691e-16 0)
(2 -2.78214e-16 0)
(2 -4.69069e-17 0)
(2 1.33633e-16 0)
(2 1.90912e-16 0)
(2 1.82811e-16 0)
(2 1.21434e-16 0)
(2 3.62348e-16 0)
(2 8.62815e-16 0)
(2 1.20001e-15 0)
(2 1.29947e-15 0)
(2 1.15177e-15 0)
(2 9.84016e-16 0)
(2 9.16467e-16 0)
(2 8.42222e-16 0)
(2 8.26812e-16 0)
(2 8.16136e-16 0)
(2 7.40443e-16 0)
(2 6.70686e-16 0)
(2 6.82332e-16 0)
(2 2.37867e-16 0)
(2 4.58246e-17 0)
(2 -5.39804e-16 0)
(2 -9.0877e-16 0)
(2 -8.48123e-16 0)
(2 -4.65177e-16 0)
(2 -1.79893e-16 0)
(2 -1.10505e-16 0)
(2 6.07167e-16 0)
(2 8.18096e-16 0)
(2 8.13094e-16 0)
(2 7.50832e-16 0)
(2 8.09222e-16 0)
(2 8.95816e-16 0)
(2 8.92101e-16 0)
(2 6.79398e-16 0)
(2 3.29344e-16 0)
(2 -2.59668e-16 0)
(2 -3.93257e-16 0)
(2 -2.22707e-16 0)
(2 -4.75767e-17 0)
(2 1.86138e-16 0)
(2 2.28373e-16 0)
(2 2.8919e-16 0)
(2 4.00927e-16 0)
(2 2.80656e-16 0)
(2 3.0477e-16 0)
(2 2.20566e-16 0)
(2 1.40635e-16 0)
(2 1.87344e-16 0)
(2 -2.21055e-16 0)
(2 -5.09491e-16 0)
(2 -7.76e-16 0)
(2 -7.12387e-16 0)
(2 -1.39299e-16 0)
(2 7.09786e-17 0)
(2 5.26331e-16 0)
(2 1.12532e-15 0)
(2 1.4611e-15 0)
(2 1.5056e-15 0)
(2 1.27185e-15 0)
(2 1.13297e-15 0)
(2 1.02195e-15 0)
(2 8.98185e-16 0)
(2 8.07435e-16 0)
(2 6.7059e-16 0)
(2 6.43351e-16 0)
(2 5.79652e-16 0)
(2 5.2298e-16 0)
(2 9.85842e-16 0)
(2 1.41925e-15 0)
(2 1.63791e-15 0)
(2 1.83475e-15 0)
(2 1.84943e-15 0)
(2 2.03102e-15 0)
(2 2.14489e-15 0)
(2 2.08426e-15 0)
(2 5.39235e-16 0)
(2 3.65897e-16 0)
(2 3.30368e-16 0)
(2 2.89383e-16 0)
(2 1.59758e-16 0)
(2 -2.14094e-17 0)
(2 -1.51041e-16 0)
(2 -4.15749e-16 0)
(2 -5.52598e-16 0)
(2 -4.86644e-16 0)
(2 -4.3122e-16 0)
(2 -5.02841e-16 0)
(2 -6.22119e-16 0)
(2 -6.29158e-16 0)
(2 -2.86404e-16 0)
(2 -2.69032e-16 0)
(2 -3.4882e-16 0)
(2 -6.00115e-16 0)
(2 -7.15017e-16 0)
(2 -5.58367e-16 0)
(2 -5.57683e-16 0)
(2 -7.26816e-16 0)
(2 -6.80408e-16 0)
(2 -5.43967e-16 0)
(2 -6.99143e-16 0)
(2 -8.4876e-16 0)
(2 -8.33249e-16 0)
(2 -8.06169e-16 0)
(2 -7.53923e-16 0)
(2 -7.85913e-16 0)
(2 -1.00195e-15 0)
(2 -1.32812e-15 0)
(2 -1.2601e-15 0)
(2 -8.29794e-16 0)
(2 -4.13153e-17 0)
(2 1.07484e-15 0)
(2 1.38201e-15 0)
(2 1.85912e-15 0)
(2 2.15192e-15 0)
(2 2.20124e-15 0)
(2 2.32195e-15 0)
(2 1.77159e-15 0)
(2 1.56373e-15 0)
(2 1.67183e-15 0)
(2 1.67485e-15 0)
(2 1.46336e-15 0)
(2 1.43485e-15 0)
(2 2.4322e-15 0)
(2 2.7182e-15 0)
(2 2.8757e-15 0)
(2 2.8992e-15 0)
(2 2.90467e-15 0)
(2 3.03613e-15 0)
(2 3.07777e-15 0)
(2 3.17047e-15 0)
(2 3.19499e-15 0)
(2 3.08873e-15 0)
(2 2.99341e-15 0)
(2 2.61336e-15 0)
(2 2.39645e-15 0)
(2 2.34148e-15 0)
(2 1.907e-15 0)
(2 1.26283e-15 0)
(2 8.17816e-16 0)
(2 -8.75365e-17 0)
(2 -5.21686e-16 0)
(2 -5.05218e-16 0)
(2 -5.53332e-16 0)
(2 -4.8405e-16 0)
(2 -2.88749e-16 0)
(2 -1.4922e-16 0)
(2 9.80353e-17 0)
(2 1.90881e-16 0)
(2 2.87013e-16 0)
(2 2.30317e-16 0)
(2 3.10731e-16 0)
(2 3.48646e-16 0)
(2 3.48798e-16 0)
(2 5.29238e-16 0)
(2 7.5776e-16 0)
(2 6.51754e-16 0)
(2 1.45193e-15 0)
(2 1.66838e-15 0)
(2 1.83383e-15 0)
(2 2.04805e-15 0)
(2 2.42463e-15 0)
(2 2.40888e-15 0)
(2 1.78512e-15 0)
(2 1.7628e-15 0)
(2 1.78852e-15 0)
(2 1.74189e-15 0)
(2 1.4594e-15 0)
(2 1.15466e-15 0)
(2 1.04296e-15 0)
(2 4.91441e-16 0)
(2 3.16727e-16 0)
(2 2.46236e-16 0)
(2 -1.68735e-18 0)
(2 -4.46647e-17 0)
(2 -2.31951e-16 0)
(2 -4.10647e-16 0)
(2 -4.194e-16 0)
(2 -3.95135e-16 0)
(2 -2.47405e-16 0)
(2 -9.78968e-17 0)
(2 8.9366e-17 0)
(2 7.04817e-17 0)
(2 -1.71527e-17 0)
(2 8.83214e-17 0)
(2 7.74823e-17 0)
(2 4.71065e-20 0)
(2 7.52572e-16 0)
(2 1.06706e-15 0)
(2 1.16842e-15 0)
(2 1.33332e-15 0)
(2 1.63568e-15 0)
(2 1.86411e-15 0)
(2 1.84711e-15 0)
(2 1.54287e-15 0)
(2 1.30922e-15 0)
(2 1.09272e-15 0)
(2 9.38174e-16 0)
(2 6.01422e-16 0)
(2 4.31273e-16 0)
(2 4.08944e-16 0)
(2 4.36444e-16 0)
(2 5.06515e-16 0)
(2 8.07649e-16 0)
(2 1.02179e-15 0)
(2 1.41548e-15 0)
(2 1.69935e-15 0)
(2 2.34119e-15 0)
(2 -6.45985e-16 0)
(2 -6.44256e-16 0)
(2 -3.95076e-16 0)
(2 -1.1234e-15 0)
(2 -1.18647e-15 0)
(2 -1.42927e-15 0)
(2 -1.60744e-15 0)
(2 -1.79206e-15 0)
(2 -1.86711e-15 0)
(2 -2.05204e-15 0)
(2 -2.22503e-15 0)
(2 -2.39174e-15 0)
(2 -2.52136e-15 0)
(2 -2.84585e-15 0)
(2 -2.92283e-15 0)
(2 -2.97864e-15 0)
(2 -2.96057e-15 0)
(2 -2.91751e-15 0)
(2 -2.9259e-15 0)
(2 -2.66059e-15 0)
(2 -2.13329e-15 0)
(2 -1.89711e-15 0)
(2 -1.51503e-15 0)
(2 -1.25813e-15 0)
(2 -1.00792e-15 0)
(2 -8.13733e-16 0)
(2 -8.40176e-16 0)
(2 -7.47714e-16 0)
(2 -4.02435e-16 0)
(2 -9.92299e-17 0)
(2 -8.25932e-17 0)
(2 7.99331e-17 0)
(2 4.32329e-16 0)
(2 5.25034e-16 0)
(2 3.44349e-16 0)
(2 2.21956e-16 0)
(2 2.72953e-16 0)
(2 6.98091e-16 0)
(2 9.9126e-16 0)
(2 1.18832e-15 0)
(2 1.33754e-15 0)
(2 1.45163e-15 0)
(2 1.52574e-15 0)
(2 1.59357e-15 0)
(2 1.55493e-15 0)
(2 1.36899e-15 0)
(2 2.5646e-15 0)
(2 3.20332e-15 0)
(2 3.50691e-15 0)
(2 3.72503e-15 0)
(2 4.29391e-15 0)
(2 4.83313e-15 0)
(2 5.38427e-15 0)
(2 5.76588e-15 0)
(2 5.56881e-15 0)
(2 5.13646e-15 0)
(2 4.45545e-15 0)
(2 3.94341e-15 0)
(2 3.66239e-15 0)
(2 3.37787e-15 0)
(2 3.16792e-15 0)
(2 2.89906e-15 0)
(2 2.61168e-15 0)
(2 2.44779e-15 0)
(2 2.0921e-15 0)
(2 1.05228e-15 0)
(2 4.17876e-16 0)
(2 2.98488e-16 0)
(2 -8.00204e-17 0)
(2 -1.68422e-16 0)
(2 -1.35226e-16 0)
(2 -4.64084e-17 0)
(2 1.04093e-17 0)
(2 2.71226e-17 0)
(2 3.71678e-17 0)
(2 7.84338e-17 0)
(2 3.2859e-16 0)
(2 3.12762e-16 0)
(2 1.10563e-15 0)
(2 2.45475e-15 0)
(2 3.01299e-15 0)
(2 3.11575e-15 0)
(2 3.20083e-15 0)
(2 3.26561e-15 0)
(2 3.18559e-15 0)
(2 3.46421e-15 0)
(2 3.64064e-15 0)
(2 3.06145e-15 0)
(2 2.78307e-15 0)
(2 2.70217e-15 0)
(2 2.59912e-15 0)
(2 2.38959e-15 0)
(2 2.25761e-15 0)
(2 2.09017e-15 0)
(2 1.5596e-15 0)
(2 1.19356e-15 0)
(2 8.3765e-16 0)
(2 6.64252e-16 0)
(2 6.3951e-16 0)
(2 5.10615e-16 0)
(2 5.00811e-16 0)
(2 5.00906e-16 0)
(2 3.90399e-16 0)
(2 8.94803e-16 0)
(2 1.32418e-15 0)
(2 1.43166e-15 0)
(2 1.70898e-15 0)
(2 1.8569e-15 0)
(2 1.95295e-15 0)
(2 1.40207e-15 0)
(2 1.3011e-15 0)
(2 1.1396e-15 0)
(2 8.15922e-16 0)
(2 9.26575e-16 0)
(2 1.49182e-15 0)
(2 1.74648e-15 0)
(2 1.9202e-15 0)
(2 2.00397e-15 0)
(2 1.97902e-15 0)
(2 1.88614e-15 0)
(2 1.71517e-15 0)
(2 1.65914e-15 0)
(2 1.80011e-15 0)
(2 1.91808e-15 0)
(2 1.97281e-15 0)
(2 1.96202e-15 0)
(2 1.94118e-15 0)
(2 1.90477e-15 0)
(2 1.80626e-15 0)
(2 2.00513e-15 0)
(2 2.24137e-15 0)
(2 2.46379e-15 0)
(2 -1.98558e-15 0)
(2 -1.80754e-15 0)
(2 -1.83254e-15 0)
(2 -1.97527e-15 0)
(2 -2.08448e-15 0)
(2 -2.19832e-15 0)
(2 -2.31828e-15 0)
(2 -2.28354e-15 0)
(2 -2.37517e-15 0)
(2 -2.4348e-15 0)
(2 -2.56539e-15 0)
(2 -2.77249e-15 0)
(2 -2.88783e-15 0)
(2 -3.04403e-15 0)
(2 -3.02708e-15 0)
(2 -2.85184e-15 0)
(2 -2.79553e-15 0)
(2 -2.77954e-15 0)
(2 -2.7096e-15 0)
(2 -2.65669e-15 0)
(2 -2.63923e-15 0)
(2 -2.16868e-15 0)
(2 -1.87523e-15 0)
(2 -1.82846e-15 0)
(2 -1.60271e-15 0)
(2 -1.23642e-15 0)
(2 -1.2237e-15 0)
(2 -1.18587e-15 0)
(2 -8.36706e-16 0)
(2 -5.76195e-16 0)
(2 -4.36e-16 0)
(2 -4.04502e-16 0)
(2 -4.55561e-16 0)
(2 -6.68047e-16 0)
(2 -1.00459e-15 0)
(2 -9.78475e-16 0)
(2 -6.79098e-16 0)
(2 -6.0329e-16 0)
(2 -5.84494e-16 0)
(2 -5.34161e-16 0)
(2 -1.93888e-16 0)
(2 1.06188e-17 0)
(2 2.32387e-16 0)
(2 6.3688e-16 0)
(2 8.78907e-16 0)
(2 1.23995e-15 0)
(2 1.65901e-15 0)
(2 1.95921e-15 0)
(2 2.46265e-15 0)
(2 2.57176e-15 0)
(2 2.98329e-15 0)
(2 3.14588e-15 0)
(2 3.19673e-15 0)
(2 3.16551e-15 0)
(2 3.12595e-15 0)
(2 2.935e-15 0)
(2 2.81935e-15 0)
(2 2.67418e-15 0)
(2 2.40145e-15 0)
(2 2.35124e-15 0)
(2 2.34381e-15 0)
(2 2.34721e-15 0)
(2 2.45212e-15 0)
(2 2.55212e-15 0)
(2 2.55626e-15 0)
(2 2.61172e-15 0)
(2 2.19168e-15 0)
(2 1.36452e-15 0)
(2 1.19596e-15 0)
(2 1.13806e-15 0)
(2 8.15896e-16 0)
(2 5.46574e-16 0)
(2 1.11971e-17 0)
(2 -3.77115e-16 0)
(2 -3.29403e-16 0)
(2 -2.80088e-16 0)
(2 -3.19446e-16 0)
(2 -2.97e-16 0)
(2 3.41231e-16 0)
(2 1.0907e-15 0)
(2 2.10496e-15 0)
(2 3.02342e-15 0)
(2 3.07587e-15 0)
(2 2.91409e-15 0)
(2 2.19991e-15 0)
(2 1.99631e-15 0)
(2 2.09622e-15 0)
(2 2.33944e-15 0)
(2 2.37217e-15 0)
(2 2.30817e-15 0)
(2 2.04126e-15 0)
(2 1.07028e-15 0)
(2 3.38173e-16 0)
(2 2.00315e-16 0)
(2 1.28487e-16 0)
(2 1.66754e-16 0)
(2 2.65183e-16 0)
(2 5.56824e-16 0)
(2 7.05029e-16 0)
(2 7.39419e-16 0)
(2 6.65113e-16 0)
(2 6.62436e-16 0)
(2 5.21076e-16 0)
(2 4.10639e-16 0)
(2 3.51842e-16 0)
(2 3.14949e-16 0)
(2 3.69202e-16 0)
(2 3.87909e-16 0)
(2 5.73678e-16 0)
(2 7.48069e-16 0)
(2 6.68832e-16 0)
(2 2.01454e-16 0)
(2 -6.55785e-17 0)
(2 -7.16596e-17 0)
(2 -4.39349e-16 0)
(2 -7.19475e-16 0)
(2 -9.50655e-16 0)
(2 -3.71023e-16 0)
(2 2.80182e-16 0)
(2 4.06998e-16 0)
(2 4.92117e-16 0)
(2 4.62102e-16 0)
(2 3.93159e-16 0)
(2 4.52776e-16 0)
(2 4.45161e-16 0)
(2 3.7982e-16 0)
(2 5.84733e-16 0)
(2 6.78924e-16 0)
(2 8.14529e-16 0)
(2 8.42097e-16 0)
(2 7.95697e-16 0)
(2 7.80696e-16 0)
(2 -4.6532e-16 0)
(2 -6.0221e-16 0)
(2 -7.23007e-16 0)
(2 -9.24303e-16 0)
(2 -1.26077e-15 0)
(2 -1.31154e-15 0)
(2 -1.12853e-15 0)
(2 -1.0935e-15 0)
(2 -1.03844e-15 0)
(2 -1.02301e-15 0)
(2 -9.3743e-16 0)
(2 -6.68035e-16 0)
(2 -4.74584e-16 0)
(2 -1.54259e-16 0)
(2 1.8459e-16 0)
(2 3.31044e-16 0)
(2 3.10172e-16 0)
(2 3.78145e-16 0)
(2 7.16843e-16 0)
(2 8.3366e-16 0)
(2 7.22016e-16 0)
(2 5.27172e-16 0)
(2 2.05059e-16 0)
(2 2.32004e-16 0)
(2 2.76384e-16 0)
(2 3.16364e-16 0)
(2 4.85756e-16 0)
(2 5.79179e-16 0)
(2 3.79237e-16 0)
(2 4.43092e-16 0)
(2 2.42753e-16 0)
(2 -1.35882e-16 0)
(2 -1.66664e-16 0)
(2 -1.17545e-16 0)
(2 1.53434e-16 0)
(2 1.90314e-16 0)
(2 2.92878e-16 0)
(2 5.06938e-16 0)
(2 7.5949e-16 0)
(2 8.74889e-16 0)
(2 1.06291e-15 0)
(2 1.6966e-15 0)
(2 2.51683e-15 0)
(2 3.0115e-15 0)
(2 2.93898e-15 0)
(2 2.68887e-15 0)
(2 1.90631e-15 0)
(2 1.35224e-15 0)
(2 1.23563e-15 0)
(2 1.19724e-15 0)
(2 1.10872e-15 0)
(2 1.02819e-15 0)
(2 1.01595e-15 0)
(2 1.03656e-15 0)
(2 1.07189e-15 0)
(2 1.02711e-15 0)
(2 1.05374e-15 0)
(2 1.13907e-15 0)
(2 1.19021e-15 0)
(2 1.18648e-15 0)
(2 1.33464e-15 0)
(2 1.66463e-15 0)
(2 1.70032e-15 0)
(2 1.68221e-15 0)
(2 1.69764e-15 0)
(2 1.61619e-15 0)
(2 1.47971e-15 0)
(2 1.57469e-15 0)
(2 1.50961e-15 0)
(2 9.44922e-16 0)
(2 8.4649e-16 0)
(2 7.10792e-16 0)
(2 5.21478e-16 0)
(2 2.00437e-16 0)
(2 3.96605e-16 0)
(2 1.02186e-15 0)
(2 1.08057e-15 0)
(2 9.77087e-16 0)
(2 1.29562e-15 0)
(2 1.53094e-15 0)
(2 1.92724e-15 0)
(2 2.21339e-15 0)
(2 2.28932e-15 0)
(2 2.489e-15 0)
(2 3.25915e-15 0)
(2 2.74159e-15 0)
(2 2.52374e-15 0)
(2 2.48893e-15 0)
(2 2.24346e-15 0)
(2 1.95853e-15 0)
(2 1.47544e-15 0)
(2 1.26251e-15 0)
(2 1.26672e-15 0)
(2 1.36091e-15 0)
(2 1.4638e-15 0)
(2 1.51639e-15 0)
(2 1.44934e-15 0)
(2 1.41005e-15 0)
(2 1.38478e-15 0)
(2 1.37793e-15 0)
(2 1.19551e-15 0)
(2 1.26465e-15 0)
(2 7.84928e-16 0)
(2 -4.79376e-17 0)
(2 1.74007e-16 0)
(2 4.58348e-16 0)
(2 5.37657e-16 0)
(2 6.43368e-16 0)
(2 1.16612e-15 0)
(2 1.3485e-15 0)
(2 1.29352e-15 0)
(2 1.14921e-15 0)
(2 9.52885e-16 0)
(2 8.2975e-16 0)
(2 4.82712e-16 0)
(2 2.69537e-16 0)
(2 -4.46387e-17 0)
(2 -3.29055e-16 0)
(2 -3.4048e-17 0)
(2 2.15304e-16 0)
(2 2.71311e-16 0)
(2 1.18635e-16 0)
(2 9.5571e-19 0)
(2 2.46847e-16 0)
(2 3.48448e-16 0)
(2 6.18151e-16 0)
(2 9.47335e-16 0)
(2 1.10924e-15 0)
(2 1.2072e-15 0)
(2 1.25577e-15 0)
(2 1.065e-15 0)
(2 1.28291e-15 0)
(2 8.17342e-17 0)
(2 -3.99682e-16 0)
(2 -4.89617e-16 0)
(2 -5.63737e-16 0)
(2 -5.13003e-16 0)
(2 -4.62541e-16 0)
(2 -3.25245e-16 0)
(2 -2.36354e-16 0)
(2 -1.08103e-16 0)
(2 8.66675e-18 0)
(2 1.62231e-16 0)
(2 4.57103e-16 0)
(2 5.14006e-16 0)
(2 7.05673e-16 0)
(2 9.39982e-16 0)
(2 1.19916e-15 0)
(2 1.49039e-15 0)
(2 1.50692e-15 0)
(2 2.02927e-15 0)
(2 2.23611e-15 0)
(2 2.33243e-15 0)
(2 2.52873e-15 0)
(2 2.7437e-15 0)
(2 2.79284e-15 0)
(2 2.76585e-15 0)
(2 2.59521e-15 0)
(2 2.5195e-15 0)
(2 2.44585e-15 0)
(2 2.40539e-15 0)
(2 2.4384e-15 0)
(2 2.65585e-15 0)
(2 2.57502e-15 0)
(2 2.38267e-15 0)
(2 2.19083e-15 0)
(2 1.5648e-15 0)
(2 1.26942e-15 0)
(2 1.31401e-15 0)
(2 9.03643e-16 0)
(2 6.8639e-16 0)
(2 4.95345e-16 0)
(2 1.08519e-16 0)
(2 -1.38812e-16 0)
(2 -3.93509e-16 0)
(2 -1.31761e-16 0)
(2 1.97773e-16 0)
(2 6.84755e-16 0)
(2 3.97861e-16 0)
(2 -4.84819e-16 0)
(2 -8.86615e-16 0)
(2 -9.28498e-16 0)
(2 -9.67223e-16 0)
(2 -9.93469e-16 0)
(2 -9.3852e-16 0)
(2 -9.10555e-16 0)
(2 -8.38623e-16 0)
(2 -6.90473e-16 0)
(2 -3.9881e-16 0)
(2 -4.6257e-17 0)
(2 3.68065e-17 0)
(2 1.11988e-16 0)
(2 1.07222e-15 0)
(2 1.20741e-15 0)
(2 1.11975e-15 0)
(2 1.09797e-15 0)
(2 1.19338e-15 0)
(2 7.2441e-16 0)
(2 7.06208e-16 0)
(2 7.72339e-16 0)
(2 1.01486e-15 0)
(2 1.46358e-15 0)
(2 1.62628e-15 0)
(2 1.66273e-15 0)
(2 1.88445e-15 0)
(2 2.27181e-15 0)
(2 2.7059e-15 0)
(2 3.35906e-15 0)
(2 3.45302e-15 0)
(2 3.77424e-15 0)
(2 3.8416e-15 0)
(2 3.79814e-15 0)
(2 3.58862e-15 0)
(2 3.47936e-15 0)
(2 3.54911e-15 0)
(2 3.67162e-15 0)
(2 3.78494e-15 0)
(2 3.23966e-15 0)
(2 2.73995e-15 0)
(2 2.74534e-15 0)
(2 2.84735e-15 0)
(2 3.13033e-15 0)
(2 3.29204e-15 0)
(2 3.33853e-15 0)
(2 3.6092e-15 0)
(2 3.40692e-15 0)
(2 3.25008e-15 0)
(2 2.98039e-15 0)
(2 2.81763e-15 0)
(2 2.53966e-15 0)
(2 2.32938e-15 0)
(2 2.22179e-15 0)
(2 2.52155e-15 0)
(2 2.2775e-15 0)
(2 2.12715e-15 0)
(2 2.24343e-15 0)
(2 2.04212e-15 0)
(2 2.00166e-15 0)
(2 2.21039e-15 0)
(2 2.48694e-15 0)
(2 2.87098e-15 0)
(2 2.95213e-15 0)
(2 2.9566e-15 0)
(2 2.75089e-15 0)
(2 2.47973e-15 0)
(2 2.25048e-15 0)
(2 2.13918e-15 0)
(2 2.2112e-15 0)
(2 2.36516e-15 0)
(2 2.1784e-15 0)
(2 1.51493e-15 0)
(2 1.07483e-15 0)
(2 9.57163e-16 0)
(2 9.53541e-16 0)
(2 8.9444e-16 0)
(2 6.09854e-16 0)
(2 7.02249e-16 0)
(2 8.22396e-16 0)
(2 1.06881e-15 0)
(2 1.30157e-15 0)
(2 1.44727e-15 0)
(2 1.96874e-15 0)
(2 2.09955e-15 0)
(2 2.20588e-15 0)
(2 -1.79172e-15 0)
(2 -1.80348e-15 0)
(2 -1.30179e-15 0)
(2 -9.52336e-16 0)
(2 -8.91054e-16 0)
(2 -6.71116e-16 0)
(2 -4.73446e-16 0)
(2 -5.11302e-16 0)
(2 -5.49172e-16 0)
(2 -6.46606e-16 0)
(2 -6.71109e-16 0)
(2 -6.29921e-16 0)
(2 -5.18433e-16 0)
(2 -2.91882e-16 0)
(2 -3.22033e-16 0)
(2 -3.3386e-16 0)
(2 -1.45467e-16 0)
(2 6.2999e-17 0)
(2 4.75419e-17 0)
(2 -7.84829e-18 0)
(2 -6.04458e-17 0)
(2 3.77117e-16 0)
(2 1.10305e-15 0)
(2 1.78256e-15 0)
(2 1.90812e-15 0)
(2 1.93157e-15 0)
(2 1.91661e-15 0)
(2 1.6337e-15 0)
(2 1.71301e-15 0)
(2 1.97683e-15 0)
(2 2.38907e-15 0)
(2 2.5085e-15 0)
(2 1.64636e-15 0)
(2 1.33519e-15 0)
(2 9.84377e-16 0)
(2 7.06796e-16 0)
(2 5.48885e-16 0)
(2 2.95391e-16 0)
(2 -5.952e-17 0)
(2 -3.36853e-16 0)
(2 -6.6267e-16 0)
(2 -8.87543e-16 0)
(2 -1.77493e-15 0)
(2 -2.34235e-15 0)
(2 -2.56492e-15 0)
(2 -2.69164e-15 0)
(2 -2.62613e-15 0)
(2 -2.31951e-15 0)
(2 -1.4108e-15 0)
(2 -4.52712e-16 0)
(2 -1.3495e-16 0)
(2 -2.83107e-17 0)
(2 2.8812e-17 0)
(2 1.00532e-16 0)
(2 1.92544e-16 0)
(2 4.28471e-16 0)
(2 5.22336e-16 0)
(2 5.95801e-16 0)
(2 4.97847e-16 0)
(2 3.38943e-16 0)
(2 3.50417e-17 0)
(2 3.95626e-17 0)
(2 5.72187e-17 0)
(2 -3.98409e-17 0)
(2 -6.98822e-17 0)
(2 3.696e-17 0)
(2 6.73876e-16 0)
(2 9.97451e-16 0)
(2 1.09882e-15 0)
(2 1.16671e-15 0)
(2 1.3021e-15 0)
(2 1.53587e-15 0)
(2 1.75435e-15 0)
(2 2.40361e-15 0)
(2 3.20157e-15 0)
(2 3.26524e-15 0)
(2 3.30404e-15 0)
(2 3.26277e-15 0)
(2 3.52418e-15 0)
(2 3.43359e-15 0)
(2 3.34807e-15 0)
(2 3.02446e-15 0)
(2 2.8841e-15 0)
(2 2.97867e-15 0)
(2 3.01389e-15 0)
(2 3.10641e-15 0)
(2 2.81767e-15 0)
(2 2.60829e-15 0)
(2 2.52181e-15 0)
(2 2.52283e-15 0)
(2 2.55371e-15 0)
(2 2.90365e-15 0)
(2 3.29765e-15 0)
(2 3.45842e-15 0)
(2 3.45417e-15 0)
(2 3.37898e-15 0)
(2 3.65136e-15 0)
(2 3.88311e-15 0)
(2 3.78951e-15 0)
(2 3.46494e-15 0)
(2 2.94047e-15 0)
(2 2.88568e-15 0)
(2 3.03913e-15 0)
(2 3.10313e-15 0)
(2 3.2799e-15 0)
(2 2.99606e-15 0)
(2 2.97649e-15 0)
(2 2.9817e-15 0)
(2 3.08477e-15 0)
(2 3.31949e-15 0)
(2 3.04393e-15 0)
(2 2.66623e-15 0)
(2 2.56992e-15 0)
(2 1.91692e-15 0)
(2 1.30678e-15 0)
(2 1.12379e-15 0)
(2 1.0531e-15 0)
(2 8.18188e-16 0)
(2 4.17706e-16 0)
(2 -5.2585e-16 0)
(2 -4.35529e-16 0)
(2 -3.00796e-16 0)
(2 -1.84342e-16 0)
(2 -3.90741e-16 0)
(2 -2.4542e-16 0)
(2 -1.33869e-16 0)
(2 -8.02652e-17 0)
(2 -9.16528e-17 0)
(2 -1.6954e-17 0)
(2 4.3439e-16 0)
(2 8.6604e-16 0)
(2 9.11579e-16 0)
(2 -2.36981e-15 0)
(2 -2.11627e-15 0)
(2 -1.42854e-15 0)
(2 -1.1875e-15 0)
(2 -9.18444e-16 0)
(2 -9.19038e-16 0)
(2 -8.86491e-16 0)
(2 -5.33833e-16 0)
(2 -5.20218e-16 0)
(2 -6.32785e-16 0)
(2 -5.26948e-16 0)
(2 3.15512e-16 0)
(2 5.72864e-16 0)
(2 8.61008e-16 0)
(2 3.98566e-16 0)
(2 9.94477e-17 0)
(2 -7.1345e-17 0)
(2 -1.61407e-16 0)
(2 -2.06362e-16 0)
(2 -5.19811e-16 0)
(2 -9.23974e-16 0)
(2 -1.07076e-15 0)
(2 -1.1929e-15 0)
(2 -1.29873e-15 0)
(2 -1.15862e-15 0)
(2 -8.75937e-16 0)
(2 -8.56191e-16 0)
(2 -9.3035e-16 0)
(2 -1.11379e-15 0)
(2 -1.37171e-15 0)
(2 -1.8615e-15 0)
(2 -1.61647e-15 0)
(2 -1.45735e-15 0)
(2 -1.12359e-15 0)
(2 -8.99935e-16 0)
(2 -7.86813e-16 0)
(2 -7.3245e-16 0)
(2 -7.50777e-16 0)
(2 -6.42647e-16 0)
(2 -1.08364e-15 0)
(2 -1.37685e-15 0)
(2 -1.48312e-15 0)
(2 -1.73214e-15 0)
(2 -1.85724e-15 0)
(2 -1.93557e-15 0)
(2 -2.11258e-15 0)
(2 -2.16726e-15 0)
(2 -2.23078e-15 0)
(2 -1.90069e-15 0)
(2 -1.74006e-15 0)
(2 -1.861e-15 0)
(2 -2.33019e-15 0)
(2 -2.59003e-15 0)
(2 -2.21679e-15 0)
(2 -1.44692e-15 0)
(2 -8.47645e-16 0)
(2 -7.60035e-16 0)
(2 -7.63057e-16 0)
(2 -9.3118e-16 0)
(2 -1.09884e-15 0)
(2 -1.5124e-15 0)
(2 -1.56999e-15 0)
(2 -1.35788e-15 0)
(2 -1.03604e-15 0)
(2 -7.64816e-16 0)
(2 -4.89494e-16 0)
(2 -1.99916e-16 0)
(2 -2.4602e-16 0)
(2 1.20423e-16 0)
(2 2.08323e-16 0)
(2 1.78419e-16 0)
(2 1.23531e-15 0)
(2 1.43273e-15 0)
(2 1.41552e-15 0)
(2 1.38194e-15 0)
(2 1.43089e-15 0)
(2 1.37474e-15 0)
(2 1.29714e-15 0)
(2 1.33323e-15 0)
(2 1.25387e-15 0)
(2 1.26475e-15 0)
(2 1.42034e-15 0)
(2 1.02722e-15 0)
(2 1.80642e-16 0)
(2 1.1663e-16 0)
(2 1.4769e-16 0)
(2 3.68813e-16 0)
(2 4.19461e-16 0)
(2 5.51381e-16 0)
(2 5.1233e-16 0)
(2 4.01429e-16 0)
(2 4.09739e-16 0)
(2 4.86098e-16 0)
(2 7.40029e-16 0)
(2 1.10456e-15 0)
(2 1.81298e-15 0)
(2 2.33019e-15 0)
(2 2.75019e-15 0)
(2 2.8476e-15 0)
(2 2.11116e-15 0)
(2 1.93067e-15 0)
(2 1.46972e-15 0)
(2 9.20433e-16 0)
(2 3.63296e-16 0)
(2 1.05261e-16 0)
(2 -2.68675e-16 0)
(2 -1.63675e-16 0)
(2 -1.68786e-16 0)
(2 -4.38884e-16 0)
(2 -4.6353e-16 0)
(2 -5.35878e-16 0)
)
;

boundaryField
{
    inlet
    {
        type            fixedValue;
        value           nonuniform 0();
    }
    outlet
    {
        type            inletOutlet;
        inletValue      nonuniform 0();
        value           nonuniform 0();
    }
    bottom
    {
        type            symmetryPlane;
    }
    top
    {
        type            symmetryPlane;
    }
    obstacle
    {
        type            slip;
    }
    front
    {
        type            empty;
    }
    back
    {
        type            empty;
    }
    procBoundary17to9
    {
        type            processor;
        value           nonuniform List<vector> 
133
(
(2 3.46918e-15 0)
(2 4.11672e-15 0)
(2 4.10657e-15 0)
(2 4.05101e-15 0)
(2 3.62407e-15 0)
(2 3.19511e-15 0)
(2 2.78926e-15 0)
(2 2.22708e-15 0)
(2 1.70282e-15 0)
(2 1.12749e-15 0)
(2 2.68001e-16 0)
(2 -9.54306e-17 0)
(2 -8.39535e-17 0)
(2 2.74899e-17 0)
(2 2.91083e-16 0)
(2 4.67214e-16 0)
(2 8.19453e-16 0)
(2 3.19732e-16 0)
(2 -1.74367e-16 0)
(2 -3.23135e-16 0)
(2 -4.33964e-16 0)
(2 -2.66218e-16 0)
(2 8.97989e-17 0)
(2 1.20212e-16 0)
(2 4.71029e-16 0)
(2 1.82341e-15 0)
(2 2.07051e-15 0)
(2 2.03448e-15 0)
(2 1.95686e-15 0)
(2 1.89849e-15 0)
(2 1.94583e-15 0)
(2 2.29899e-15 0)
(2 2.58935e-15 0)
(2 2.57762e-15 0)
(2 2.47094e-15 0)
(2 2.27052e-15 0)
(2 2.21202e-15 0)
(2 2.33164e-15 0)
(2 2.47249e-15 0)
(2 2.58962e-15 0)
(2 2.58462e-15 0)
(2 2.54811e-15 0)
(2 2.58656e-15 0)
(2 2.40036e-15 0)
(2 1.45535e-15 0)
(2 1.14963e-15 0)
(2 1.14979e-15 0)
(2 1.32302e-15 0)
(2 1.46467e-15 0)
(2 1.31751e-15 0)
(2 1.21485e-15 0)
(2 1.0252e-15 0)
(2 4.05872e-16 0)
(2 -2.94451e-17 0)
(2 -2.59668e-16 0)
(2 -6.33862e-16 0)
(2 -9.9494e-16 0)
(2 -1.11468e-15 0)
(2 -1.35281e-15 0)
(2 -4.9914e-16 0)
(2 -3.67802e-16 0)
(2 -5.47892e-16 0)
(2 -6.71643e-16 0)
(2 -7.80328e-16 0)
(2 2.75437e-16 0)
(2 7.23639e-16 0)
(2 1.1375e-15 0)
(2 1.26146e-15 0)
(2 1.31451e-15 0)
(2 1.49731e-15 0)
(2 2.04579e-15 0)
(2 2.16635e-15 0)
(2 2.18041e-15 0)
(2 2.12226e-15 0)
(2 2.08051e-15 0)
(2 2.09578e-15 0)
(2 2.18451e-15 0)
(2 2.22213e-15 0)
(2 2.16882e-15 0)
(2 1.92214e-15 0)
(2 1.77383e-15 0)
(2 1.78359e-15 0)
(2 1.62896e-15 0)
(2 1.32838e-15 0)
(2 1.28956e-15 0)
(2 1.23264e-15 0)
(2 7.1246e-16 0)
(2 2.95751e-16 0)
(2 4.03359e-16 0)
(2 6.8023e-16 0)
(2 1.01574e-15 0)
(2 1.37259e-15 0)
(2 1.56459e-15 0)
(2 1.52495e-15 0)
(2 8.46439e-16 0)
(2 5.22877e-16 0)
(2 4.83047e-16 0)
(2 3.81369e-16 0)
(2 8.39199e-17 0)
(2 -4.21818e-16 0)
(2 -5.69378e-16 0)
(2 -7.60847e-16 0)
(2 -1.4804e-15 0)
(2 -1.68245e-15 0)
(2 -1.8472e-15 0)
(2 -1.9646e-15 0)
(2 -1.44428e-15 0)
(2 -1.0519e-15 0)
(2 -1.00508e-15 0)
(2 -6.93455e-16 0)
(2 -5.54009e-16 0)
(2 -3.36927e-16 0)
(2 -2.18822e-16 0)
(2 1.97204e-16 0)
(2 3.46301e-16 0)
(2 3.85292e-16 0)
(2 4.38244e-16 0)
(2 6.10077e-16 0)
(2 7.07685e-16 0)
(2 1.01513e-15 0)
(2 8.80632e-16 0)
(2 1.17229e-16 0)
(2 -1.301e-16 0)
(2 -2.25426e-16 0)
(2 -1.032e-16 0)
(2 2.70973e-16 0)
(2 9.98503e-16 0)
(2 1.20307e-15 0)
(2 1.98669e-15 0)
(2 2.51896e-15 0)
(2 2.85564e-15 0)
(2 3.26801e-15 0)
(2 3.26801e-15 0)
)
;
    }
    procBoundary17to16
    {
        type            processor;
        value           nonuniform List<vector> 
17
(
(2 1.30548e-15 0)
(2 9.08901e-16 0)
(2 1.82826e-15 0)
(2 3.04267e-15 0)
(2 1.84244e-15 0)
(2 2.07767e-15 0)
(2 3.69704e-15 0)
(2 1.48281e-15 0)
(2 4.90737e-16 0)
(2 5.92201e-16 0)
(2 1.20123e-15 0)
(2 6.86316e-16 0)
(2 -8.77245e-16 0)
(2 -2.02576e-15 0)
(2 -4.60878e-16 0)
(2 2.78861e-16 0)
(2 -1.85912e-15 0)
)
;
    }
    procBoundary17to18
    {
        type            processor;
        value           nonuniform List<vector> 
17
(
(2 -1.27143e-15 0)
(2 -2.44602e-15 0)
(2 -2.55609e-15 0)
(2 -4.93847e-16 0)
(2 1.03453e-15 0)
(2 1.73041e-15 0)
(2 1.80035e-15 0)
(2 2.35181e-15 0)
(2 5.67692e-16 0)
(2 -1.4036e-15 0)
(2 5.14612e-16 0)
(2 1.7934e-15 0)
(2 2.62768e-15 0)
(2 2.56969e-15 0)
(2 8.84684e-16 0)
(2 1.43675e-15 0)
(2 2.23539e-15 0)
)
;
    }
    procBoundary17to24
    {
        type            processor;
        value           uniform (2 -2.56676e-15 0);
    }
    procBoundary17to25
    {
        type            processor;
        value           nonuniform List<vector> 
133
(
(2 -8.56643e-16 0)
(2 -1.45873e-15 0)
(2 -2.26967e-15 0)
(2 -2.68334e-15 0)
(2 -2.5822e-15 0)
(2 -2.55463e-15 0)
(2 -2.16648e-15 0)
(2 -5.96832e-16 0)
(2 -1.00519e-16 0)
(2 -2.16153e-16 0)
(2 2.5061e-16 0)
(2 4.10177e-16 0)
(2 8.12367e-16 0)
(2 3.03109e-16 0)
(2 -2.80921e-16 0)
(2 -8.33326e-16 0)
(2 -9.81139e-16 0)
(2 -1.05314e-15 0)
(2 -9.64613e-16 0)
(2 -9.06957e-16 0)
(2 -9.21266e-16 0)
(2 -1.41335e-15 0)
(2 -1.21822e-15 0)
(2 -8.92438e-16 0)
(2 -7.31747e-16 0)
(2 -5.68614e-16 0)
(2 -2.49267e-16 0)
(2 -1.29432e-17 0)
(2 2.16335e-16 0)
(2 5.31648e-16 0)
(2 9.65454e-16 0)
(2 1.26119e-15 0)
(2 8.05234e-16 0)
(2 5.95829e-16 0)
(2 3.74381e-16 0)
(2 2.08279e-16 0)
(2 1.7393e-18 0)
(2 -3.9515e-16 0)
(2 -4.77479e-16 0)
(2 -4.55377e-16 0)
(2 -7.74927e-16 0)
(2 -8.85227e-16 0)
(2 -9.33965e-16 0)
(2 -1.21217e-15 0)
(2 -1.40557e-15 0)
(2 -1.49408e-15 0)
(2 -1.54841e-15 0)
(2 -1.55086e-15 0)
(2 -1.57008e-15 0)
(2 -1.56828e-15 0)
(2 -1.58714e-15 0)
(2 -1.60043e-15 0)
(2 -1.57101e-15 0)
(2 -1.50978e-15 0)
(2 -1.39803e-15 0)
(2 -1.36011e-15 0)
(2 -1.34214e-15 0)
(2 -1.16264e-15 0)
(2 -1.19465e-15 0)
(2 -1.21492e-15 0)
(2 -1.16567e-15 0)
(2 -1.2808e-15 0)
(2 -1.44131e-15 0)
(2 -1.4777e-15 0)
(2 -1.60309e-15 0)
(2 -1.80031e-15 0)
(2 -2.02941e-15 0)
(2 -2.4438e-15 0)
(2 -2.8194e-15 0)
(2 -3.44859e-15 0)
(2 -3.85334e-15 0)
(2 -3.9257e-15 0)
(2 -3.63091e-15 0)
(2 -3.08536e-15 0)
(2 -3.01496e-15 0)
(2 -2.74079e-15 0)
(2 -2.59996e-15 0)
(2 -2.52684e-15 0)
(2 -2.5707e-15 0)
(2 -2.55503e-15 0)
(2 -2.4465e-15 0)
(2 -2.00962e-15 0)
(2 -1.88424e-15 0)
(2 -1.79785e-15 0)
(2 -1.06414e-15 0)
(2 -6.23702e-16 0)
(2 -5.29081e-16 0)
(2 -5.81507e-16 0)
(2 -2.95453e-16 0)
(2 2.244e-17 0)
(2 8.17672e-16 0)
(2 1.10247e-15 0)
(2 1.0243e-15 0)
(2 1.03518e-15 0)
(2 9.263e-16 0)
(2 8.46972e-16 0)
(2 5.22438e-16 0)
(2 5.05962e-16 0)
(2 3.74145e-16 0)
(2 -4.11696e-18 0)
(2 -3.30011e-16 0)
(2 -4.62216e-16 0)
(2 2.44894e-16 0)
(2 2.92053e-16 0)
(2 1.15141e-16 0)
(2 -2.82782e-16 0)
(2 -2.30965e-16 0)
(2 -5.52999e-16 0)
(2 -1.07768e-15 0)
(2 -1.3575e-15 0)
(2 -1.19786e-15 0)
(2 -1.11527e-15 0)
(2 -7.73322e-16 0)
(2 4.87147e-16 0)
(2 7.52588e-16 0)
(2 8.09237e-16 0)
(2 9.14107e-16 0)
(2 5.42592e-16 0)
(2 -3.5891e-17 0)
(2 -2.08076e-16 0)
(2 -1.3086e-17 0)
(2 -1.67117e-17 0)
(2 -1.12154e-16 0)
(2 -1.74535e-16 0)
(2 -9.45926e-17 0)
(2 -5.3604e-17 0)
(2 -1.33331e-16 0)
(2 -3.7291e-16 0)
(2 -3.12015e-16 0)
(2 -7.36292e-16 0)
(2 -1.16802e-15 0)
(2 -8.56643e-16 0)
(2 -1.55004e-15 0)
)
;
    }
    procBoundary17to26
    {
        type            processor;
        value           uniform (2 8.5825e-16 0);
    }
}


// ************************************************************************* //
