/*--------------------------------*- C++ -*----------------------------------*\
  =========                 |
  \\      /  F ield         | OpenFOAM: The Open Source CFD Toolbox
   \\    /   O peration     | Website:  https://openfoam.org
    \\  /    A nd           | Version:  7
     \\/     M anipulation  |
\*---------------------------------------------------------------------------*/
FoamFile
{
    version     2.0;
    format      ascii;
    class       volVectorField;
    location    "17.5";
    object      U;
}
// * * * * * * * * * * * * * * * * * * * * * * * * * * * * * * * * * * * * * //

dimensions      [0 1 -1 0 0 0 0];

internalField   nonuniform List<vector> 
2413
(
(2 -5.41215e-15 0)
(2 -2.62423e-15 0)
(2 -1.2084e-15 0)
(2 -1.13441e-15 0)
(2 -7.43065e-16 0)
(2 -5.69954e-16 0)
(2 -7.71446e-16 0)
(2 -2.12929e-17 0)
(2 5.90775e-16 0)
(2 6.14172e-16 0)
(2 -8.12861e-16 0)
(2 -1.9342e-15 0)
(2 -6.03118e-16 0)
(2 -1.11179e-15 0)
(2 -9.23266e-16 0)
(2 -1.53839e-15 0)
(2 -2.2528e-15 0)
(2 -3.83307e-15 0)
(2 -5.20155e-15 0)
(2 -8.24629e-15 0)
(2 -8.42369e-15 0)
(2 -8.8875e-15 0)
(2 -8.61211e-15 0)
(2 -7.34667e-15 0)
(2 -3.24629e-15 0)
(2 1.82069e-13 0)
(2 6.84567e-12 0)
(2 1.79078e-10 0)
(2 3.3794e-09 0)
(2 5.36202e-08 0)
(2 6.62968e-07 0)
(1.99999 6.03122e-06 0)
(1.99996 4.14109e-05 0)
(1.9998 0.000243592 0)
(1.99918 0.00104734 0)
(1.99733 0.00332783 0)
(1.99221 0.0101731 0)
(1.98493 0.0205987 0)
(1.97196 0.0384043 0)
(1.9564 0.0623459 0)
(1.94954 0.0724701 0)
(1.93535 0.0942487 0)
(1.92552 0.113815 0)
(1.92103 0.114842 0)
(1.92224 0.114802 0)
(1.92106 0.115745 0)
(1.9205 0.116588 0)
(1.92108 0.117263 0)
(1.92194 0.117104 0)
(1.92361 0.116044 0)
(1.92601 0.113594 0)
(1.92886 0.10994 0)
(1.9315 0.1067 0)
(1.93474 0.102282 0)
(1.93797 0.0973768 0)
(1.94 0.0955461 0)
(1.94126 0.0936025 0)
(1.94471 0.088873 0)
(1.94728 0.0846888 0)
(1.94924 0.0826892 0)
(1.95097 0.0801892 0)
(1.95226 0.0777121 0)
(1.95361 0.0768289 0)
(1.95488 0.075227 0)
(1.95717 0.0712386 0)
(1.9589 0.0685988 0)
(1.96074 0.0669247 0)
(1.96324 0.0631805 0)
(1.96495 0.0597888 0)
(1.96658 0.0586258 0)
(1.96849 0.0562206 0)
(1.97037 0.0524283 0)
(1.97198 0.0510159 0)
(1.9735 0.049622 0)
(1.97577 0.0456111 0)
(1.97732 0.0431191 0)
(1.97891 0.0420598 0)
(1.98116 0.0388916 0)
(1.98249 0.0357967 0)
(2 -3.91974e-15 0)
(2 -1.57421e-15 0)
(2 7.75115e-16 0)
(2 1.12278e-15 0)
(2 -6.14914e-17 0)
(2 -2.49023e-15 0)
(2 -4.3641e-15 0)
(2 -3.54001e-15 0)
(2 -3.02911e-15 0)
(2 -2.63065e-15 0)
(2 -3.48884e-15 0)
(2 -2.95203e-15 0)
(2 -1.89572e-15 0)
(2 -1.61911e-15 0)
(2 -1.18234e-15 0)
(2 -2.80941e-15 0)
(2 -3.12519e-15 0)
(2 -3.59738e-15 0)
(2 -4.97101e-15 0)
(2 -4.34172e-15 0)
(2 -3.59794e-15 0)
(2 -2.71761e-15 0)
(2 -3.76087e-15 0)
(2 -3.74539e-15 0)
(2 -3.2811e-15 0)
(2 -3.52283e-15 0)
(2 -4.96127e-15 0)
(2 -6.89415e-15 0)
(2 -6.77837e-15 0)
(2 -7.00241e-15 0)
(2 -6.77766e-15 0)
(2 -5.3232e-15 0)
(2 -5.68521e-15 0)
(2 -4.16126e-15 0)
(2 -4.66955e-15 0)
(2 2.78984e-15 0)
(2 3.39948e-13 0)
(2 1.08502e-11 0)
(2 2.90569e-10 0)
(2 5.50784e-09 0)
(2 7.88283e-08 0)
(2 9.23829e-07 0)
(1.99999 8.39266e-06 0)
(1.99995 5.56814e-05 0)
(1.99976 0.000289557 0)
(1.99898 0.00129838 0)
(1.99701 0.00395504 0)
(1.99194 0.0105087 0)
(1.98287 0.0236247 0)
(1.97322 0.0380449 0)
(1.95547 0.0642801 0)
(1.94496 0.0803283 0)
(1.94199 0.0879955 0)
(1.93019 0.104828 0)
(1.9239 0.117518 0)
(1.92079 0.117276 0)
(1.92122 0.117564 0)
(1.92224 0.11734 0)
(1.92243 0.117334 0)
(1.92318 0.11728 0)
(1.9248 0.116459 0)
(1.92711 0.114278 0)
(1.92978 0.11121 0)
(1.93234 0.107775 0)
(1.93554 0.103147 0)
(1.93828 0.0992184 0)
(1.94057 0.0963786 0)
(1.94259 0.0932787 0)
(1.94423 0.0914149 0)
(1.94619 0.0887385 0)
(1.94926 0.0841472 0)
(1.95094 0.0809811 0)
(1.9524 0.079984 0)
(1.95415 0.0775672 0)
(1.95573 0.074375 0)
(1.95718 0.0732589 0)
(1.95867 0.0715742 0)
(1.96106 0.0675149 0)
(1.96284 0.0649743 0)
(1.96475 0.0632535 0)
(1.96723 0.0593138 0)
(1.96884 0.0562885 0)
(1.9705 0.0551974 0)
(1.97263 0.0523292 0)
(1.97428 0.0488464 0)
(1.9758 0.0478722 0)
(1.97729 0.0464561 0)
(1.97929 0.0427345 0)
(2 -2.75052e-15 0)
(2 -4.34806e-15 0)
(2 -4.19558e-15 0)
(2 -4.47988e-15 0)
(2 -4.4188e-15 0)
(2 -3.98929e-15 0)
(2 -3.10862e-15 0)
(2 -1.4645e-15 0)
(2 -1.25915e-16 0)
(2 4.16565e-16 0)
(2 -9.33014e-16 0)
(2 -1.56411e-15 0)
(2 -1.0621e-15 0)
(2 -1.91327e-15 0)
(2 -4.02961e-15 0)
(2 -4.27769e-15 0)
(2 -5.20916e-15 0)
(2 -4.09421e-15 0)
(2 -3.71334e-15 0)
(2 -3.76478e-15 0)
(2 -3.28954e-15 0)
(2 -4.31787e-15 0)
(2 -3.72412e-15 0)
(2 -2.96938e-15 0)
(2 -4.30666e-15 0)
(2 -5.14944e-15 0)
(2 -5.79288e-15 0)
(2 -3.86816e-15 0)
(2 -3.13507e-15 0)
(2 -4.07759e-15 0)
(2 -4.73844e-15 0)
(2 -4.61494e-15 0)
(2 -3.74278e-15 0)
(2 -4.93759e-15 0)
(2 -6.28697e-15 0)
(2 -6.76718e-15 0)
(2 -4.36918e-15 0)
(2 1.29713e-14 0)
(2 5.94251e-13 0)
(2 1.71312e-11 0)
(2 4.14166e-10 0)
(2 8.13389e-09 0)
(2 1.13777e-07 0)
(2 1.22528e-06 0)
(1.99999 1.06346e-05 0)
(1.99994 7.13237e-05 0)
(1.99972 0.00034462 0)
(1.99888 0.00140555 0)
(1.99654 0.00465552 0)
(1.99205 0.0107586 0)
(1.98201 0.0247847 0)
(1.97187 0.0404128 0)
(1.95952 0.0604442 0)
(1.9434 0.0868343 0)
(1.93753 0.0932492 0)
(1.93627 0.0987294 0)
(1.9288 0.109051 0)
(1.925 0.117736 0)
(1.92256 0.117509 0)
(1.92318 0.117729 0)
(1.92408 0.117875 0)
(1.92463 0.117475 0)
(1.9259 0.116917 0)
(1.92786 0.115324 0)
(1.93022 0.112635 0)
(1.93319 0.108768 0)
(1.93568 0.105577 0)
(1.93849 0.101495 0)
(1.94136 0.0964709 0)
(1.94319 0.0945454 0)
(1.94437 0.0931389 0)
(1.94674 0.0892738 0)
(1.94863 0.0866371 0)
(1.95053 0.084447 0)
(1.95274 0.0807711 0)
(1.95419 0.0783471 0)
(1.95581 0.0770978 0)
(1.9579 0.0740388 0)
(1.95944 0.0708723 0)
(1.96091 0.0699562 0)
(1.96268 0.0678979 0)
(1.96501 0.0637599 0)
(1.96675 0.0617269 0)
(1.96866 0.0598546 0)
(1.97115 0.0557798 0)
(1.97272 0.0531852 0)
(1.9745 0.0518833 0)
(1.97663 0.0487009 0)
(2 -2.70465e-15 0)
(2 -5.15266e-15 0)
(2 -7.91517e-15 0)
(2 -8.29634e-15 0)
(2 -7.39161e-15 0)
(2 -6.14289e-15 0)
(2 -3.60994e-15 0)
(2 -2.41233e-15 0)
(2 -1.5375e-15 0)
(2 -1.2187e-15 0)
(2 -4.75188e-16 0)
(2 -1.42335e-15 0)
(2 -3.39616e-15 0)
(2 -4.59277e-15 0)
(2 -6.12893e-15 0)
(2 -7.2649e-15 0)
(2 -7.75595e-15 0)
(2 -7.07417e-15 0)
(2 -4.81224e-15 0)
(2 -4.50505e-15 0)
(2 -4.68707e-15 0)
(2 -5.27558e-15 0)
(2 -4.56205e-15 0)
(2 -4.01036e-15 0)
(2 -4.15568e-15 0)
(2 -4.46872e-15 0)
(2 -4.96603e-15 0)
(2 -5.51974e-15 0)
(2 -5.15984e-15 0)
(2 -4.59254e-15 0)
(2 -4.04621e-15 0)
(2 -4.1028e-15 0)
(2 -4.21674e-15 0)
(2 -3.9962e-15 0)
(2 -4.76768e-15 0)
(2 -5.14469e-15 0)
(2 -5.06411e-15 0)
(2 -5.34656e-15 0)
(2 -6.03914e-15 0)
(2 1.194e-14 0)
(2 8.30307e-13 0)
(2 2.58766e-11 0)
(2 5.72944e-10 0)
(2 1.05278e-08 0)
(2 1.49657e-07 0)
(2 1.555e-06 0)
(1.99999 1.24954e-05 0)
(1.99993 8.15485e-05 0)
(1.99968 0.000407037 0)
(1.99885 0.00148271 0)
(1.99629 0.00494593 0)
(1.99163 0.0118678 0)
(1.98329 0.023442 0)
(1.97022 0.0432317 0)
(1.96173 0.0571594 0)
(1.94734 0.0821052 0)
(1.93633 0.102235 0)
(1.93322 0.102966 0)
(1.93257 0.106001 0)
(1.92878 0.112008 0)
(1.92632 0.11693 0)
(1.92533 0.117155 0)
(1.92568 0.117269 0)
(1.92638 0.117604 0)
(1.92731 0.117032 0)
(1.92868 0.115986 0)
(1.93093 0.113724 0)
(1.9333 0.110883 0)
(1.93574 0.107351 0)
(1.93869 0.103013 0)
(1.941 0.0998226 0)
(1.94343 0.0960767 0)
(1.94533 0.092692 0)
(1.94665 0.0916404 0)
(1.94836 0.0892397 0)
(1.95069 0.0850963 0)
(1.95225 0.0833134 0)
(1.95386 0.0815817 0)
(1.95622 0.077768 0)
(1.9579 0.0751888 0)
(1.95981 0.0734399 0)
(1.96194 0.0701122 0)
(1.96341 0.0675238 0)
(1.96497 0.0666868 0)
(1.96701 0.0640778 0)
(1.96913 0.0600777 0)
(1.97079 0.0584093 0)
(1.97262 0.0564172 0)
(2 1.9516e-15 0)
(2 1.20034e-15 0)
(2 -1.91154e-17 0)
(2 -2.41682e-15 0)
(2 -3.41407e-15 0)
(2 -2.83607e-15 0)
(2 -2.28173e-15 0)
(2 -2.30614e-15 0)
(2 -1.47545e-15 0)
(2 -2.82534e-15 0)
(2 -2.96211e-15 0)
(2 -3.83736e-15 0)
(2 -4.45282e-15 0)
(2 -4.51683e-15 0)
(2 -4.53919e-15 0)
(2 -5.2332e-15 0)
(2 -6.83512e-15 0)
(2 -6.58834e-15 0)
(2 -6.75109e-15 0)
(2 -6.4661e-15 0)
(2 -5.87592e-15 0)
(2 -4.58313e-15 0)
(2 -5.1277e-15 0)
(2 -5.92523e-15 0)
(2 -5.5422e-15 0)
(2 -4.51758e-15 0)
(2 -3.56394e-15 0)
(2 -3.54547e-15 0)
(2 -2.26127e-15 0)
(2 -1.94065e-15 0)
(2 -2.86882e-17 0)
(2 -3.21419e-16 0)
(2 -9.85623e-16 0)
(2 -6.45566e-16 0)
(2 -4.95666e-16 0)
(2 -1.00488e-15 0)
(2 -2.25059e-15 0)
(2 -3.89813e-15 0)
(2 -4.95369e-15 0)
(2 -4.25094e-15 0)
(2 -4.27146e-15 0)
(2 2.41546e-14 0)
(2 1.03987e-12 0)
(2 3.31173e-11 0)
(2 7.46308e-10 0)
(2 1.26663e-08 0)
(2 1.75056e-07 0)
(2 1.84093e-06 0)
(1.99999 1.43792e-05 0)
(1.99993 8.73903e-05 0)
(1.99966 0.000436234 0)
(1.99881 0.00160805 0)
(1.99647 0.00470685 0)
(1.99113 0.0125017 0)
(1.98417 0.0232353 0)
(1.97154 0.0421401 0)
(1.96042 0.0601847 0)
(1.95341 0.0727696 0)
(1.9396 0.0976686 0)
(1.93276 0.111012 0)
(1.93088 0.109697 0)
(1.93108 0.111012 0)
(1.92867 0.114198 0)
(1.92795 0.116571 0)
(1.92786 0.117005 0)
(1.9282 0.117106 0)
(1.9289 0.117205 0)
(1.93002 0.116255 0)
(1.93149 0.114651 0)
(1.93349 0.112281 0)
(1.93607 0.108934 0)
(1.93811 0.106149 0)
(1.94087 0.101941 0)
(1.94339 0.0977896 0)
(1.94513 0.0957256 0)
(1.9472 0.0924464 0)
(1.94893 0.0894513 0)
(1.95049 0.087965 0)
(1.95257 0.085053 0)
(1.95427 0.0819207 0)
(1.95571 0.0807024 0)
(1.9576 0.0783908 0)
(1.96021 0.0742409 0)
(1.96197 0.0717246 0)
(1.96384 0.0700625 0)
(1.96584 0.0668945 0)
(1.96739 0.0643895 0)
(1.96903 0.0633264 0)
(2 4.79489e-15 0)
(2 2.89065e-15 0)
(2 1.92947e-15 0)
(2 1.38592e-15 0)
(2 -3.67361e-16 0)
(2 -6.71296e-16 0)
(2 -6.97513e-16 0)
(2 -8.17894e-16 0)
(2 -1.47775e-15 0)
(2 -2.25209e-15 0)
(2 -2.59782e-15 0)
(2 -4.32186e-15 0)
(2 -4.16095e-15 0)
(2 -3.02879e-15 0)
(2 -2.82443e-15 0)
(2 -2.3141e-15 0)
(2 -2.35293e-15 0)
(2 -1.95087e-15 0)
(2 -1.86618e-15 0)
(2 -2.28723e-15 0)
(2 -1.42272e-15 0)
(2 -2.12432e-15 0)
(2 -2.11299e-15 0)
(2 -2.18413e-15 0)
(2 -1.69376e-15 0)
(2 -1.38862e-15 0)
(2 4.19332e-16 0)
(2 3.31413e-15 0)
(2 3.46553e-15 0)
(2 3.17692e-15 0)
(2 3.51583e-15 0)
(2 3.22689e-15 0)
(2 2.25692e-15 0)
(2 1.29636e-15 0)
(2 1.16467e-15 0)
(2 6.83405e-16 0)
(2 1.50231e-16 0)
(2 -1.00836e-15 0)
(2 -1.70037e-15 0)
(2 -3.97299e-15 0)
(2 -4.79265e-15 0)
(2 -5.66884e-15 0)
(2 -6.5122e-15 0)
(2 2.53926e-14 0)
(2 1.24208e-12 0)
(2 3.68883e-11 0)
(2 8.70347e-10 0)
(2 1.46682e-08 0)
(2 1.89491e-07 0)
(2 1.95474e-06 0)
(1.99999 1.53264e-05 0)
(1.99993 9.03168e-05 0)
(1.99967 0.000426692 0)
(1.99878 0.0016634 0)
(1.99668 0.00465274 0)
(1.99167 0.011692 0)
(1.98401 0.023788 0)
(1.97459 0.0384585 0)
(1.96036 0.0620729 0)
(1.95426 0.0727515 0)
(1.94715 0.0858332 0)
(1.93584 0.107026 0)
(1.9311 0.115079 0)
(1.92987 0.113769 0)
(1.9311 0.114046 0)
(1.92955 0.115515 0)
(1.92964 0.116549 0)
(1.92994 0.117031 0)
(1.93034 0.117075 0)
(1.93124 0.116767 0)
(1.93254 0.115506 0)
(1.93421 0.113271 0)
(1.93595 0.11097 0)
(1.93823 0.107666 0)
(1.94056 0.104341 0)
(1.94263 0.101386 0)
(1.94527 0.0971303 0)
(1.94717 0.0942383 0)
(1.94875 0.0924615 0)
(1.95099 0.0889317 0)
(1.95283 0.0857524 0)
(1.95449 0.084383 0)
(1.95625 0.0820404 0)
(1.95805 0.0790119 0)
(1.95978 0.0772538 0)
(1.96208 0.0743934 0)
(1.96445 0.0703192 0)
(1.96604 0.068242 0)
(2 -2.5133e-15 0)
(2 -2.18177e-15 0)
(2 -1.87103e-15 0)
(2 -1.38379e-15 0)
(2 -1.33217e-15 0)
(2 -1.91883e-15 0)
(2 -1.79802e-15 0)
(2 -1.71377e-15 0)
(2 -2.94119e-15 0)
(2 -3.49413e-15 0)
(2 -4.65334e-15 0)
(2 -4.50156e-15 0)
(2 -4.51184e-15 0)
(2 -4.58115e-15 0)
(2 -4.52607e-15 0)
(2 -4.93653e-15 0)
(2 -4.76475e-15 0)
(2 -4.43846e-15 0)
(2 -4.55954e-15 0)
(2 -4.81732e-15 0)
(2 -5.2467e-15 0)
(2 -3.34329e-15 0)
(2 -1.87913e-15 0)
(2 -4.56031e-16 0)
(2 1.16396e-16 0)
(2 -3.86169e-16 0)
(2 -4.24051e-16 0)
(2 1.20276e-15 0)
(2 9.16425e-16 0)
(2 1.49236e-15 0)
(2 2.50028e-15 0)
(2 1.43899e-15 0)
(2 7.56701e-16 0)
(2 2.41633e-18 0)
(2 -9.78352e-16 0)
(2 -1.04198e-15 0)
(2 -1.24869e-15 0)
(2 -2.19913e-15 0)
(2 -3.85914e-15 0)
(2 -5.07083e-15 0)
(2 -6.43368e-15 0)
(2 -7.59237e-15 0)
(2 -7.17527e-15 0)
(2 -5.90733e-15 0)
(2 -5.71041e-15 0)
(2 2.88381e-14 0)
(2 1.39172e-12 0)
(2 3.85312e-11 0)
(2 8.71226e-10 0)
(2 1.51426e-08 0)
(2 1.93635e-07 0)
(2 1.91012e-06 0)
(1.99999 1.50009e-05 0)
(1.99993 8.95748e-05 0)
(1.99969 0.000405395 0)
(1.99887 0.00152799 0)
(1.99678 0.00463314 0)
(1.99272 0.0105033 0)
(1.98455 0.0229026 0)
(1.97649 0.0368882 0)
(1.9641 0.0566045 0)
(1.95247 0.077472 0)
(1.95074 0.0825912 0)
(1.94291 0.0952709 0)
(1.93458 0.11185 0)
(1.93116 0.116713 0)
(1.93031 0.116054 0)
(1.9314 0.11561 0)
(1.93077 0.116464 0)
(1.9313 0.116867 0)
(1.93185 0.117005 0)
(1.93231 0.116928 0)
(1.93335 0.116281 0)
(1.93473 0.114732 0)
(1.93645 0.112245 0)
(1.93835 0.109543 0)
(1.94007 0.107017 0)
(1.94267 0.10305 0)
(1.94484 0.0999671 0)
(1.94667 0.0974252 0)
(1.94919 0.093346 0)
(1.95097 0.0908528 0)
(1.95271 0.0889296 0)
(1.95512 0.0850612 0)
(1.95677 0.0823497 0)
(1.95815 0.0817013 0)
(1.9599 0.0791677 0)
(1.96221 0.0754634 0)
(2 -2.38043e-15 0)
(2 2.69239e-16 0)
(2 -6.31688e-17 0)
(2 -2.07597e-17 0)
(2 -6.71362e-16 0)
(2 -7.90488e-16 0)
(2 -2.79248e-15 0)
(2 -3.51912e-15 0)
(2 -3.04386e-15 0)
(2 -2.04619e-15 0)
(2 -2.15851e-15 0)
(2 -1.41311e-15 0)
(2 -2.02851e-15 0)
(2 -1.9834e-15 0)
(2 -1.96292e-15 0)
(2 -2.4722e-15 0)
(2 -3.86914e-15 0)
(2 -4.31527e-15 0)
(2 -4.6625e-15 0)
(2 -4.34347e-15 0)
(2 -4.46541e-15 0)
(2 -3.54946e-15 0)
(2 -2.67904e-15 0)
(2 -2.1941e-15 0)
(2 -1.35504e-15 0)
(2 -7.19862e-16 0)
(2 2.14159e-16 0)
(2 -5.15646e-16 0)
(2 -1.19831e-15 0)
(2 -9.19779e-16 0)
(2 -1.19672e-15 0)
(2 -1.62716e-15 0)
(2 -1.52976e-15 0)
(2 -2.43202e-15 0)
(2 -2.45703e-15 0)
(2 -2.14759e-15 0)
(2 -2.32028e-15 0)
(2 -2.77223e-15 0)
(2 -2.67791e-15 0)
(2 -3.39006e-15 0)
(2 -3.6456e-15 0)
(2 -3.82195e-15 0)
(2 -3.77614e-15 0)
(2 -3.70131e-15 0)
(2 -4.75537e-15 0)
(2 -4.26446e-15 0)
(2 -3.32221e-15 0)
(2 2.67937e-14 0)
(2 1.29616e-12 0)
(2 3.74625e-11 0)
(2 8.0624e-10 0)
(2 1.38997e-08 0)
(2 1.80644e-07 0)
(2 1.7574e-06 0)
(1.99999 1.33377e-05 0)
(1.99994 8.06307e-05 0)
(1.99972 0.000375215 0)
(1.99902 0.00135032 0)
(1.99705 0.00420328 0)
(1.99339 0.00994574 0)
(1.98674 0.0198099 0)
(1.9769 0.0359185 0)
(1.96932 0.0507519 0)
(1.95522 0.0745783 0)
(1.94773 0.0874749 0)
(1.94809 0.090754 0)
(1.94101 0.101095 0)
(1.93452 0.113914 0)
(1.93216 0.117199 0)
(1.93161 0.117008 0)
(1.93221 0.116662 0)
(1.93218 0.116965 0)
(1.93278 0.117177 0)
(1.93351 0.117025 0)
(1.93413 0.116815 0)
(1.93532 0.115904 0)
(1.93685 0.113913 0)
(1.93843 0.111538 0)
(1.94046 0.108472 0)
(1.94231 0.105867 0)
(1.94439 0.102736 0)
(1.94698 0.0985932 0)
(1.94876 0.0964309 0)
(1.95079 0.0936316 0)
(1.9533 0.0894536 0)
(1.95501 0.0872944 0)
(1.95705 0.0849948 0)
(1.95913 0.0813984 0)
(2 -2.04703e-15 0)
(2 -1.29019e-15 0)
(2 4.0405e-16 0)
(2 1.10168e-17 0)
(2 -1.5676e-15 0)
(2 -3.25957e-15 0)
(2 -5.66664e-15 0)
(2 -5.47102e-15 0)
(2 -4.62027e-15 0)
(2 -3.39147e-15 0)
(2 -9.39115e-16 0)
(2 -2.57365e-17 0)
(2 -6.99838e-16 0)
(2 -8.36625e-16 0)
(2 -3.86048e-16 0)
(2 -4.351e-16 0)
(2 -9.00404e-16 0)
(2 -2.54431e-15 0)
(2 -2.40045e-15 0)
(2 -2.20282e-15 0)
(2 -2.36273e-15 0)
(2 -3.75031e-15 0)
(2 -4.33229e-15 0)
(2 -4.71135e-15 0)
(2 -4.13969e-15 0)
(2 -3.13405e-15 0)
(2 -3.70418e-15 0)
(2 -6.17691e-15 0)
(2 -7.07284e-15 0)
(2 -7.07252e-15 0)
(2 -6.74162e-15 0)
(2 -5.32179e-15 0)
(2 -5.03969e-15 0)
(2 -4.41774e-15 0)
(2 -3.52093e-15 0)
(2 -3.29727e-15 0)
(2 -2.68091e-15 0)
(2 -2.94794e-15 0)
(2 -3.2536e-15 0)
(2 -4.91211e-15 0)
(2 -5.34573e-15 0)
(2 -5.62746e-15 0)
(2 -6.66782e-15 0)
(2 -7.71147e-15 0)
(2 -6.73585e-15 0)
(2 -7.155e-15 0)
(2 -8.29058e-15 0)
(2 -8.8744e-15 0)
(2 -7.63486e-15 0)
(2 1.73643e-14 0)
(2 1.02903e-12 0)
(2 3.15525e-11 0)
(2 6.80614e-10 0)
(2 1.13815e-08 0)
(2 1.49231e-07 0)
(2 1.49414e-06 0)
(1.99999 1.12468e-05 0)
(1.99995 6.72676e-05 0)
(1.99977 0.000319009 0)
(1.99917 0.00117556 0)
(1.99756 0.00350197 0)
(1.99399 0.00909588 0)
(1.98876 0.0175549 0)
(1.97949 0.0321433 0)
(1.97067 0.0476361 0)
(1.96219 0.0648533 0)
(1.94969 0.0885493 0)
(1.94514 0.0942538 0)
(1.94594 0.0970572 0)
(1.94039 0.105105 0)
(1.93516 0.114743 0)
(1.93348 0.117128 0)
(1.93315 0.117409 0)
(1.93334 0.117457 0)
(1.93369 0.117174 0)
(1.93432 0.117379 0)
(1.93501 0.117048 0)
(1.93585 0.116698 0)
(1.93718 0.115529 0)
(1.93883 0.11318 0)
(1.94052 0.110657 0)
(1.94226 0.108009 0)
(1.94458 0.104457 0)
(1.94652 0.101832 0)
(1.94878 0.098444 0)
(1.95112 0.0947591 0)
(1.95288 0.0928451 0)
(1.95525 0.0895007 0)
(2 -6.04605e-15 0)
(2 -5.92445e-15 0)
(2 -3.82974e-15 0)
(2 -2.66388e-15 0)
(2 -2.42016e-15 0)
(2 -2.47503e-15 0)
(2 -2.87036e-15 0)
(2 -3.45178e-15 0)
(2 -3.47149e-15 0)
(2 -4.06927e-15 0)
(2 -4.16958e-15 0)
(2 -2.80968e-15 0)
(2 -2.47367e-15 0)
(2 -4.96242e-15 0)
(2 -5.29467e-15 0)
(2 -5.8833e-15 0)
(2 -5.03551e-15 0)
(2 -5.53043e-15 0)
(2 -5.14639e-15 0)
(2 -3.97486e-15 0)
(2 -2.13757e-15 0)
(2 -1.10563e-15 0)
(2 -1.617e-15 0)
(2 -2.36035e-15 0)
(2 -2.37401e-15 0)
(2 -3.68645e-15 0)
(2 -4.82948e-15 0)
(2 -7.96641e-15 0)
(2 -7.02118e-15 0)
(2 -6.57948e-15 0)
(2 -5.28408e-15 0)
(2 -5.53166e-15 0)
(2 -5.939e-15 0)
(2 -4.39061e-15 0)
(2 -4.17488e-15 0)
(2 -4.10733e-15 0)
(2 -3.54246e-15 0)
(2 -2.64236e-15 0)
(2 -3.68408e-15 0)
(2 -4.85599e-15 0)
(2 -4.95877e-15 0)
(2 -5.78206e-15 0)
(2 -6.16125e-15 0)
(2 -6.62943e-15 0)
(2 -6.67318e-15 0)
(2 -6.96464e-15 0)
(2 -7.70806e-15 0)
(2 -8.43091e-15 0)
(2 -8.64765e-15 0)
(2 -7.73611e-15 0)
(2 -5.34803e-15 0)
(2 1.79876e-14 0)
(2 7.49549e-13 0)
(2 2.24188e-11 0)
(2 5.13399e-10 0)
(2 8.59662e-09 0)
(2 1.11631e-07 0)
(2 1.12824e-06 0)
(1.99999 8.79896e-06 0)
(1.99996 5.24529e-05 0)
(1.99982 0.000252298 0)
(1.99933 0.000966919 0)
(1.99805 0.00288183 0)
(1.99505 0.00740325 0)
(1.98996 0.0159921 0)
(1.98313 0.0272235 0)
(1.97276 0.0449615 0)
(1.96626 0.0575983 0)
(1.95584 0.0781014 0)
(1.9467 0.0977441 0)
(1.94388 0.0990389 0)
(1.94458 0.101563 0)
(1.94029 0.108037 0)
(1.93611 0.115256 0)
(1.9348 0.11687 0)
(1.93467 0.11768 0)
(1.93472 0.117808 0)
(1.93514 0.117377 0)
(1.93589 0.117436 0)
(1.9365 0.117067 0)
(1.93758 0.116482 0)
(1.93904 0.114996 0)
(1.9407 0.112591 0)
(1.94261 0.109655 0)
(1.94426 0.107289 0)
(1.94662 0.103686 0)
(1.94894 0.100211 0)
(1.95065 0.0981464 0)
(2 -3.23564e-15 0)
(2 -2.56494e-15 0)
(2 -1.15274e-15 0)
(2 1.36247e-15 0)
(2 3.20124e-15 0)
(2 3.47729e-15 0)
(2 3.32582e-15 0)
(2 2.20578e-15 0)
(2 1.18149e-15 0)
(2 7.22164e-16 0)
(2 -8.46371e-16 0)
(2 -2.69636e-15 0)
(2 -1.62069e-15 0)
(2 -2.70274e-15 0)
(2 -3.37425e-15 0)
(2 -5.05537e-15 0)
(2 -5.42755e-15 0)
(2 -4.53507e-15 0)
(2 -3.537e-15 0)
(2 -1.43357e-15 0)
(2 -2.06058e-17 0)
(2 1.41699e-16 0)
(2 8.86901e-16 0)
(2 -9.07636e-17 0)
(2 -1.89763e-15 0)
(2 -2.94632e-15 0)
(2 -3.73646e-15 0)
(2 -3.66555e-15 0)
(2 -2.96504e-15 0)
(2 -2.91483e-15 0)
(2 -3.23759e-15 0)
(2 -3.72788e-15 0)
(2 -4.30307e-15 0)
(2 -3.91811e-15 0)
(2 -3.4435e-15 0)
(2 -3.28879e-15 0)
(2 -3.26177e-15 0)
(2 -2.16003e-15 0)
(2 -1.23722e-15 0)
(2 3.39827e-16 0)
(2 4.20163e-16 0)
(2 -1.20214e-15 0)
(2 -2.37304e-15 0)
(2 -2.2178e-15 0)
(2 -2.97285e-15 0)
(2 -2.5772e-15 0)
(2 -2.57416e-15 0)
(2 -2.91427e-15 0)
(2 -4.04487e-15 0)
(2 -3.66232e-15 0)
(2 -2.34189e-15 0)
(2 -1.88718e-15 0)
(2 -2.34629e-15 0)
(2 9.43776e-15 0)
(2 4.84304e-13 0)
(2 1.41366e-11 0)
(2 3.29928e-10 0)
(2 5.7491e-09 0)
(2 7.62684e-08 0)
(2 7.77342e-07 0)
(2 6.2175e-06 0)
(1.99997 3.82561e-05 0)
(1.99987 0.000185425 0)
(1.99949 0.000730248 0)
(1.99846 0.00232404 0)
(1.9962 0.00581215 0)
(1.99158 0.0132247 0)
(1.98556 0.0239923 0)
(1.97696 0.0384871 0)
(1.9679 0.0553864 0)
(1.96266 0.0667124 0)
(1.95136 0.089142 0)
(1.9451 0.103237 0)
(1.9435 0.102413 0)
(1.94383 0.104794 0)
(1.94043 0.110224 0)
(1.93718 0.115621 0)
(1.93619 0.11673 0)
(1.93617 0.117713 0)
(1.93621 0.117885 0)
(1.93652 0.117593 0)
(1.93747 0.11731 0)
(1.93809 0.11697 0)
(1.93932 0.116183 0)
(1.94097 0.114324 0)
(1.94265 0.111866 0)
(1.94459 0.108905 0)
(1.94666 0.105899 0)
(2 -1.6226e-15 0)
(2 -2.14432e-16 0)
(2 1.12137e-15 0)
(2 2.21032e-15 0)
(2 3.91035e-15 0)
(2 5.13028e-15 0)
(2 5.58765e-15 0)
(2 4.44443e-15 0)
(2 2.78885e-15 0)
(2 2.52081e-15 0)
(2 9.51822e-17 0)
(2 -1.11646e-15 0)
(2 -1.31963e-15 0)
(2 -1.88472e-15 0)
(2 -3.30981e-15 0)
(2 -2.94215e-15 0)
(2 -3.95256e-15 0)
(2 -1.69431e-15 0)
(2 -6.89308e-16 0)
(2 5.06049e-16 0)
(2 1.28344e-15 0)
(2 1.31837e-15 0)
(2 5.16416e-16 0)
(2 -1.35864e-18 0)
(2 -5.60135e-16 0)
(2 -1.30336e-15 0)
(2 -1.18209e-15 0)
(2 -5.83096e-16 0)
(2 -1.07295e-15 0)
(2 -1.99645e-15 0)
(2 -3.28072e-15 0)
(2 -3.3225e-15 0)
(2 -3.2884e-15 0)
(2 -4.14587e-15 0)
(2 -3.17551e-15 0)
(2 -3.21805e-15 0)
(2 -3.47519e-15 0)
(2 -2.99613e-15 0)
(2 -2.17049e-15 0)
(2 -5.38096e-16 0)
(2 -1.06806e-15 0)
(2 -1.43518e-15 0)
(2 -1.7467e-15 0)
(2 -2.02317e-15 0)
(2 -2.85133e-15 0)
(2 -2.58976e-15 0)
(2 -1.66891e-15 0)
(2 -1.26473e-15 0)
(2 -9.80774e-16 0)
(2 -6.06763e-16 0)
(2 -4.55034e-16 0)
(2 -1.19426e-15 0)
(2 -1.82477e-15 0)
(2 -1.99927e-15 0)
(2 -4.58978e-16 0)
(2 1.00656e-14 0)
(2 2.71062e-13 0)
(2 8.06776e-12 0)
(2 1.86305e-10 0)
(2 3.39255e-09 0)
(2 4.60851e-08 0)
(2 4.86579e-07 0)
(2 3.96463e-06 0)
(1.99998 2.56844e-05 0)
(1.99991 0.000127858 0)
(1.99964 0.000516794 0)
(1.99886 0.00170865 0)
(1.99709 0.00458072 0)
(1.99363 0.0101075 0)
(1.98772 0.0203058 0)
(1.98108 0.0325052 0)
(1.97128 0.0499974 0)
(1.96521 0.0625946 0)
(1.95904 0.0753561 0)
(1.94877 0.0976401 0)
(1.94426 0.106363 0)
(1.94364 0.104704 0)
(1.94359 0.107119 0)
(1.94078 0.111805 0)
(1.93824 0.115781 0)
(1.93768 0.116803 0)
(1.93765 0.117574 0)
(1.93777 0.117768 0)
(1.9381 0.117618 0)
(1.93901 0.117113 0)
(1.93978 0.116659 0)
(1.94115 0.115661 0)
(1.94294 0.113529 0)
(2 5.51034e-15 0)
(2 5.88188e-15 0)
(2 4.65497e-15 0)
(2 3.22303e-15 0)
(2 2.74992e-15 0)
(2 4.74052e-15 0)
(2 4.60012e-15 0)
(2 3.29189e-15 0)
(2 4.33838e-16 0)
(2 -1.62228e-15 0)
(2 -1.28416e-15 0)
(2 -9.67232e-16 0)
(2 -5.56925e-16 0)
(2 -8.37426e-17 0)
(2 -1.37995e-15 0)
(2 -2.73124e-16 0)
(2 -1.20486e-17 0)
(2 -1.10269e-16 0)
(2 2.77528e-16 0)
(2 3.47686e-16 0)
(2 4.5815e-16 0)
(2 6.59418e-17 0)
(2 -2.62795e-15 0)
(2 -2.51453e-15 0)
(2 -2.08622e-15 0)
(2 -1.001e-15 0)
(2 -1.09664e-15 0)
(2 -1.39092e-15 0)
(2 -2.73162e-15 0)
(2 -4.59806e-15 0)
(2 -6.89037e-15 0)
(2 -7.65225e-15 0)
(2 -5.72657e-15 0)
(2 -5.80607e-15 0)
(2 -5.07565e-15 0)
(2 -5.47954e-15 0)
(2 -5.78897e-15 0)
(2 -4.86211e-15 0)
(2 -4.06038e-15 0)
(2 -4.59115e-15 0)
(2 -4.73799e-15 0)
(2 -3.19302e-15 0)
(2 -1.89234e-15 0)
(2 -2.30535e-15 0)
(2 -2.49129e-15 0)
(2 -1.64561e-15 0)
(2 -8.79526e-16 0)
(2 -7.07685e-16 0)
(2 2.58306e-16 0)
(2 3.74024e-16 0)
(2 2.59373e-16 0)
(2 -2.53106e-16 0)
(2 -4.69787e-16 0)
(2 -9.81051e-16 0)
(2 -1.9111e-15 0)
(2 -2.18934e-15 0)
(2 -4.13498e-15 0)
(2 -2.5146e-15 0)
(2 1.15759e-13 0)
(2 3.89118e-12 0)
(2 9.31283e-11 0)
(2 1.73637e-09 0)
(2 2.48827e-08 0)
(2 2.71949e-07 0)
(2 2.30763e-06 0)
(1.99999 1.53943e-05 0)
(1.99994 8.22301e-05 0)
(1.99977 0.000341411 0)
(1.99922 0.001176 0)
(1.99787 0.00334895 0)
(1.99527 0.00770532 0)
(1.99047 0.0156996 0)
(1.98416 0.0274753 0)
(1.97636 0.0416333 0)
(1.96722 0.0594857 0)
(1.96407 0.0679218 0)
(1.95535 0.0835219 0)
(1.94744 0.103638 0)
(1.94399 0.108012 0)
(1.94407 0.106202 0)
(1.94369 0.10886 0)
(1.94132 0.112809 0)
(1.93943 0.115765 0)
(1.93913 0.116813 0)
(1.9391 0.11735 0)
(1.93935 0.117462 0)
(1.93978 0.117334 0)
(1.94062 0.116729 0)
(2 6.37602e-15 0)
(2 5.97668e-15 0)
(2 3.02738e-15 0)
(2 1.57444e-15 0)
(2 3.1607e-16 0)
(2 8.39779e-16 0)
(2 1.5016e-15 0)
(2 -7.34725e-17 0)
(2 -6.86719e-16 0)
(2 -4.31263e-16 0)
(2 8.75149e-16 0)
(2 6.10942e-16 0)
(2 1.03425e-15 0)
(2 1.92098e-15 0)
(2 2.94652e-15 0)
(2 2.48934e-15 0)
(2 2.42044e-15 0)
(2 7.48202e-16 0)
(2 -2.61694e-16 0)
(2 -7.55636e-16 0)
(2 -1.23159e-15 0)
(2 -2.19653e-15 0)
(2 -2.95862e-15 0)
(2 -2.67865e-15 0)
(2 -1.10138e-15 0)
(2 -1.23154e-15 0)
(2 -1.66907e-15 0)
(2 -2.41951e-15 0)
(2 -3.59712e-15 0)
(2 -5.14986e-15 0)
(2 -5.08564e-15 0)
(2 -4.85739e-15 0)
(2 -4.55359e-15 0)
(2 -3.85906e-15 0)
(2 -3.83912e-15 0)
(2 -3.75771e-15 0)
(2 -4.37107e-15 0)
(2 -5.87342e-15 0)
(2 -5.61836e-15 0)
(2 -6.59842e-15 0)
(2 -5.32656e-15 0)
(2 -3.43848e-15 0)
(2 -2.26188e-15 0)
(2 -1.44353e-15 0)
(2 -4.30549e-16 0)
(2 -8.59225e-16 0)
(2 -1.11066e-15 0)
(2 -6.64133e-16 0)
(2 -2.86698e-16 0)
(2 -1.03003e-17 0)
(2 8.23445e-16 0)
(2 1.60899e-15 0)
(2 9.41879e-16 0)
(2 -9.34859e-17 0)
(2 -1.30794e-15 0)
(2 -3.37829e-15 0)
(2 -5.47566e-15 0)
(2 -5.86243e-15 0)
(2 -6.21529e-15 0)
(2 -4.73094e-15 0)
(2 4.29214e-14 0)
(2 1.57485e-12 0)
(2 4.04098e-11 0)
(2 7.73961e-10 0)
(2 1.17107e-08 0)
(2 1.34701e-07 0)
(2 1.21273e-06 0)
(1.99999 8.436e-06 0)
(1.99997 4.72408e-05 0)
(1.99986 0.000211285 0)
(1.99951 0.000755364 0)
(1.99856 0.00226703 0)
(1.99657 0.00564009 0)
(1.99307 0.0115995 0)
(1.98724 0.0219313 0)
(1.98104 0.0343209 0)
(1.97179 0.0510075 0)
(1.96501 0.0657063 0)
(1.96308 0.0730345 0)
(1.95241 0.0907334 0)
(1.94687 0.107418 0)
(1.94427 0.108657 0)
(1.94475 0.107149 0)
(1.94407 0.110055 0)
(1.94209 0.113365 0)
(1.94082 0.115537 0)
(1.94068 0.116618 0)
(1.94057 0.117051 0)
(2 4.45395e-15 0)
(2 3.7704e-15 0)
(2 3.73076e-15 0)
(2 3.61505e-15 0)
(2 2.68834e-15 0)
(2 1.99644e-15 0)
(2 5.43956e-16 0)
(2 6.56206e-16 0)
(2 6.75659e-16 0)
(2 1.04104e-15 0)
(2 -4.6869e-16 0)
(2 1.34526e-16 0)
(2 -5.39845e-17 0)
(2 -9.21087e-16 0)
(2 1.16729e-16 0)
(2 1.05829e-15 0)
(2 7.9252e-16 0)
(2 -8.48991e-17 0)
(2 -1.39984e-15 0)
(2 -2.41158e-15 0)
(2 -3.45185e-15 0)
(2 -4.57392e-15 0)
(2 -4.0136e-15 0)
(2 -1.777e-15 0)
(2 -1.57888e-15 0)
(2 -3.2539e-15 0)
(2 -4.88826e-15 0)
(2 -3.77821e-15 0)
(2 -3.13353e-15 0)
(2 -3.54871e-15 0)
(2 -3.42476e-15 0)
(2 -2.06261e-15 0)
(2 -2.18023e-15 0)
(2 -2.22645e-15 0)
(2 -2.18251e-15 0)
(2 -2.15089e-15 0)
(2 -2.90976e-15 0)
(2 -4.62613e-15 0)
(2 -7.15408e-15 0)
(2 -6.86021e-15 0)
(2 -5.8512e-15 0)
(2 -5.19546e-15 0)
(2 -3.46854e-15 0)
(2 -1.97109e-15 0)
(2 -1.40719e-15 0)
(2 -2.00284e-15 0)
(2 -2.2001e-15 0)
(2 -1.66572e-15 0)
(2 -1.12163e-15 0)
(2 -7.28435e-16 0)
(2 8.49256e-16 0)
(2 2.29841e-15 0)
(2 1.93401e-15 0)
(2 1.41548e-15 0)
(2 6.33885e-16 0)
(2 -1.9217e-15 0)
(2 -4.25815e-15 0)
(2 -4.62345e-15 0)
(2 -5.58002e-15 0)
(2 -5.58965e-15 0)
(2 -5.71974e-15 0)
(2 -5.5268e-15 0)
(2 8.95205e-15 0)
(2 5.28244e-13 0)
(2 1.47574e-11 0)
(2 3.03392e-10 0)
(2 4.76023e-09 0)
(2 5.88986e-08 0)
(2 5.59803e-07 0)
(2 4.19803e-06 0)
(1.99998 2.46764e-05 0)
(1.99992 0.000118076 0)
(1.99971 0.000452313 0)
(1.9991 0.00143116 0)
(1.99767 0.00381416 0)
(1.99504 0.00843416 0)
(1.99065 0.0160922 0)
(1.98441 0.0279596 0)
(1.97788 0.0412411 0)
(1.96836 0.0590263 0)
(1.96423 0.0694971 0)
(1.96125 0.0781868 0)
(1.9507 0.0966842 0)
(1.94686 0.109533 0)
(1.94499 0.108717 0)
(1.94559 0.107702 0)
(1.94485 0.110784 0)
(1.94306 0.113548 0)
(2 1.64759e-15 0)
(2 1.95116e-15 0)
(2 2.7399e-15 0)
(2 4.63452e-15 0)
(2 4.67983e-15 0)
(2 3.7302e-15 0)
(2 1.48437e-15 0)
(2 1.99981e-15 0)
(2 2.50954e-15 0)
(2 2.44424e-15 0)
(2 1.37432e-15 0)
(2 9.46458e-16 0)
(2 1.17279e-15 0)
(2 1.14296e-15 0)
(2 5.84807e-16 0)
(2 1.01294e-16 0)
(2 -5.01869e-16 0)
(2 -1.34152e-15 0)
(2 -1.43093e-15 0)
(2 -1.63431e-15 0)
(2 -3.22499e-15 0)
(2 -4.31958e-15 0)
(2 -3.08724e-15 0)
(2 -1.9513e-15 0)
(2 -2.89102e-15 0)
(2 -2.55897e-15 0)
(2 -2.37843e-15 0)
(2 -2.03874e-15 0)
(2 -2.00364e-15 0)
(2 -2.58082e-15 0)
(2 -2.33917e-15 0)
(2 -1.10266e-15 0)
(2 -6.37519e-16 0)
(2 -1.12697e-15 0)
(2 -1.82784e-15 0)
(2 -2.43933e-15 0)
(2 -2.67081e-15 0)
(2 -2.67761e-15 0)
(2 -3.42007e-15 0)
(2 -3.89612e-15 0)
(2 -4.16873e-15 0)
(2 -4.73778e-15 0)
(2 -3.11294e-15 0)
(2 -2.69037e-15 0)
(2 -2.00121e-15 0)
(2 -9.55485e-16 0)
(2 -5.27711e-16 0)
(2 -8.13197e-16 0)
(2 -8.80908e-16 0)
(2 -5.9163e-16 0)
(2 1.71082e-16 0)
(2 -4.45378e-17 0)
(2 3.7052e-16 0)
(2 1.01659e-15 0)
(2 4.86273e-16 0)
(2 -4.49954e-17 0)
(2 -2.36478e-15 0)
(2 -3.9436e-15 0)
(2 -5.70043e-15 0)
(2 -7.0735e-15 0)
(2 -7.80209e-15 0)
(2 -9.18676e-15 0)
(2 -9.40895e-15 0)
(2 -1.04732e-14 0)
(2 -7.78074e-15 0)
(2 1.41112e-13 0)
(2 4.47411e-12 0)
(2 1.00669e-10 0)
(2 1.69937e-09 0)
(2 2.22128e-08 0)
(2 2.28576e-07 0)
(2 1.8394e-06 0)
(1.99999 1.16836e-05 0)
(1.99996 5.97946e-05 0)
(1.99984 0.000247557 0)
(1.99947 0.000837866 0)
(1.99854 0.00238721 0)
(1.99663 0.00574027 0)
(1.99336 0.0115979 0)
(1.98832 0.0207168 0)
(1.98198 0.0335928 0)
(1.9746 0.0482633 0)
(1.96645 0.0642571 0)
(1.96401 0.072567 0)
(1.95902 0.0831271 0)
(1.94993 0.101093 0)
(1.94732 0.110462 0)
(1.94595 0.108458 0)
(2 -4.89433e-15 0)
(2 -3.78822e-15 0)
(2 -2.06837e-15 0)
(2 -7.30437e-16 0)
(2 -2.11544e-16 0)
(2 -7.98224e-17 0)
(2 2.05022e-16 0)
(2 1.09888e-15 0)
(2 3.39901e-15 0)
(2 3.09432e-15 0)
(2 2.70443e-15 0)
(2 2.81738e-15 0)
(2 1.46544e-15 0)
(2 1.04119e-15 0)
(2 -4.09081e-16 0)
(2 -1.47617e-15 0)
(2 -3.43304e-15 0)
(2 -4.10625e-15 0)
(2 -4.04023e-15 0)
(2 -3.58706e-15 0)
(2 -3.49846e-15 0)
(2 -3.2641e-15 0)
(2 -3.28632e-15 0)
(2 -4.07075e-15 0)
(2 -3.52689e-15 0)
(2 -2.78142e-15 0)
(2 -2.95498e-15 0)
(2 -4.10559e-15 0)
(2 -5.06082e-15 0)
(2 -4.20669e-15 0)
(2 -1.91076e-15 0)
(2 -3.25122e-15 0)
(2 -3.35663e-15 0)
(2 -4.59323e-15 0)
(2 -4.53597e-15 0)
(2 -4.22266e-15 0)
(2 -4.09266e-15 0)
(2 -4.0475e-15 0)
(2 -4.31676e-15 0)
(2 -4.85769e-15 0)
(2 -5.27899e-15 0)
(2 -4.53309e-15 0)
(2 -4.14016e-15 0)
(2 -3.93488e-15 0)
(2 -1.93036e-15 0)
(2 -6.92911e-16 0)
(2 -1.15518e-15 0)
(2 -1.78743e-15 0)
(2 -2.82943e-15 0)
(2 -2.95489e-15 0)
(2 -4.76457e-15 0)
(2 -4.79018e-15 0)
(2 -4.19601e-15 0)
(2 -3.08315e-15 0)
(2 -2.66838e-15 0)
(2 -2.58767e-15 0)
(2 -3.54953e-15 0)
(2 -4.757e-15 0)
(2 -5.92575e-15 0)
(2 -7.13473e-15 0)
(2 -7.9639e-15 0)
(2 -9.84691e-15 0)
(2 -9.8011e-15 0)
(2 -9.60892e-15 0)
(2 -9.21773e-15 0)
(2 -8.12716e-15 0)
(2 -4.76128e-15 0)
(2 3.28219e-14 0)
(2 1.15638e-12 0)
(2 2.78262e-11 0)
(2 5.1534e-10 0)
(2 7.30048e-09 0)
(2 8.12171e-08 0)
(2 7.08822e-07 0)
(2 4.92761e-06 0)
(1.99998 2.71673e-05 0)
(1.99992 0.000123291 0)
(1.99972 0.000450603 0)
(1.99916 0.00138073 0)
(1.99787 0.00360848 0)
(1.99553 0.00785262 0)
(1.99154 0.0151368 0)
(1.98654 0.0247484 0)
(1.97939 0.0394629 0)
(1.97193 0.0544552 0)
(1.96612 0.0663084 0)
(1.96293 0.0763798 0)
(1.95717 0.0877297 0)
(2 -5.30957e-15 0)
(2 -4.58019e-15 0)
(2 -4.07016e-15 0)
(2 -4.94221e-15 0)
(2 -4.94575e-15 0)
(2 -2.63176e-15 0)
(2 -1.99055e-15 0)
(2 -2.4974e-15 0)
(2 -4.88836e-15 0)
(2 -5.2801e-15 0)
(2 -4.04353e-15 0)
(2 -1.72714e-15 0)
(2 -2.65548e-15 0)
(2 -2.16497e-15 0)
(2 -1.26567e-15 0)
(2 -1.90672e-15 0)
(2 -2.59541e-15 0)
(2 -3.34968e-15 0)
(2 -3.99891e-15 0)
(2 -4.49581e-15 0)
(2 -4.90032e-15 0)
(2 -3.31595e-15 0)
(2 -4.26719e-15 0)
(2 -6.62011e-15 0)
(2 -6.60335e-15 0)
(2 -7.94131e-15 0)
(2 -9.03025e-15 0)
(2 -9.2348e-15 0)
(2 -9.02562e-15 0)
(2 -6.79816e-15 0)
(2 -5.02745e-15 0)
(2 -5.38518e-15 0)
(2 -6.0177e-15 0)
(2 -6.16168e-15 0)
(2 -5.7339e-15 0)
(2 -4.8032e-15 0)
(2 -4.91119e-15 0)
(2 -5.44178e-15 0)
(2 -5.43755e-15 0)
(2 -5.2466e-15 0)
(2 -4.31039e-15 0)
(2 -3.46784e-15 0)
(2 -2.76997e-15 0)
(2 -1.61692e-15 0)
(2 -1.29856e-15 0)
(2 -9.08384e-16 0)
(2 -2.02247e-15 0)
(2 -2.55866e-15 0)
(2 -3.17566e-15 0)
(2 -4.48592e-15 0)
(2 -5.83929e-15 0)
(2 -4.95768e-15 0)
(2 -4.54099e-15 0)
(2 -5.15696e-15 0)
(2 -4.89888e-15 0)
(2 -4.52465e-15 0)
(2 -4.65452e-15 0)
(2 -4.38701e-15 0)
(2 -4.183e-15 0)
(2 -3.67634e-15 0)
(2 -4.08789e-15 0)
(2 -4.33704e-15 0)
(2 -5.53147e-15 0)
(2 -6.22679e-15 0)
(2 -6.89339e-15 0)
(2 -7.59103e-15 0)
(2 -9.54319e-15 0)
(2 -1.06454e-14 0)
(2 -1.24179e-14 0)
(2 -6.63537e-15 0)
(2 2.36274e-13 0)
(2 6.43844e-12 0)
(2 1.31769e-10 0)
(2 2.04569e-09 0)
(2 2.49252e-08 0)
(2 2.40251e-07 0)
(2 1.81571e-06 0)
(1.99999 1.1138e-05 0)
(1.99996 5.45837e-05 0)
(1.99986 0.000221903 0)
(1.99955 0.000736079 0)
(1.99877 0.00206581 0)
(1.99711 0.00505469 0)
(1.99445 0.00998054 0)
(1.98978 0.0187855 0)
(1.98504 0.0285256 0)
(1.97687 0.0449775 0)
(1.97029 0.0590173 0)
(2 -3.19537e-15 0)
(2 -4.00199e-15 0)
(2 -4.31918e-15 0)
(2 -3.97175e-15 0)
(2 -2.04201e-15 0)
(2 -1.79861e-15 0)
(2 -1.42331e-15 0)
(2 -2.06943e-15 0)
(2 -4.35202e-15 0)
(2 -4.1149e-15 0)
(2 -3.78512e-15 0)
(2 -1.99997e-15 0)
(2 -1.94461e-15 0)
(2 -1.91116e-15 0)
(2 -1.69745e-15 0)
(2 -2.1835e-15 0)
(2 -2.09914e-15 0)
(2 -1.94343e-15 0)
(2 -2.98329e-15 0)
(2 -4.97708e-15 0)
(2 -5.49192e-15 0)
(2 -4.93016e-15 0)
(2 -4.90911e-15 0)
(2 -5.05892e-15 0)
(2 -6.9521e-15 0)
(2 -7.24002e-15 0)
(2 -6.61173e-15 0)
(2 -6.3912e-15 0)
(2 -5.76908e-15 0)
(2 -4.62763e-15 0)
(2 -4.40165e-15 0)
(2 -3.81512e-15 0)
(2 -5.13624e-15 0)
(2 -5.29177e-15 0)
(2 -5.78902e-15 0)
(2 -6.01409e-15 0)
(2 -4.98886e-15 0)
(2 -3.13851e-15 0)
(2 -6.57262e-16 0)
(2 1.57708e-15 0)
(2 2.33963e-15 0)
(2 2.17255e-15 0)
(2 2.12666e-15 0)
(2 2.94411e-15 0)
(2 2.72748e-15 0)
(2 1.95292e-15 0)
(2 2.68635e-16 0)
(2 7.01622e-17 0)
(2 -2.70973e-16 0)
(2 -1.49806e-15 0)
(2 -2.24754e-15 0)
(2 -2.80455e-15 0)
(2 -3.12249e-15 0)
(2 -3.26144e-15 0)
(2 -3.26792e-15 0)
(2 -3.22297e-15 0)
(2 -2.04975e-15 0)
(2 -1.13451e-15 0)
(2 -2.05929e-16 0)
(2 -6.19669e-16 0)
(2 -1.01432e-15 0)
(2 1.44227e-16 0)
(2 -7.56991e-16 0)
(2 -1.8335e-15 0)
(2 -2.90849e-15 0)
(2 -3.93302e-15 0)
(2 -6.46254e-15 0)
(2 -8.45413e-15 0)
(2 -9.37809e-15 0)
(2 -9.85217e-15 0)
(2 -1.06049e-14 0)
(2 -1.011e-14 0)
(2 3.3275e-14 0)
(2 1.25527e-12 0)
(2 2.7982e-11 0)
(2 4.89703e-10 0)
(2 6.55708e-09 0)
(2 7.00267e-08 0)
(2 5.93808e-07 0)
(2 3.974e-06 0)
(1.99999 2.19126e-05 0)
(1.99994 9.7385e-05 0)
(1.99978 0.000356599 0)
(1.99934 0.00111114 0)
(1.99836 0.00284901 0)
(1.99633 0.00662851 0)
(1.99339 0.0121539 0)
(1.98839 0.0219657 0)
(2 6.9576e-16 0)
(2 -4.67632e-16 0)
(2 -1.38048e-15 0)
(2 -9.40621e-16 0)
(2 -1.12252e-15 0)
(2 -2.7696e-15 0)
(2 -2.69231e-15 0)
(2 -2.22699e-15 0)
(2 -1.613e-15 0)
(2 -1.4996e-15 0)
(2 -1.82939e-15 0)
(2 -3.62239e-15 0)
(2 -3.65425e-15 0)
(2 -4.27152e-15 0)
(2 -5.52975e-15 0)
(2 -5.43276e-15 0)
(2 -5.32914e-15 0)
(2 -5.04596e-15 0)
(2 -4.71249e-15 0)
(2 -5.27525e-15 0)
(2 -5.04012e-15 0)
(2 -5.78501e-15 0)
(2 -6.34497e-15 0)
(2 -6.35861e-15 0)
(2 -6.73164e-15 0)
(2 -6.64822e-15 0)
(2 -6.82658e-15 0)
(2 -7.45044e-15 0)
(2 -7.46636e-15 0)
(2 -7.89637e-15 0)
(2 -8.59133e-15 0)
(2 -8.8784e-15 0)
(2 -8.40944e-15 0)
(2 -7.74973e-15 0)
(2 -7.66068e-15 0)
(2 -7.38198e-15 0)
(2 -6.29207e-15 0)
(2 -3.48616e-15 0)
(2 -4.59856e-16 0)
(2 1.71103e-15 0)
(2 1.49804e-15 0)
(2 1.38582e-15 0)
(2 1.51312e-15 0)
(2 2.39568e-15 0)
(2 2.14946e-15 0)
(2 1.02114e-15 0)
(2 1.07904e-15 0)
(2 1.66592e-15 0)
(2 1.27462e-15 0)
(2 3.14683e-16 0)
(2 -6.01072e-16 0)
(2 -1.1789e-15 0)
(2 -2.20086e-15 0)
(2 -1.57138e-15 0)
(2 -1.05915e-15 0)
(2 -4.00288e-16 0)
(2 1.82121e-15 0)
(2 2.93245e-15 0)
(2 3.20255e-15 0)
(2 2.14709e-15 0)
(2 1.95077e-15 0)
(2 1.54002e-15 0)
(2 1.0497e-15 0)
(2 -7.23374e-16 0)
(2 -1.21829e-15 0)
(2 -2.83868e-15 0)
(2 -4.0113e-15 0)
(2 -4.65491e-15 0)
(2 -5.81501e-15 0)
(2 -7.32972e-15 0)
(2 -9.00073e-15 0)
(2 -1.06722e-14 0)
(2 -1.04126e-14 0)
(2 -9.34639e-15 0)
(2 -4.45003e-15 0)
(2 1.8752e-13 0)
(2 4.9927e-12 0)
(2 9.75599e-11 0)
(2 1.47819e-09 0)
(2 1.75984e-08 0)
(2 1.66774e-07 0)
(2 1.26706e-06 0)
(2 7.64515e-06 0)
(1.99998 3.84413e-05 0)
(1.9999 0.000157595 0)
(1.99968 0.000526273 0)
(1.9991 0.00155821 0)
(1.99791 0.00372357 0)
(2 5.53768e-15 0)
(2 3.71763e-15 0)
(2 1.89088e-15 0)
(2 -3.1047e-16 0)
(2 -2.36404e-15 0)
(2 -2.35385e-15 0)
(2 -1.32534e-15 0)
(2 -9.30472e-17 0)
(2 1.00915e-15 0)
(2 7.90149e-17 0)
(2 -1.71187e-15 0)
(2 -4.17123e-15 0)
(2 -4.83074e-15 0)
(2 -4.75651e-15 0)
(2 -4.74641e-15 0)
(2 -5.70431e-15 0)
(2 -5.9908e-15 0)
(2 -5.49504e-15 0)
(2 -5.56057e-15 0)
(2 -6.115e-15 0)
(2 -6.54452e-15 0)
(2 -7.41517e-15 0)
(2 -7.8067e-15 0)
(2 -7.82183e-15 0)
(2 -7.54028e-15 0)
(2 -7.27023e-15 0)
(2 -7.76066e-15 0)
(2 -8.65326e-15 0)
(2 -9.00678e-15 0)
(2 -1.00345e-14 0)
(2 -1.10413e-14 0)
(2 -1.09641e-14 0)
(2 -1.01327e-14 0)
(2 -8.08753e-15 0)
(2 -6.90275e-15 0)
(2 -5.11952e-15 0)
(2 -2.83311e-15 0)
(2 1.35409e-16 0)
(2 -8.718e-16 0)
(2 -1.50165e-15 0)
(2 -2.10786e-15 0)
(2 -1.46748e-15 0)
(2 -1.08672e-15 0)
(2 -1.96804e-15 0)
(2 -2.16661e-15 0)
(2 -1.40926e-15 0)
(2 4.46392e-16 0)
(2 1.79095e-16 0)
(2 1.12446e-16 0)
(2 2.32163e-16 0)
(2 1.6782e-16 0)
(2 -5.03286e-16 0)
(2 -5.88071e-16 0)
(2 -1.57407e-15 0)
(2 -4.47451e-16 0)
(2 1.4069e-15 0)
(2 2.81145e-15 0)
(2 3.93891e-15 0)
(2 3.27745e-15 0)
(2 2.73004e-15 0)
(2 2.79346e-15 0)
(2 1.6708e-15 0)
(2 9.56883e-16 0)
(2 1.0667e-15 0)
(2 1.07592e-15 0)
(2 9.15648e-16 0)
(2 4.08434e-16 0)
(2 2.97216e-16 0)
(2 -3.10326e-15 0)
(2 -5.33287e-15 0)
(2 -8.44535e-15 0)
(2 -9.17846e-15 0)
(2 -9.32705e-15 0)
(2 -9.75042e-15 0)
(2 -1.01215e-14 0)
(2 -8.77816e-15 0)
(2 -7.18217e-15 0)
(2 1.82199e-14 0)
(2 7.36803e-13 0)
(2 1.62975e-11 0)
(2 2.82155e-10 0)
(2 3.76618e-09 0)
(2 4.06947e-08 0)
(2 3.46422e-07 0)
(2 2.39104e-06 0)
(1.99999 1.32737e-05 0)
(1.99996 6.12256e-05 0)
(1.99986 0.000234312 0)
(2 4.71537e-15 0)
(2 3.20574e-15 0)
(2 2.33555e-15 0)
(2 1.57931e-15 0)
(2 3.47938e-16 0)
(2 4.57255e-16 0)
(2 4.72411e-16 0)
(2 1.59831e-17 0)
(2 -1.16638e-15 0)
(2 -2.565e-15 0)
(2 -2.45705e-15 0)
(2 -2.36507e-15 0)
(2 -2.23599e-15 0)
(2 -1.28408e-15 0)
(2 -7.41548e-16 0)
(2 -4.05286e-16 0)
(2 -2.39125e-15 0)
(2 -3.04698e-15 0)
(2 -3.98166e-15 0)
(2 -4.19665e-15 0)
(2 -4.49105e-15 0)
(2 -5.5197e-15 0)
(2 -5.45479e-15 0)
(2 -7.01142e-15 0)
(2 -7.5254e-15 0)
(2 -5.77295e-15 0)
(2 -5.76124e-15 0)
(2 -4.76638e-15 0)
(2 -6.4926e-15 0)
(2 -6.90126e-15 0)
(2 -6.25147e-15 0)
(2 -5.81911e-15 0)
(2 -4.84825e-15 0)
(2 -4.47707e-15 0)
(2 -3.00083e-15 0)
(2 -2.76595e-15 0)
(2 -3.05059e-15 0)
(2 -2.47245e-15 0)
(2 -3.24947e-15 0)
(2 -3.6271e-15 0)
(2 -2.74847e-15 0)
(2 -1.86318e-15 0)
(2 -1.5738e-15 0)
(2 -2.92944e-15 0)
(2 -2.55872e-15 0)
(2 -1.15359e-15 0)
(2 -5.82658e-16 0)
(2 -6.1731e-16 0)
(2 -5.67105e-16 0)
(2 1.1881e-16 0)
(2 6.75556e-16 0)
(2 1.00845e-15 0)
(2 1.34346e-15 0)
(2 -8.02215e-18 0)
(2 -9.33919e-16 0)
(2 -7.89708e-16 0)
(2 -5.13528e-16 0)
(2 4.22568e-16 0)
(2 1.03418e-15 0)
(2 2.85442e-15 0)
(2 3.2296e-15 0)
(2 3.51378e-15 0)
(2 2.68673e-15 0)
(2 1.79174e-15 0)
(2 1.56667e-15 0)
(2 1.64356e-15 0)
(2 2.57703e-15 0)
(2 2.53821e-15 0)
(2 1.61557e-15 0)
(2 -1.41491e-15 0)
(2 -4.80134e-15 0)
(2 -5.63788e-15 0)
(2 -7.65245e-15 0)
(2 -9.38066e-15 0)
(2 -1.17453e-14 0)
(2 -1.22467e-14 0)
(2 -1.216e-14 0)
(2 -1.20874e-14 0)
(2 -1.18782e-14 0)
(2 -9.01032e-15 0)
(2 8.11032e-14 0)
(2 2.26849e-12 0)
(2 4.49045e-11 0)
(2 6.94274e-10 0)
(2 8.37424e-09 0)
(2 8.27285e-08 0)
(2 6.41396e-07 0)
(2 4.08248e-06 0)
(2 3.67893e-15 0)
(2 3.6873e-15 0)
(2 3.76862e-15 0)
(2 4.67353e-15 0)
(2 4.92439e-15 0)
(2 4.00686e-15 0)
(2 2.38602e-15 0)
(2 1.39977e-15 0)
(2 1.49482e-15 0)
(2 1.27945e-15 0)
(2 -7.95034e-16 0)
(2 -2.79496e-15 0)
(2 -3.15806e-15 0)
(2 -2.74117e-15 0)
(2 -2.99769e-15 0)
(2 -8.38484e-16 0)
(2 -1.30354e-15 0)
(2 -2.0859e-15 0)
(2 -2.75263e-15 0)
(2 -3.79151e-15 0)
(2 -4.34938e-15 0)
(2 -4.94495e-15 0)
(2 -4.73301e-15 0)
(2 -4.67809e-15 0)
(2 -6.64328e-15 0)
(2 -8.31152e-15 0)
(2 -8.49252e-15 0)
(2 -7.83962e-15 0)
(2 -6.90957e-15 0)
(2 -5.50518e-15 0)
(2 -5.6977e-15 0)
(2 -6.61873e-15 0)
(2 -5.87801e-15 0)
(2 -6.43182e-15 0)
(2 -5.14763e-15 0)
(2 -4.91034e-15 0)
(2 -5.77775e-15 0)
(2 -5.76865e-15 0)
(2 -4.1045e-15 0)
(2 -2.48298e-15 0)
(2 -1.34636e-15 0)
(2 -2.37664e-15 0)
(2 -1.50025e-15 0)
(2 -8.51699e-16 0)
(2 -1.33363e-15 0)
(2 -1.84898e-15 0)
(2 -2.58073e-15 0)
(2 -2.19839e-15 0)
(2 -1.39993e-15 0)
(2 -1.3829e-15 0)
(2 -7.24643e-16 0)
(2 -6.37891e-16 0)
(2 -4.33395e-16 0)
(2 -3.16268e-16 0)
(2 -8.1963e-16 0)
(2 -2.00192e-15 0)
(2 -3.40525e-15 0)
(2 -3.70388e-15 0)
(2 -1.49798e-15 0)
(2 3.1778e-15 0)
(2 5.57432e-15 0)
(2 5.46994e-15 0)
(2 4.59866e-15 0)
(2 2.68161e-15 0)
(2 9.19695e-16 0)
(2 7.03547e-16 0)
(2 6.66899e-16 0)
(2 1.6804e-15 0)
(2 3.23676e-15 0)
(2 3.58152e-15 0)
(2 1.70158e-15 0)
(2 -1.20651e-15 0)
(2 -4.55675e-15 0)
(2 -6.50997e-15 0)
(2 -1.10309e-14 0)
(2 -1.17781e-14 0)
(2 -1.1463e-14 0)
(2 -1.10311e-14 0)
(2 -1.08284e-14 0)
(2 -9.71014e-15 0)
(2 -9.76344e-15 0)
(2 -8.82053e-15 0)
(2 1.15289e-15 0)
(2 2.5733e-13 0)
(2 5.97641e-12 0)
(2 1.06826e-10 0)
(2 1.49452e-09 0)
(2 1.65997e-08 0)
(2 3.97056e-15 0)
(2 4.80296e-15 0)
(2 4.68569e-15 0)
(2 6.71316e-15 0)
(2 6.7904e-15 0)
(2 6.80023e-15 0)
(2 5.01709e-15 0)
(2 5.18855e-15 0)
(2 6.82658e-15 0)
(2 8.28363e-15 0)
(2 5.98021e-15 0)
(2 4.23295e-15 0)
(2 3.13356e-15 0)
(2 1.21501e-15 0)
(2 -2.79085e-16 0)
(2 -1.34403e-15 0)
(2 -8.9241e-16 0)
(2 -1.09209e-15 0)
(2 -1.00146e-15 0)
(2 -1.38217e-15 0)
(2 -1.63982e-15 0)
(2 -2.94343e-15 0)
(2 -4.01991e-15 0)
(2 -3.30845e-15 0)
(2 -4.20428e-15 0)
(2 -4.97289e-15 0)
(2 -5.57622e-15 0)
(2 -5.20776e-15 0)
(2 -3.5009e-15 0)
(2 -2.92742e-15 0)
(2 -3.72118e-15 0)
(2 -4.43147e-15 0)
(2 -5.65113e-15 0)
(2 -6.06248e-15 0)
(2 -6.5649e-15 0)
(2 -6.213e-15 0)
(2 -5.51506e-15 0)
(2 -4.81457e-15 0)
(2 -4.03476e-15 0)
(2 -2.29897e-15 0)
(2 -2.1599e-15 0)
(2 -2.97875e-15 0)
(2 -2.05451e-15 0)
(2 -2.09614e-15 0)
(2 -3.24222e-15 0)
(2 -4.14973e-15 0)
(2 -4.94598e-15 0)
(2 -4.94042e-15 0)
(2 -4.04076e-15 0)
(2 -2.92121e-15 0)
(2 -2.86891e-15 0)
(2 -3.02474e-15 0)
(2 -3.37492e-15 0)
(2 -2.85499e-15 0)
(2 -1.80706e-15 0)
(2 -1.52967e-15 0)
(2 -1.43218e-15 0)
(2 -1.07326e-15 0)
(2 -3.63688e-17 0)
(2 1.2984e-15 0)
(2 2.71766e-15 0)
(2 2.02454e-15 0)
(2 2.31486e-15 0)
(2 1.25778e-15 0)
(2 4.67151e-16 0)
(2 4.88316e-16 0)
(2 2.3098e-16 0)
(2 -9.22909e-18 0)
(2 -2.20487e-16 0)
(2 1.74768e-15 0)
(2 2.66164e-15 0)
(2 2.36274e-15 0)
(2 1.18748e-15 0)
(2 -1.00115e-15 0)
(2 -4.37932e-15 0)
(2 -7.16521e-15 0)
(2 -8.92586e-15 0)
(2 -9.04572e-15 0)
(2 -8.92778e-15 0)
(2 -8.27785e-15 0)
(2 -8.51635e-15 0)
(2 -9.02192e-15 0)
(2 -9.83129e-15 0)
(2 -1.12505e-14 0)
(2 -1.17546e-14 0)
(2 1.20781e-14 0)
(2 6.45599e-13 0)
(2 1.36694e-11 0)
(2 1.70896e-15 0)
(2 1.255e-15 0)
(2 2.76752e-15 0)
(2 1.46511e-15 0)
(2 6.42619e-16 0)
(2 2.5927e-15 0)
(2 2.95533e-15 0)
(2 3.20733e-15 0)
(2 4.30245e-15 0)
(2 5.73661e-15 0)
(2 5.72174e-15 0)
(2 5.40282e-15 0)
(2 4.58312e-15 0)
(2 3.23717e-15 0)
(2 2.6163e-15 0)
(2 1.26743e-15 0)
(2 4.59373e-16 0)
(2 -6.19662e-16 0)
(2 -2.49651e-16 0)
(2 4.9214e-16 0)
(2 1.04357e-15 0)
(2 1.44286e-15 0)
(2 6.19721e-16 0)
(2 -2.01614e-16 0)
(2 -6.13174e-16 0)
(2 -2.27444e-16 0)
(2 -9.73138e-17 0)
(2 -6.87221e-16 0)
(2 -1.07551e-15 0)
(2 -2.75758e-15 0)
(2 -4.34131e-15 0)
(2 -4.0772e-15 0)
(2 -5.56472e-15 0)
(2 -5.11799e-15 0)
(2 -4.17794e-15 0)
(2 -4.86006e-15 0)
(2 -4.69133e-15 0)
(2 -3.38027e-15 0)
(2 -3.35101e-15 0)
(2 -3.84624e-15 0)
(2 -4.15378e-15 0)
(2 -3.53248e-15 0)
(2 -3.44662e-15 0)
(2 -1.93275e-15 0)
(2 -2.993e-15 0)
(2 -2.69792e-15 0)
(2 -3.53677e-15 0)
(2 -3.68205e-15 0)
(2 -2.85073e-15 0)
(2 -2.40288e-15 0)
(2 -2.75429e-15 0)
(2 -2.94452e-15 0)
(2 -2.32995e-15 0)
(2 -8.26528e-16 0)
(2 1.36178e-16 0)
(2 -1.66747e-16 0)
(2 -4.20738e-16 0)
(2 1.82997e-16 0)
(2 -1.71181e-17 0)
(2 -3.21429e-16 0)
(2 7.19404e-16 0)
(2 9.11553e-16 0)
(2 2.05629e-15 0)
(2 2.40584e-15 0)
(2 1.92494e-15 0)
(2 1.50439e-15 0)
(2 1.28172e-15 0)
(2 3.37375e-16 0)
(2 -1.8609e-15 0)
(2 -1.92966e-15 0)
(2 -2.80624e-16 0)
(2 -7.20549e-17 0)
(2 -5.61352e-16 0)
(2 -1.23641e-16 0)
(2 -1.03624e-15 0)
(2 -2.30023e-15 0)
(2 -5.63086e-15 0)
(2 -6.10396e-15 0)
(2 -5.8407e-15 0)
(2 -5.07015e-15 0)
(2 -4.9356e-15 0)
(2 -5.31985e-15 0)
(2 -6.48587e-15 0)
(2 -7.93222e-15 0)
(2 -9.10944e-15 0)
(2 -9.21435e-15 0)
(2 -9.1467e-15 0)
(2 -6.37458e-15 0)
(2 1.96249e-15 0)
(2 2.01654e-15 0)
(2 1.15573e-15 0)
(2 3.39612e-18 0)
(2 4.41075e-17 0)
(2 7.26826e-16 0)
(2 3.50854e-15 0)
(2 2.91978e-15 0)
(2 1.53952e-15 0)
(2 -2.10762e-16 0)
(2 -4.77712e-16 0)
(2 -1.5186e-16 0)
(2 -1.53485e-16 0)
(2 4.19213e-16 0)
(2 1.29518e-15 0)
(2 1.88837e-15 0)
(2 2.06645e-15 0)
(2 2.92438e-15 0)
(2 1.89912e-15 0)
(2 4.5527e-16 0)
(2 -6.31215e-16 0)
(2 -2.17593e-15 0)
(2 -2.8145e-15 0)
(2 -2.73555e-15 0)
(2 -1.84121e-15 0)
(2 -1.43014e-15 0)
(2 -7.36579e-16 0)
(2 -1.3826e-15 0)
(2 -2.46284e-15 0)
(2 -3.21832e-15 0)
(2 -3.83168e-15 0)
(2 -4.37866e-15 0)
(2 -3.43181e-15 0)
(2 -2.49264e-15 0)
(2 -1.76903e-15 0)
(2 -1.20215e-15 0)
(2 -1.10998e-15 0)
(2 -1.71941e-15 0)
(2 -3.39377e-15 0)
(2 -4.14555e-15 0)
(2 -3.78635e-15 0)
(2 -3.06827e-15 0)
(2 -4.27873e-15 0)
(2 -4.50306e-15 0)
(2 -3.45381e-15 0)
(2 -2.47797e-15 0)
(2 -1.9327e-15 0)
(2 -3.53272e-15 0)
(2 -5.03033e-15 0)
(2 -6.11627e-15 0)
(2 -6.14662e-15 0)
(2 -5.26158e-15 0)
(2 -4.03228e-15 0)
(2 -1.29486e-15 0)
(2 -5.0024e-16 0)
(2 -7.59487e-16 0)
(2 -3.88001e-16 0)
(2 -4.10898e-16 0)
(2 -1.09604e-15 0)
(2 -2.97227e-15 0)
(2 -2.26582e-15 0)
(2 -8.99102e-16 0)
(2 1.76515e-15 0)
(2 3.31175e-15 0)
(2 1.67701e-15 0)
(2 1.48402e-15 0)
(2 2.72911e-15 0)
(2 9.2961e-16 0)
(2 -1.12798e-15 0)
(2 -2.01483e-15 0)
(2 -2.55089e-15 0)
(2 -2.83942e-15 0)
(2 -1.97468e-15 0)
(2 -2.38618e-15 0)
(2 -1.89378e-15 0)
(2 -1.13119e-16 0)
(2 -3.66344e-16 0)
(2 -9.77561e-16 0)
(2 -1.29197e-15 0)
(2 -1.45354e-15 0)
(2 -2.08162e-15 0)
(2 -3.07191e-15 0)
(2 -3.34237e-15 0)
(2 -3.62789e-15 0)
(2 -4.47165e-15 0)
(2 -5.63365e-15 0)
(2 -6.47121e-15 0)
(2 -7.23478e-15 0)
(2 -2.39784e-15 0)
(2 -6.51872e-16 0)
(2 -1.40515e-15 0)
(2 -1.2024e-15 0)
(2 -1.43377e-15 0)
(2 -1.92857e-15 0)
(2 -7.77309e-16 0)
(2 -3.3175e-16 0)
(2 -8.24289e-16 0)
(2 -1.6502e-15 0)
(2 -3.54189e-15 0)
(2 -2.83515e-15 0)
(2 -2.95264e-15 0)
(2 -2.68393e-15 0)
(2 -2.04004e-15 0)
(2 -1.63761e-15 0)
(2 2.4326e-16 0)
(2 1.31657e-15 0)
(2 1.43061e-15 0)
(2 -3.49439e-16 0)
(2 -1.15467e-15 0)
(2 -1.78246e-15 0)
(2 -2.44636e-15 0)
(2 -2.86496e-15 0)
(2 -3.52358e-15 0)
(2 -4.30086e-15 0)
(2 -4.25272e-15 0)
(2 -3.91937e-15 0)
(2 -3.68388e-15 0)
(2 -4.93931e-15 0)
(2 -5.65867e-15 0)
(2 -4.72394e-15 0)
(2 -4.62267e-15 0)
(2 -3.12266e-15 0)
(2 -1.61056e-15 0)
(2 -1.72118e-15 0)
(2 -1.52873e-15 0)
(2 -2.4291e-15 0)
(2 -3.16499e-15 0)
(2 -3.07485e-15 0)
(2 -1.6666e-15 0)
(2 -9.62167e-16 0)
(2 -3.42587e-15 0)
(2 -4.28643e-15 0)
(2 -2.50765e-15 0)
(2 -1.9647e-15 0)
(2 -2.14941e-15 0)
(2 -2.94762e-15 0)
(2 -3.83569e-15 0)
(2 -3.58111e-15 0)
(2 -3.66755e-15 0)
(2 -2.71699e-15 0)
(2 -3.10377e-15 0)
(2 -2.38985e-15 0)
(2 -2.31794e-15 0)
(2 -2.60978e-15 0)
(2 -2.24674e-15 0)
(2 -2.78501e-15 0)
(2 -3.7019e-15 0)
(2 -3.62962e-15 0)
(2 -4.10809e-15 0)
(2 -3.21718e-15 0)
(2 -2.32091e-15 0)
(2 -1.62656e-15 0)
(2 -4.40245e-16 0)
(2 -8.14654e-16 0)
(2 -1.36369e-15 0)
(2 -1.10369e-15 0)
(2 -1.49918e-15 0)
(2 -2.17653e-15 0)
(2 -3.40188e-15 0)
(2 -3.65966e-15 0)
(2 -3.67937e-15 0)
(2 -4.25668e-15 0)
(2 -3.54273e-15 0)
(2 -2.67534e-15 0)
(2 -1.3753e-15 0)
(2 -1.74168e-15 0)
(2 -3.55341e-15 0)
(2 -6.70172e-15 0)
(2 -8.80115e-15 0)
(2 -9.15618e-15 0)
(2 -9.21007e-15 0)
(2 -9.15224e-15 0)
(2 -8.81186e-15 0)
(2 -8.59695e-15 0)
(2 -7.85649e-15 0)
(2 -6.28178e-15 0)
(2 -3.43395e-15 0)
(2 -3.16842e-15 0)
(2 -2.7767e-15 0)
(2 -3.25427e-15 0)
(2 -3.87395e-15 0)
(2 -4.98388e-15 0)
(2 -4.56124e-15 0)
(2 -3.48566e-15 0)
(2 -1.45361e-15 0)
(2 -4.31863e-16 0)
(2 -1.07792e-15 0)
(2 -8.92368e-16 0)
(2 -1.07565e-15 0)
(2 -9.5425e-16 0)
(2 -1.51519e-15 0)
(2 -1.67133e-15 0)
(2 -1.22231e-15 0)
(2 -1.17879e-15 0)
(2 2.66796e-16 0)
(2 -2.23488e-16 0)
(2 -3.62101e-16 0)
(2 -2.93376e-16 0)
(2 4.89015e-16 0)
(2 3.7677e-16 0)
(2 -4.70497e-17 0)
(2 1.076e-16 0)
(2 -2.22291e-16 0)
(2 -1.27038e-15 0)
(2 -6.76993e-16 0)
(2 -9.54203e-16 0)
(2 -7.60612e-16 0)
(2 -8.03008e-16 0)
(2 -1.44107e-15 0)
(2 -1.29898e-15 0)
(2 -5.00585e-16 0)
(2 -6.03681e-16 0)
(2 -9.82873e-16 0)
(2 -1.94627e-15 0)
(2 -5.72806e-16 0)
(2 -1.19185e-16 0)
(2 -1.11217e-15 0)
(2 -2.30176e-15 0)
(2 -1.41017e-15 0)
(2 -8.77017e-16 0)
(2 1.13491e-16 0)
(2 -1.27167e-15 0)
)
;

boundaryField
{
    inlet
    {
        type            fixedValue;
        value           nonuniform 0();
    }
    outlet
    {
        type            inletOutlet;
        inletValue      nonuniform 0();
        value           nonuniform 0();
    }
    bottom
    {
        type            symmetryPlane;
    }
    top
    {
        type            symmetryPlane;
    }
    obstacle
    {
        type            slip;
    }
    front
    {
        type            empty;
    }
    back
    {
        type            empty;
    }
    procBoundary44to36
    {
        type            processor;
        value           nonuniform List<vector> 
89
(
(2 -6.47703e-15 0)
(2 -5.57645e-15 0)
(2 -4.79484e-15 0)
(2 -5.12333e-15 0)
(2 -4.71408e-15 0)
(2 -3.73496e-15 0)
(2 -2.67853e-15 0)
(2 -1.14928e-15 0)
(2 9.36798e-16 0)
(2 1.75755e-15 0)
(2 1.13064e-15 0)
(2 8.1721e-16 0)
(2 1.9363e-16 0)
(2 -2.15942e-15 0)
(2 -3.65901e-15 0)
(2 -6.49678e-15 0)
(2 -8.95249e-15 0)
(2 -8.83385e-15 0)
(2 -8.59415e-15 0)
(2 -9.77568e-15 0)
(2 -9.18328e-15 0)
(2 -8.4489e-15 0)
(2 -7.6147e-15 0)
(2 9.79683e-14 0)
(2 3.87939e-12 0)
(2 9.62293e-11 0)
(2 2.02102e-09 0)
(2 3.46211e-08 0)
(2 4.26544e-07 0)
(2 4.01389e-06 0)
(1.99997 3.10559e-05 0)
(1.99984 0.000189 0)
(1.99935 0.000787782 0)
(1.99755 0.00301022 0)
(1.99345 0.00866402 0)
(1.98624 0.0180723 0)
(1.9717 0.038201 0)
(1.96017 0.0542449 0)
(1.9472 0.0753971 0)
(1.93157 0.103012 0)
(1.92506 0.107629 0)
(1.92472 0.108197 0)
(1.92103 0.112592 0)
(1.91953 0.116158 0)
(1.91895 0.117537 0)
(1.91922 0.117454 0)
(1.92023 0.117251 0)
(1.92209 0.115573 0)
(1.92446 0.112728 0)
(1.92709 0.109736 0)
(1.93087 0.105059 0)
(1.93446 0.100487 0)
(1.93688 0.0979473 0)
(1.9392 0.094427 0)
(1.94209 0.0905703 0)
(1.94496 0.0870351 0)
(1.94746 0.0831492 0)
(1.94889 0.080519 0)
(1.9502 0.0800357 0)
(1.95139 0.0787447 0)
(1.95354 0.0750532 0)
(1.95524 0.0726147 0)
(1.95697 0.0706011 0)
(1.95948 0.0667877 0)
(1.96116 0.0634892 0)
(1.96283 0.0621428 0)
(1.96465 0.0597971 0)
(1.96643 0.0562056 0)
(1.96802 0.0547229 0)
(1.96947 0.0533157 0)
(1.97195 0.0491221 0)
(1.97369 0.04614 0)
(1.97541 0.0449796 0)
(1.9777 0.0417256 0)
(1.97914 0.0383468 0)
(1.9805 0.0376183 0)
(1.98184 0.0365391 0)
(1.98323 0.0337166 0)
(1.98432 0.0326485 0)
(2 -2.06862e-15 0)
(2 -9.15368e-16 0)
(2 -8.71202e-16 0)
(2 -1.12519e-15 0)
(2 -1.18903e-15 0)
(2 -2.41055e-15 0)
(2 -3.64023e-15 0)
(2 -5.80515e-15 0)
(2 -6.53313e-15 0)
(2 -6.53313e-15 0)
)
;
    }
    procBoundary44to37
    {
        type            processor;
        value           nonuniform List<vector> 
18
(
(1.98379 0.0351274 0)
(1.98068 0.0407065 0)
(1.97796 0.045729 0)
(1.97497 0.0524709 0)
(1.97101 0.0605401 0)
(1.96765 0.0670999 0)
(1.96422 0.0732831 0)
(1.96056 0.0797455 0)
(1.95748 0.0855655 0)
(1.95331 0.0941693 0)
(1.94868 0.10305 0)
(1.94476 0.110849 0)
(1.94152 0.116145 0)
(1.9409 0.116898 0)
(1.94239 0.115163 0)
(1.94662 0.107811 0)
(1.94985 0.103472 0)
(1.96705 0.0669497 0)
)
;
    }
    procBoundary44to43
    {
        type            processor;
        value           nonuniform List<vector> 
26
(
(2 -3.94028e-15 0)
(2 -2.65542e-15 0)
(2 -2.68257e-15 0)
(2 2.57201e-15 0)
(2 4.82356e-15 0)
(2 -2.79894e-15 0)
(2 -4.14808e-15 0)
(2 -2.65558e-15 0)
(2 -6.03632e-15 0)
(2 -3.54728e-15 0)
(2 -1.58821e-15 0)
(2 2.78998e-15 0)
(2 5.67951e-15 0)
(2 4.89458e-15 0)
(2 2.61149e-15 0)
(2 -3.02786e-15 0)
(2 -5.77757e-15 0)
(2 -2.89564e-15 0)
(2 1.04757e-15 0)
(2 5.76708e-15 0)
(2 4.58026e-15 0)
(2 3.32151e-15 0)
(2 4.8349e-15 0)
(2 2.33374e-15 0)
(2 1.99405e-15 0)
(2 -1.88047e-15 0)
)
;
    }
    procBoundary44to45
    {
        type            processor;
        value           nonuniform List<vector> 9((1.98314 0.0329675 0) (1.99558 0.00812379 0) (1.99957 0.000730459 0) (1.99999 2.10751e-05 0) (2 1.50015e-07 0) (2 2.22404e-10 0) (2 5.11075e-14 0) (2 -5.94593e-15 0) (2 -4.91731e-15 0));
    }
    procBoundary44to51
    {
        type            processor;
        value           uniform (2 -2.92596e-15 0);
    }
    procBoundary44to52
    {
        type            processor;
        value           nonuniform List<vector> 
89
(
(2 -3.24685e-15 0)
(2 -2.67993e-15 0)
(2 -1.59701e-15 0)
(2 1.92554e-16 0)
(2 9.9264e-16 0)
(2 8.08151e-16 0)
(2 -1.41687e-16 0)
(2 -2.80036e-15 0)
(2 -3.03436e-15 0)
(2 -2.55698e-15 0)
(2 -2.3839e-15 0)
(2 -2.62571e-15 0)
(2 -2.47921e-15 0)
(2 -2.27775e-15 0)
(2 -2.581e-15 0)
(2 -3.22919e-15 0)
(2 -4.11238e-15 0)
(2 -3.1815e-15 0)
(2 -1.67688e-15 0)
(2 -2.08564e-15 0)
(2 -3.29145e-15 0)
(2 -2.88327e-15 0)
(2 -7.95452e-16 0)
(2 -1.18728e-15 0)
(2 -2.27075e-15 0)
(2 -3.25765e-15 0)
(2 -3.65665e-15 0)
(2 -3.07981e-15 0)
(2 -3.1923e-15 0)
(2 -3.23138e-15 0)
(2 -3.47822e-15 0)
(2 -2.41735e-15 0)
(2 -2.01315e-15 0)
(2 -1.99863e-15 0)
(2 -2.92993e-15 0)
(2 -5.21746e-15 0)
(2 -6.8119e-15 0)
(2 -7.93241e-15 0)
(2 -7.11084e-15 0)
(2 -6.37787e-15 0)
(2 -5.47121e-15 0)
(2 -4.79545e-15 0)
(2 -1.03749e-15 0)
(2 -2.76058e-15 0)
(2 -2.71406e-15 0)
(2 -3.10806e-15 0)
(2 -3.74558e-15 0)
(2 -5.45259e-15 0)
(2 -5.6648e-15 0)
(2 -5.16424e-15 0)
(2 -4.09096e-15 0)
(2 -1.48044e-15 0)
(2 1.74921e-15 0)
(2 1.15809e-15 0)
(2 1.62494e-15 0)
(2 1.83394e-15 0)
(2 2.18998e-15 0)
(2 1.46706e-15 0)
(2 8.82608e-16 0)
(2 2.49146e-16 0)
(2 5.15084e-17 0)
(2 1.35957e-15 0)
(2 1.44898e-15 0)
(2 4.90161e-16 0)
(2 8.97481e-16 0)
(2 2.06984e-15 0)
(2 2.5062e-15 0)
(2 1.24137e-15 0)
(2 1.2812e-15 0)
(2 1.37628e-15 0)
(2 2.43642e-15 0)
(2 3.84873e-15 0)
(2 5.48686e-15 0)
(2 5.10764e-15 0)
(2 5.07854e-15 0)
(2 4.8397e-15 0)
(2 2.65063e-15 0)
(2 2.13489e-15 0)
(2 3.87773e-16 0)
(2 7.63424e-16 0)
(2 4.71899e-16 0)
(2 9.61129e-17 0)
(2 -1.05844e-15 0)
(2 -9.25605e-16 0)
(2 4.69568e-16 0)
(2 1.07106e-15 0)
(2 -2.07883e-15 0)
(2 -3.24685e-15 0)
(2 -3.9381e-15 0)
)
;
    }
}


// ************************************************************************* //
