/*--------------------------------*- C++ -*----------------------------------*\
  =========                 |
  \\      /  F ield         | OpenFOAM: The Open Source CFD Toolbox
   \\    /   O peration     | Website:  https://openfoam.org
    \\  /    A nd           | Version:  7
     \\/     M anipulation  |
\*---------------------------------------------------------------------------*/
FoamFile
{
    version     2.0;
    format      ascii;
    class       volVectorField;
    location    "14";
    object      U;
}
// * * * * * * * * * * * * * * * * * * * * * * * * * * * * * * * * * * * * * //

dimensions      [0 1 -1 0 0 0 0];

internalField   nonuniform List<vector> 
2413
(
(1.99997 3.93964e-05 0)
(1.99991 0.000133851 0)
(1.99974 0.000375332 0)
(1.99938 0.000903309 0)
(1.99863 0.00203606 0)
(1.99756 0.00365679 0)
(1.99562 0.006388 0)
(1.99306 0.0101824 0)
(1.99084 0.0136188 0)
(1.98587 0.0210277 0)
(1.98231 0.0252276 0)
(1.98018 0.0271208 0)
(1.97406 0.0342636 0)
(1.96973 0.0379169 0)
(1.96528 0.0408027 0)
(1.96014 0.045153 0)
(1.95561 0.0479276 0)
(1.95184 0.049205 0)
(1.94836 0.0520302 0)
(1.94503 0.0518612 0)
(1.9444 0.050676 0)
(1.94434 0.0487903 0)
(1.94511 0.0459762 0)
(1.94613 0.0438547 0)
(1.9479 0.0405417 0)
(1.94923 0.0380492 0)
(1.95055 0.0379513 0)
(1.95269 0.0357726 0)
(1.95454 0.0330691 0)
(1.95644 0.0329349 0)
(1.95911 0.0314338 0)
(1.96172 0.0281304 0)
(1.964 0.0272665 0)
(1.96661 0.0272017 0)
(1.96972 0.0246462 0)
(1.97215 0.022634 0)
(1.97493 0.0229427 0)
(1.97833 0.0216199 0)
(1.98189 0.0178259 0)
(1.9849 0.016573 0)
(1.98807 0.0163736 0)
(1.9924 0.012863 0)
(1.99561 0.00917252 0)
(1.99872 0.00887413 0)
(2.00229 0.00724237 0)
(2.00637 0.00248189 0)
(2.00915 0.000328504 0)
(2.01183 6.91217e-05 0)
(2.01609 -0.00330778 0)
(2.01954 -0.00817886 0)
(2.02195 -0.00985554 0)
(2.02445 -0.0110022 0)
(2.02787 -0.0145985 0)
(2.03095 -0.0192848 0)
(2.03329 -0.0229975 0)
(2.03561 -0.0248832 0)
(2.03807 -0.0274526 0)
(2.04126 -0.0328311 0)
(2.04312 -0.036476 0)
(2.04518 -0.0385359 0)
(2.0483 -0.0435419 0)
(2.05017 -0.0476978 0)
(2.05204 -0.0502753 0)
(2.05471 -0.0553365 0)
(2.05595 -0.058934 0)
(2 1.15725e-16 0)
(2 -8.11939e-16 0)
(2 -1.87763e-15 0)
(2 -1.75557e-15 0)
(2 -1.46602e-15 0)
(2 1.5388e-15 0)
(2 5.50077e-15 0)
(2 5.15102e-15 0)
(2 4.64388e-15 0)
(2 5.69803e-15 0)
(2 5.34839e-15 0)
(2 5.07507e-15 0)
(2 4.24034e-15 0)
(2 5.38609e-16 0)
(2 -4.3024e-16 0)
(2 -1.33771e-15 0)
(2 8.68036e-15 0)
(2 3.83897e-13 0)
(2 9.25157e-12 0)
(2 1.64238e-10 0)
(2 2.27916e-09 0)
(2 2.39451e-08 0)
(2 1.96262e-07 0)
(2 1.27985e-06 0)
(2 6.84025e-06 0)
(1.99998 2.86334e-05 0)
(1.99993 0.000103988 0)
(1.99978 0.000315992 0)
(1.99946 0.000788897 0)
(1.99872 0.00184421 0)
(1.99755 0.00363732 0)
(1.9957 0.00634455 0)
(1.99275 0.0105553 0)
(1.98981 0.0149739 0)
(1.9862 0.0202393 0)
(1.98021 0.0291785 0)
(1.97631 0.0333293 0)
(1.97359 0.0353281 0)
(1.96616 0.0436881 0)
(1.96137 0.0466508 0)
(1.95603 0.0502374 0)
(1.95044 0.0549043 0)
(1.9468 0.0562966 0)
(1.94296 0.0591496 0)
(1.94191 0.0587341 0)
(1.94163 0.0573436 0)
(1.94237 0.0553353 0)
(1.9438 0.052797 0)
(1.94584 0.0490964 0)
(1.94772 0.0468577 0)
(1.9502 0.0443789 0)
(1.95251 0.040656 0)
(1.95436 0.039838 0)
(1.95661 0.039195 0)
(1.95947 0.0357297 0)
(1.9616 0.0341403 0)
(1.96398 0.0341437 0)
(1.96748 0.0314166 0)
(1.97021 0.0281127 0)
(1.97297 0.0277883 0)
(1.97626 0.0265859 0)
(1.97984 0.0226503 0)
(1.98262 0.0209586 0)
(1.98561 0.0208455 0)
(1.98978 0.0175741 0)
(1.99299 0.0135505 0)
(1.99597 0.0129842 0)
(1.99933 0.0115353 0)
(2.00356 0.00673223 0)
(2.00629 0.00400846 0)
(2.00904 0.00377037 0)
(2.01307 0.000609301 0)
(2.01612 -0.00389488 0)
(2.01831 -0.00474893 0)
(2.02111 -0.00646062 0)
(2.02467 -0.0106941 0)
(2.02672 -0.0128596 0)
(2.02867 -0.0150823 0)
(2.03149 -0.0188009 0)
(2.03365 -0.0208162 0)
(2.03587 -0.0232852 0)
(2.03865 -0.0281538 0)
(2.04033 -0.0305965 0)
(2.04228 -0.0328948 0)
(2.04513 -0.0378078 0)
(2.04686 -0.0408478 0)
(2.04887 -0.0436491 0)
(2.05083 -0.0476244 0)
(2 -1.93384e-15 0)
(2 -2.77945e-15 0)
(2 -3.05397e-15 0)
(2 -3.23498e-15 0)
(2 -3.59798e-15 0)
(2 -3.24178e-15 0)
(2 -3.33623e-15 0)
(2 -3.07348e-15 0)
(2 -2.53931e-15 0)
(2 -7.17878e-16 0)
(2 8.69704e-16 0)
(2 1.96568e-15 0)
(2 2.24728e-15 0)
(2 1.72733e-15 0)
(2 1.19234e-15 0)
(2 -2.38388e-16 0)
(2 -2.08095e-15 0)
(2 -2.07729e-15 0)
(2 3.16615e-15 0)
(2 1.70216e-13 0)
(2 4.43884e-12 0)
(2 8.30104e-11 0)
(2 1.19407e-09 0)
(2 1.37566e-08 0)
(2 1.17212e-07 0)
(2 8.32501e-07 0)
(2 4.64134e-06 0)
(1.99998 2.15075e-05 0)
(1.99994 8.02405e-05 0)
(1.99981 0.000261578 0)
(1.99951 0.000712128 0)
(1.99886 0.00163387 0)
(1.99756 0.00355571 0)
(1.99578 0.00628443 0)
(1.9927 0.0106964 0)
(1.98884 0.0164407 0)
(1.9859 0.020706 0)
(1.97987 0.0293861 0)
(1.97304 0.0397505 0)
(1.97001 0.0410228 0)
(1.96312 0.0475944 0)
(1.95721 0.0524101 0)
(1.95198 0.0562174 0)
(1.94635 0.0610956 0)
(1.94294 0.062798 0)
(1.94007 0.0646591 0)
(1.93991 0.0643678 0)
(1.94023 0.0631268 0)
(1.94162 0.0608649 0)
(1.9438 0.0576515 0)
(1.94599 0.0554956 0)
(1.94887 0.0517006 0)
(1.95136 0.048339 0)
(1.95374 0.047154 0)
(1.95688 0.0438843 0)
(1.95924 0.0410189 0)
(1.96163 0.0407881 0)
(1.9648 0.0387136 0)
(1.96756 0.0351375 0)
(1.9701 0.0344882 0)
(1.97309 0.0336398 0)
(1.9768 0.0296691 0)
(1.97945 0.0272469 0)
(1.98237 0.027103 0)
(1.98628 0.0243125 0)
(1.98953 0.0200011 0)
(1.99238 0.0191345 0)
(1.99548 0.0181238 0)
(1.99969 0.0135291 0)
(2.00242 0.0104045 0)
(2.00501 0.0101483 0)
(2.00879 0.00712953 0)
(2.0121 0.0021529 0)
(2.01441 0.000839073 0)
(2.01685 -0.000492467 0)
(2.02069 -0.00497748 0)
(2.02276 -0.00821518 0)
(2.02451 -0.00896917 0)
(2.02757 -0.0123392 0)
(2.03009 -0.0168331 0)
(2.03189 -0.0179407 0)
(2.03438 -0.0207398 0)
(2.03662 -0.0250031 0)
(2.03808 -0.0264374 0)
(2.04059 -0.0298752 0)
(2.04281 -0.0343079 0)
(2.04426 -0.0358891 0)
(2.04603 -0.0385623 0)
(2 -1.98595e-15 0)
(2 -1.94278e-15 0)
(2 -2.05615e-15 0)
(2 -1.84768e-15 0)
(2 -1.91758e-15 0)
(2 -2.91822e-15 0)
(2 -3.11911e-15 0)
(2 -1.95089e-15 0)
(2 -1.24143e-15 0)
(2 -1.18548e-15 0)
(2 -7.35837e-16 0)
(2 -5.58778e-16 0)
(2 -4.05297e-16 0)
(2 6.94997e-16 0)
(2 2.05423e-16 0)
(2 -1.18792e-15 0)
(2 -4.63593e-15 0)
(2 -6.35331e-15 0)
(2 -6.87433e-15 0)
(2 -6.22278e-15 0)
(2 -2.20195e-15 0)
(2 7.46555e-14 0)
(2 2.13317e-12 0)
(2 4.23537e-11 0)
(2 6.4716e-10 0)
(2 7.70507e-09 0)
(2 7.34571e-08 0)
(2 5.34793e-07 0)
(2 3.23381e-06 0)
(1.99999 1.59251e-05 0)
(1.99995 6.37727e-05 0)
(1.99985 0.000212223 0)
(1.99956 0.000636191 0)
(1.99897 0.00149264 0)
(1.99772 0.00327496 0)
(1.9957 0.00637801 0)
(1.99305 0.0103794 0)
(1.98824 0.0174782 0)
(1.98432 0.022912 0)
(1.98022 0.0290974 0)
(1.97093 0.0422071 0)
(1.9647 0.0495073 0)
(1.95996 0.0522308 0)
(1.95311 0.0582051 0)
(1.94733 0.0630041 0)
(1.9435 0.0654266 0)
(1.94046 0.0683011 0)
(1.93891 0.0699228 0)
(1.93912 0.0693976 0)
(1.94003 0.067915 0)
(1.942 0.0656296 0)
(1.94435 0.0629892 0)
(1.94722 0.0592276 0)
(1.94994 0.0566218 0)
(1.95301 0.0537981 0)
(1.95615 0.0495986 0)
(1.95866 0.0481961 0)
(1.9616 0.0465939 0)
(1.96502 0.0422328 0)
(1.9675 0.0403597 0)
(1.97016 0.0400053 0)
(1.97386 0.0365142 0)
(1.97657 0.0332159 0)
(1.97936 0.0329147 0)
(1.98298 0.030646 0)
(1.98642 0.026067 0)
(1.98909 0.0247398 0)
(1.99225 0.0235998 0)
(1.9965 0.0189852 0)
(1.99905 0.015763 0)
(2.00169 0.015322 0)
(2.00542 0.0123187 0)
(2.00869 0.00721871 0)
(2.01092 0.00549673 0)
(2.01313 0.00484678 0)
(2.0166 0.00101655 0)
(2.01917 -0.00371993 0)
(2.02123 -0.00493744 0)
(2.02286 -0.00594431 0)
(2.02588 -0.0102377 0)
(2.02782 -0.0128427 0)
(2.02962 -0.0142772 0)
(2.03246 -0.0186219 0)
(2.03403 -0.0210534 0)
(2.03573 -0.0226663 0)
(2.03836 -0.026905 0)
(2.03975 -0.0290701 0)
(2.04113 -0.0310206 0)
(2 -3.15719e-15 0)
(2 -1.81351e-15 0)
(2 -1.57778e-15 0)
(2 -1.02687e-15 0)
(2 -9.38707e-16 0)
(2 -2.36025e-15 0)
(2 -2.23773e-15 0)
(2 -1.13321e-15 0)
(2 7.72441e-16 0)
(2 6.46667e-16 0)
(2 4.92222e-18 0)
(2 -2.23397e-15 0)
(2 -4.08515e-15 0)
(2 -5.17495e-15 0)
(2 -5.1341e-15 0)
(2 -3.99666e-15 0)
(2 -3.01265e-15 0)
(2 -3.11188e-15 0)
(2 -3.14773e-15 0)
(2 -3.23962e-15 0)
(2 -2.78723e-15 0)
(2 -2.43531e-15 0)
(2 1.21655e-16 0)
(2 3.75419e-14 0)
(2 1.02139e-12 0)
(2 2.21219e-11 0)
(2 3.53719e-10 0)
(2 4.45599e-09 0)
(2 4.51336e-08 0)
(2 3.55415e-07 0)
(2 2.23521e-06 0)
(1.99999 1.17765e-05 0)
(1.99996 5.01147e-05 0)
(1.99987 0.000175493 0)
(1.99962 0.000534648 0)
(1.99905 0.00139876 0)
(1.99796 0.0029616 0)
(1.99577 0.00617185 0)
(1.99303 0.0104863 0)
(1.98845 0.017155 0)
(1.98237 0.0260771 0)
(1.97839 0.0312068 0)
(1.97091 0.0411085 0)
(1.96068 0.0561642 0)
(1.95426 0.0611229 0)
(1.95066 0.062648 0)
(1.94418 0.0690438 0)
(1.94136 0.0708649 0)
(1.93911 0.0729448 0)
(1.93892 0.0739394 0)
(1.93953 0.073502 0)
(1.94084 0.0719626 0)
(1.94286 0.0697481 0)
(1.9456 0.0668368 0)
(1.94843 0.0642619 0)
(1.95171 0.0605431 0)
(1.95489 0.0569489 0)
(1.95789 0.0550078 0)
(1.96147 0.051092 0)
(1.9642 0.0479633 0)
(1.96691 0.0471161 0)
(1.97062 0.0439151 0)
(1.9735 0.0399537 0)
(1.97615 0.0393222 0)
(1.97924 0.0379141 0)
(1.98292 0.0333456 0)
(1.98555 0.0310467 0)
(1.9883 0.0306458 0)
(1.9922 0.026976 0)
(1.99529 0.0223493 0)
(1.99802 0.0213769 0)
(2.0009 0.0196264 0)
(2.00464 0.0145725 0)
(2.00713 0.0115249 0)
(2.00934 0.0106071 0)
(2.01267 0.00699925 0)
(2.01524 0.00279733 0)
(2.017 0.00168104 0)
(2.01946 -0.000973902 0)
(2.02246 -0.00583112 0)
(2.0242 -0.00799624 0)
(2.0256 -0.00879656 0)
(2.02863 -0.0128285 0)
(2.03054 -0.0165647 0)
(2.03221 -0.0182508 0)
(2.0348 -0.0217935 0)
(2.03627 -0.0240593 0)
(2.03769 -0.0260415 0)
(2 2.9982e-17 0)
(2 2.97216e-15 0)
(2 3.65593e-15 0)
(2 2.47372e-15 0)
(2 -3.2702e-16 0)
(2 -1.49529e-15 0)
(2 -1.20789e-15 0)
(2 -1.63961e-15 0)
(2 -3.74138e-15 0)
(2 -5.1199e-15 0)
(2 -5.04485e-15 0)
(2 -4.14818e-15 0)
(2 -2.7149e-15 0)
(2 -8.36162e-16 0)
(2 -5.28829e-16 0)
(2 -7.13528e-16 0)
(2 3.23668e-16 0)
(2 1.49151e-15 0)
(2 1.59437e-15 0)
(2 1.11782e-15 0)
(2 4.53756e-16 0)
(2 -1.58668e-15 0)
(2 -3.07832e-15 0)
(2 -1.94092e-15 0)
(2 -1.37187e-15 0)
(2 1.34087e-14 0)
(2 4.92628e-13 0)
(2 1.12909e-11 0)
(2 1.96779e-10 0)
(2 2.58135e-09 0)
(2 2.7463e-08 0)
(2 2.32265e-07 0)
(2 1.55604e-06 0)
(1.99999 8.45248e-06 0)
(1.99997 3.86743e-05 0)
(1.9999 0.000143321 0)
(1.99968 0.00044233 0)
(1.99914 0.00124235 0)
(1.99811 0.00280402 0)
(1.9961 0.00560422 0)
(1.99264 0.0108658 0)
(1.98876 0.0167817 0)
(1.98124 0.0274212 0)
(1.9743 0.036923 0)
(1.97032 0.042143 0)
(1.95927 0.0565572 0)
(1.9505 0.0689336 0)
(1.94625 0.0698973 0)
(1.94312 0.0726461 0)
(1.9406 0.0749574 0)
(1.93939 0.0765606 0)
(1.93953 0.0775821 0)
(1.94056 0.0772034 0)
(1.94224 0.0760278 0)
(1.94461 0.0736048 0)
(1.94721 0.0708603 0)
(1.95035 0.0672814 0)
(1.95345 0.0644228 0)
(1.9568 0.0613075 0)
(1.9605 0.0566227 0)
(1.96335 0.0548011 0)
(1.96651 0.0526524 0)
(1.97017 0.0478056 0)
(1.97281 0.0459564 0)
(1.97573 0.044782 0)
(1.97964 0.0403208 0)
(1.98219 0.0374934 0)
(1.98482 0.0369681 0)
(1.98878 0.0333987 0)
(1.99154 0.0292859 0)
(1.99381 0.0286649 0)
(1.99732 0.0259802 0)
(2.00085 0.0206207 0)
(2.00281 0.0190591 0)
(2.005 0.0178752 0)
(2.0092 0.012812 0)
(2.01131 0.00881963 0)
(2.0129 0.00852545 0)
(2.01557 0.005914 0)
(2.01867 0.000610739 0)
(2.0203 -0.00177941 0)
(2.02186 -0.00283161 0)
(2.02474 -0.00669754 0)
(2.02669 -0.0104582 0)
(2.02803 -0.0119916 0)
(2.03044 -0.0151848 0)
(2.03246 -0.0184277 0)
(2.03378 -0.0199711 0)
(2 1.02406e-15 0)
(2 1.63569e-15 0)
(2 1.89469e-15 0)
(2 1.66674e-15 0)
(2 1.78778e-16 0)
(2 -8.61408e-16 0)
(2 -1.25659e-15 0)
(2 -1.56472e-15 0)
(2 -2.30359e-15 0)
(2 -2.5384e-15 0)
(2 -2.14657e-15 0)
(2 -1.28166e-15 0)
(2 -2.70799e-16 0)
(2 6.45218e-16 0)
(2 1.8689e-15 0)
(2 2.33021e-15 0)
(2 2.03779e-15 0)
(2 1.82709e-15 0)
(2 9.61839e-16 0)
(2 6.42423e-16 0)
(2 4.04792e-16 0)
(2 1.066e-15 0)
(2 1.46025e-15 0)
(2 1.02674e-15 0)
(2 -3.81588e-16 0)
(2 -5.86908e-16 0)
(2 4.38899e-15 0)
(2 1.67011e-14 0)
(2 2.56853e-13 0)
(2 5.67787e-12 0)
(2 1.05282e-10 0)
(2 1.47877e-09 0)
(2 1.63172e-08 0)
(2 1.46879e-07 0)
(2 1.04972e-06 0)
(2 6.01512e-06 0)
(1.99998 2.85702e-05 0)
(1.99992 0.000114468 0)
(1.99974 0.000368348 0)
(1.99926 0.00104793 0)
(1.99819 0.0026618 0)
(1.99638 0.00527383 0)
(1.99256 0.0106268 0)
(1.98775 0.0178097 0)
(1.98148 0.026962 0)
(1.97106 0.0420227 0)
(1.96492 0.0486495 0)
(1.96036 0.0556278 0)
(1.95003 0.0693695 0)
(1.94402 0.076273 0)
(1.94134 0.07697 0)
(1.94099 0.0784235 0)
(1.94074 0.0794353 0)
(1.94095 0.0801571 0)
(1.94196 0.0801758 0)
(1.94374 0.0791694 0)
(1.94609 0.0772134 0)
(1.94918 0.0740393 0)
(1.95235 0.0710334 0)
(1.95577 0.0674134 0)
(1.95918 0.0637024 0)
(1.96236 0.061231 0)
(1.96613 0.0568175 0)
(1.96902 0.053729 0)
(1.97177 0.0526127 0)
(1.97571 0.0485589 0)
(1.97856 0.0446286 0)
(1.98116 0.0439667 0)
(1.98459 0.0413003 0)
(1.98796 0.0362616 0)
(1.9904 0.0345922 0)
(1.99298 0.0335619 0)
(1.99668 0.0288741 0)
(1.99903 0.0252841 0)
(2.00123 0.0247435 0)
(2.00438 0.02144 0)
(2.00713 0.0163843 0)
(2.00899 0.0151446 0)
(2.01162 0.0127445 0)
(2.0146 0.00759396 0)
(2.01603 0.00568749 0)
(2.01796 0.00369108 0)
(2.02102 -0.000905276 0)
(2.0227 -0.00377346 0)
(2.02438 -0.00577219 0)
(2.02672 -0.00922985 0)
(2.0286 -0.0123934 0)
(2.03017 -0.0144939 0)
(2 -1.65177e-15 0)
(2 -1.53508e-15 0)
(2 -1.66582e-15 0)
(2 -1.56726e-15 0)
(2 -1.48127e-15 0)
(2 -1.56343e-15 0)
(2 -2.25837e-15 0)
(2 -1.76751e-15 0)
(2 -6.02614e-16 0)
(2 6.99818e-16 0)
(2 1.92901e-15 0)
(2 2.87966e-15 0)
(2 4.75722e-15 0)
(2 5.03495e-15 0)
(2 5.23283e-15 0)
(2 5.15157e-15 0)
(2 5.25079e-15 0)
(2 5.5695e-15 0)
(2 5.81858e-15 0)
(2 6.09874e-15 0)
(2 5.71333e-15 0)
(2 5.06778e-15 0)
(2 5.15066e-15 0)
(2 4.46501e-15 0)
(2 1.26209e-15 0)
(2 8.29711e-16 0)
(2 9.59746e-16 0)
(2 1.15754e-15 0)
(2 9.36101e-16 0)
(2 3.09809e-15 0)
(2 1.14426e-13 0)
(2 2.7645e-12 0)
(2 5.30029e-11 0)
(2 8.10492e-10 0)
(2 9.45686e-09 0)
(2 8.89945e-08 0)
(2 6.83089e-07 0)
(2 4.18223e-06 0)
(1.99998 2.07688e-05 0)
(1.99994 8.80442e-05 0)
(1.99978 0.000310913 0)
(1.99936 0.000890107 0)
(1.99828 0.00242529 0)
(1.99635 0.00531569 0)
(1.99278 0.0101591 0)
(1.9864 0.0192405 0)
(1.98057 0.027771 0)
(1.97053 0.0425008 0)
(1.96034 0.0576493 0)
(1.95631 0.0605298 0)
(1.95263 0.0667698 0)
(1.94572 0.0766293 0)
(1.94265 0.0799866 0)
(1.94164 0.0801563 0)
(1.94202 0.081161 0)
(1.94317 0.0820055 0)
(1.94399 0.0818568 0)
(1.94566 0.0812767 0)
(1.94809 0.0797204 0)
(1.95101 0.0772344 0)
(1.95439 0.0737264 0)
(1.95771 0.0706197 0)
(1.96127 0.0670611 0)
(1.96495 0.0625137 0)
(1.96787 0.060466 0)
(1.97141 0.0572623 0)
(1.97491 0.0523165 0)
(1.9775 0.0508951 0)
(1.98044 0.049058 0)
(1.98412 0.0440824 0)
(1.98654 0.041767 0)
(1.98902 0.0406615 0)
(1.9928 0.0362669 0)
(1.99518 0.0327041 0)
(1.9973 0.0318878 0)
(2.00069 0.0284192 0)
(2.00319 0.0238137 0)
(2.0049 0.0227402 0)
(2.00738 0.020534 0)
(2.01044 0.0152417 0)
(2.01188 0.0129497 0)
(2.01325 0.0119478 0)
(2.01668 0.00711918 0)
(2.01853 0.00294418 0)
(2.0199 0.00208542 0)
(2.02236 -0.00106754 0)
(2.02439 -0.00465003 0)
(2.0263 -0.0075612 0)
(2 1.64826e-15 0)
(2 8.77378e-17 0)
(2 8.07331e-17 0)
(2 3.20188e-16 0)
(2 1.76357e-15 0)
(2 3.15208e-15 0)
(2 2.45914e-15 0)
(2 1.31924e-15 0)
(2 1.13823e-15 0)
(2 9.43239e-16 0)
(2 1.62505e-15 0)
(2 2.65481e-15 0)
(2 3.49425e-15 0)
(2 5.03122e-15 0)
(2 5.09432e-15 0)
(2 4.50388e-15 0)
(2 5.36277e-15 0)
(2 6.47236e-15 0)
(2 7.13667e-15 0)
(2 6.59275e-15 0)
(2 6.02309e-15 0)
(2 5.23976e-15 0)
(2 4.35638e-15 0)
(2 4.05903e-15 0)
(2 3.29317e-15 0)
(2 2.82433e-15 0)
(2 1.77164e-15 0)
(2 1.29747e-15 0)
(2 -3.3417e-16 0)
(2 -1.86685e-15 0)
(2 -3.33641e-15 0)
(2 -3.13872e-15 0)
(2 4.42178e-14 0)
(2 1.28755e-12 0)
(2 2.56011e-11 0)
(2 4.174e-10 0)
(2 5.31011e-09 0)
(2 5.27287e-08 0)
(2 4.31228e-07 0)
(2 2.8577e-06 0)
(1.99999 1.53155e-05 0)
(1.99995 6.76017e-05 0)
(1.99981 0.00026045 0)
(1.99942 0.000810897 0)
(1.99842 0.00216365 0)
(1.99613 0.00544672 0)
(1.99268 0.0104018 0)
(1.98595 0.0195439 0)
(1.97798 0.0309633 0)
(1.97146 0.0410092 0)
(1.95991 0.0597551 0)
(1.95254 0.0703574 0)
(1.95071 0.0704553 0)
(1.94831 0.0746523 0)
(1.94515 0.079543 0)
(1.94445 0.0816705 0)
(1.94474 0.0820245 0)
(1.94548 0.0822961 0)
(1.9467 0.0827367 0)
(1.94827 0.0821718 0)
(1.95034 0.081082 0)
(1.95317 0.0790967 0)
(1.95642 0.0763778 0)
(1.95984 0.0728569 0)
(1.96323 0.069455 0)
(1.96671 0.066315 0)
(1.97048 0.0617026 0)
(1.97332 0.0590346 0)
(1.97647 0.0566323 0)
(1.98032 0.0516179 0)
(1.98269 0.0489866 0)
(1.98508 0.0480707 0)
(1.98885 0.0439784 0)
(1.99131 0.0400014 0)
(1.99339 0.0392811 0)
(1.99629 0.0366772 0)
(1.99932 0.0315894 0)
(2.00115 0.029666 0)
(2.00311 0.0284151 0)
(2.00623 0.0238558 0)
(2.00797 0.0204109 0)
(2.00946 0.0194005 0)
(2.01219 0.0156444 0)
(2.01407 0.0114964 0)
(2.01547 0.0102277 0)
(2.01823 0.00679364 0)
(2.02055 0.00218015 0)
(2.02187 0.000688023 0)
(2 -3.0303e-15 0)
(2 -5.27708e-15 0)
(2 -5.15164e-15 0)
(2 -4.41164e-15 0)
(2 -1.97634e-15 0)
(2 6.12954e-16 0)
(2 1.00448e-15 0)
(2 -3.67493e-16 0)
(2 -8.90967e-16 0)
(2 -1.70485e-15 0)
(2 -1.017e-15 0)
(2 -1.13166e-16 0)
(2 -4.0929e-16 0)
(2 4.65244e-16 0)
(2 3.31274e-16 0)
(2 5.48709e-16 0)
(2 4.86528e-16 0)
(2 5.15249e-16 0)
(2 1.14205e-15 0)
(2 5.1281e-16 0)
(2 1.43531e-16 0)
(2 3.54314e-16 0)
(2 1.00029e-16 0)
(2 1.16251e-16 0)
(2 -2.63675e-17 0)
(2 -9.97056e-16 0)
(2 -1.31909e-15 0)
(2 -3.30683e-15 0)
(2 -4.84471e-15 0)
(2 -6.26855e-15 0)
(2 -8.5981e-15 0)
(2 -9.24577e-15 0)
(2 -7.77165e-15 0)
(2 -4.16438e-15 0)
(2 1.55746e-14 0)
(2 5.64539e-13 0)
(2 1.21926e-11 0)
(2 2.08434e-10 0)
(2 2.92556e-09 0)
(2 3.16786e-08 0)
(2 2.75459e-07 0)
(2 1.98845e-06 0)
(1.99999 1.16039e-05 0)
(1.99996 5.50912e-05 0)
(1.99983 0.000220961 0)
(1.99944 0.000769636 0)
(1.99847 0.00209453 0)
(1.9961 0.00527167 0)
(1.99195 0.0113747 0)
(1.9862 0.0194474 0)
(1.97651 0.0337171 0)
(1.96988 0.0431591 0)
(1.96289 0.0547142 0)
(1.95343 0.0722531 0)
(1.94865 0.0780881 0)
(1.94832 0.0775383 0)
(1.94789 0.0793402 0)
(1.94699 0.0809903 0)
(1.94781 0.082263 0)
(1.94829 0.0827134 0)
(1.94951 0.0828358 0)
(1.95128 0.0825797 0)
(1.95339 0.0815745 0)
(1.95575 0.0800236 0)
(1.95862 0.0777322 0)
(1.96183 0.0749733 0)
(1.96539 0.0713467 0)
(1.96882 0.0675314 0)
(1.97172 0.0653075 0)
(1.97544 0.0611386 0)
(1.97869 0.0566111 0)
(1.98121 0.055313 0)
(1.98455 0.0521546 0)
(1.98768 0.0472238 0)
(1.98983 0.0458539 0)
(1.99239 0.0440216 0)
(1.99546 0.0393883 0)
(1.99722 0.0372959 0)
(1.99919 0.035941 0)
(2.00233 0.0316553 0)
(2.00398 0.0284947 0)
(2.00537 0.0276306 0)
(2.00811 0.024127 0)
(2.01018 0.0194889 0)
(2.01157 0.0182388 0)
(2.0135 0.0162334 0)
(2.01603 0.0118972 0)
(2.01777 0.00871156 0)
(2 -3.84334e-16 0)
(2 -1.87263e-15 0)
(2 -2.759e-15 0)
(2 -2.33175e-15 0)
(2 -1.84839e-15 0)
(2 -3.04103e-15 0)
(2 -2.11301e-15 0)
(2 -1.96089e-15 0)
(2 -1.07545e-15 0)
(2 -2.26361e-15 0)
(2 -1.73749e-15 0)
(2 -1.29649e-15 0)
(2 -2.36843e-15 0)
(2 -2.47858e-15 0)
(2 -1.77413e-15 0)
(2 1.69951e-16 0)
(2 7.33901e-18 0)
(2 -1.7876e-15 0)
(2 -2.79946e-15 0)
(2 -3.34659e-15 0)
(2 -2.28962e-15 0)
(2 -2.5496e-15 0)
(2 -2.85088e-15 0)
(2 -3.9632e-15 0)
(2 -4.07811e-15 0)
(2 -4.71779e-15 0)
(2 -5.42735e-15 0)
(2 -6.05264e-15 0)
(2 -6.31095e-15 0)
(2 -6.80235e-15 0)
(2 -7.00379e-15 0)
(2 -6.52977e-15 0)
(2 -4.75184e-15 0)
(2 -4.67624e-15 0)
(2 -4.17913e-15 0)
(2 -4.72338e-15 0)
(2 -1.19513e-16 0)
(2 2.32066e-13 0)
(2 5.9286e-12 0)
(2 1.09439e-10 0)
(2 1.65562e-09 0)
(2 2.01044e-08 0)
(2 1.89522e-07 0)
(2 1.46209e-06 0)
(1.99999 9.35879e-06 0)
(1.99996 4.7834e-05 0)
(1.99985 0.000201997 0)
(1.99945 0.000722557 0)
(1.99841 0.0021908 0)
(1.99621 0.0051568 0)
(1.99152 0.0117285 0)
(1.98578 0.0204866 0)
(1.97713 0.0330295 0)
(1.96783 0.0480833 0)
(1.96439 0.0538259 0)
(1.95786 0.0650193 0)
(1.95121 0.0782976 0)
(1.94847 0.0817709 0)
(1.94816 0.0811621 0)
(1.94974 0.0813514 0)
(1.95031 0.0820018 0)
(1.95122 0.0823119 0)
(1.95261 0.0824195 0)
(1.95428 0.0823862 0)
(1.95623 0.0816266 0)
(1.95858 0.080195 0)
(1.96122 0.0783021 0)
(1.96418 0.075826 0)
(1.96739 0.0728371 0)
(1.97069 0.0696241 0)
(1.97405 0.0655961 0)
(1.97689 0.0630741 0)
(1.98005 0.0602756 0)
(1.98353 0.0554461 0)
(1.98581 0.0532402 0)
(1.98834 0.0514502 0)
(1.99178 0.0468126 0)
(1.99369 0.0440106 0)
(1.99544 0.0431485 0)
(1.99838 0.0396063 0)
(2.00036 0.0358337 0)
(2.00186 0.0349784 0)
(2.00408 0.0325663 0)
(2.00637 0.0280575 0)
(2.00765 0.0264567 0)
(2.00957 0.0244473 0)
(2.01222 0.0198443 0)
(2.0135 0.0176145 0)
(2 3.31171e-15 0)
(2 2.81786e-15 0)
(2 3.00843e-15 0)
(2 2.73579e-15 0)
(2 9.05295e-16 0)
(2 -2.4308e-15 0)
(2 -5.81799e-15 0)
(2 -7.96461e-15 0)
(2 -7.49381e-15 0)
(2 -5.92565e-15 0)
(2 -4.59346e-15 0)
(2 -3.44914e-15 0)
(2 -2.94006e-15 0)
(2 -2.91411e-15 0)
(2 -2.27835e-15 0)
(2 -1.47606e-15 0)
(2 6.7972e-16 0)
(2 1.8332e-15 0)
(2 7.42587e-16 0)
(2 -4.75859e-16 0)
(2 -8.28625e-16 0)
(2 -1.83441e-15 0)
(2 -2.69718e-15 0)
(2 -3.73548e-15 0)
(2 -4.54512e-15 0)
(2 -3.86629e-15 0)
(2 -4.66756e-15 0)
(2 -5.22058e-15 0)
(2 -5.70168e-15 0)
(2 -4.19688e-15 0)
(2 -2.97445e-15 0)
(2 -1.2443e-15 0)
(2 -1.09787e-15 0)
(2 -1.8225e-15 0)
(2 -2.7847e-15 0)
(2 -4.40835e-15 0)
(2 -5.08025e-15 0)
(2 -4.88324e-15 0)
(2 -2.99456e-15 0)
(2 1.0523e-13 0)
(2 3.11638e-12 0)
(2 6.45691e-11 0)
(2 1.04684e-09 0)
(2 1.38591e-08 0)
(2 1.45156e-07 0)
(2 1.18141e-06 0)
(1.99999 8.05396e-06 0)
(1.99997 4.38805e-05 0)
(1.99985 0.000195207 0)
(1.99947 0.000700435 0)
(1.99838 0.0021819 0)
(1.99614 0.00541066 0)
(1.99187 0.0112925 0)
(1.98515 0.0213676 0)
(1.97873 0.032106 0)
(1.96859 0.048295 0)
(1.96213 0.0587482 0)
(1.96164 0.0620271 0)
(1.95654 0.0703026 0)
(1.95213 0.0798777 0)
(1.95073 0.0823078 0)
(1.95091 0.0820939 0)
(1.95302 0.0823729 0)
(1.95426 0.0817472 0)
(1.95544 0.0815351 0)
(1.95711 0.0813729 0)
(1.95912 0.0809971 0)
(1.96139 0.0798773 0)
(1.9639 0.0782627 0)
(1.96666 0.076247 0)
(1.96963 0.0734308 0)
(1.97263 0.07036 0)
(1.97557 0.0679043 0)
(1.97901 0.0639147 0)
(1.9818 0.0603771 0)
(1.98419 0.0588027 0)
(1.98748 0.0550177 0)
(1.98995 0.0512006 0)
(1.99183 0.0499393 0)
(1.99462 0.0468856 0)
(1.99686 0.0429986 0)
(1.99841 0.0419593 0)
(2.00045 0.0400852 0)
(2.00293 0.0358137 0)
(2.00418 0.0337725 0)
(2.00569 0.032514 0)
(2.00824 0.0286323 0)
(2.00961 0.0259258 0)
(2 -1.42392e-15 0)
(2 -9.6453e-16 0)
(2 -8.48305e-16 0)
(2 -2.10147e-15 0)
(2 -3.14732e-15 0)
(2 -3.07112e-15 0)
(2 -4.24678e-15 0)
(2 -6.96227e-15 0)
(2 -7.27037e-15 0)
(2 -6.76053e-15 0)
(2 -5.56821e-15 0)
(2 -4.18559e-15 0)
(2 -2.33742e-15 0)
(2 -2.50633e-15 0)
(2 -1.90032e-15 0)
(2 -1.66955e-15 0)
(2 -2.63635e-15 0)
(2 -2.2446e-15 0)
(2 -2.30469e-15 0)
(2 -2.71933e-15 0)
(2 -4.27294e-15 0)
(2 -3.85834e-15 0)
(2 -4.27278e-15 0)
(2 -4.57391e-15 0)
(2 -4.67987e-15 0)
(2 -5.14279e-15 0)
(2 -4.79866e-15 0)
(2 -2.99611e-15 0)
(2 -1.91894e-15 0)
(2 -5.10838e-16 0)
(2 -6.45367e-17 0)
(2 8.79407e-16 0)
(2 4.46107e-16 0)
(2 2.26906e-16 0)
(2 -7.69165e-16 0)
(2 -2.3852e-15 0)
(2 -2.84545e-15 0)
(2 -4.51518e-15 0)
(2 -4.20849e-15 0)
(2 -3.9987e-16 0)
(2 -6.43783e-17 0)
(2 5.97995e-14 0)
(2 1.87426e-12 0)
(2 4.39485e-11 0)
(2 7.63478e-10 0)
(2 1.06691e-08 0)
(2 1.19906e-07 0)
(2 1.04516e-06 0)
(1.99999 7.271e-06 0)
(1.99997 4.12904e-05 0)
(1.99985 0.00018862 0)
(1.99948 0.000695836 0)
(1.99844 0.00210242 0)
(1.99611 0.00548879 0)
(1.99231 0.0111025 0)
(1.98586 0.0206017 0)
(1.97894 0.0316928 0)
(1.97241 0.0441409 0)
(1.96343 0.0607627 0)
(1.95965 0.0661376 0)
(1.95985 0.0676465 0)
(1.95785 0.0727717 0)
(1.95568 0.0786835 0)
(1.9546 0.0812499 0)
(1.95524 0.0810895 0)
(1.95702 0.0810182 0)
(1.95864 0.0806778 0)
(1.96019 0.0800355 0)
(1.96206 0.0795729 0)
(1.96414 0.078934 0)
(1.96653 0.0774904 0)
(1.96901 0.0756666 0)
(1.97176 0.0738483 0)
(1.97468 0.0712573 0)
(1.97759 0.0677978 0)
(1.98022 0.06537 0)
(1.98318 0.0624659 0)
(1.98611 0.0584216 0)
(1.9882 0.0565116 0)
(1.99063 0.0541819 0)
(1.99338 0.0500222 0)
(1.99509 0.0482258 0)
(1.9969 0.0469249 0)
(1.99951 0.0431555 0)
(2.0009 0.0405472 0)
(2.00219 0.0396128 0)
(2.00463 0.0363769 0)
(2.00619 0.0331501 0)
(2 -1.45957e-15 0)
(2 -1.27595e-15 0)
(2 -1.6864e-15 0)
(2 -2.266e-15 0)
(2 -2.80321e-15 0)
(2 -3.24281e-15 0)
(2 -4.08816e-15 0)
(2 -4.57027e-15 0)
(2 -6.15101e-15 0)
(2 -7.18896e-15 0)
(2 -6.25194e-15 0)
(2 -4.27015e-15 0)
(2 -2.32553e-15 0)
(2 -3.71106e-16 0)
(2 -1.35975e-17 0)
(2 9.94452e-17 0)
(2 -1.30605e-15 0)
(2 -3.3473e-15 0)
(2 -4.71578e-15 0)
(2 -6.59794e-15 0)
(2 -7.73453e-15 0)
(2 -7.67973e-15 0)
(2 -7.90503e-15 0)
(2 -7.11485e-15 0)
(2 -6.3019e-15 0)
(2 -6.81297e-15 0)
(2 -5.88203e-15 0)
(2 -5.31919e-15 0)
(2 -4.60986e-15 0)
(2 -4.12016e-15 0)
(2 -3.3802e-15 0)
(2 -2.54987e-15 0)
(2 -1.86582e-15 0)
(2 -1.66418e-15 0)
(2 -1.58813e-15 0)
(2 -2.8689e-15 0)
(2 -3.74151e-15 0)
(2 -4.7515e-15 0)
(2 -2.36785e-15 0)
(2 -2.53248e-15 0)
(2 -1.74313e-15 0)
(2 -4.98156e-16 0)
(2 6.67943e-16 0)
(2 4.50613e-14 0)
(2 1.33535e-12 0)
(2 3.29387e-11 0)
(2 6.21009e-10 0)
(2 8.87879e-09 0)
(2 1.03412e-07 0)
(2 9.38427e-07 0)
(1.99999 6.74611e-06 0)
(1.99997 3.85409e-05 0)
(1.99986 0.000178335 0)
(1.99951 0.000665329 0)
(1.99855 0.00201131 0)
(1.9964 0.00507465 0)
(1.99258 0.0110447 0)
(1.98733 0.0192129 0)
(1.98026 0.0305986 0)
(1.97433 0.0409971 0)
(1.96799 0.0538518 0)
(1.96184 0.0683256 0)
(1.95943 0.0711865 0)
(1.95997 0.0707805 0)
(1.96011 0.0735444 0)
(1.95995 0.0770501 0)
(1.9593 0.0790801 0)
(1.95978 0.0791867 0)
(1.96159 0.0788726 0)
(1.96346 0.0782841 0)
(1.96513 0.077652 0)
(1.96702 0.0770115 0)
(1.96904 0.0762564 0)
(1.97141 0.0748353 0)
(1.97399 0.0726931 0)
(1.97652 0.0707895 0)
(1.97922 0.0687555 0)
(1.98217 0.0654112 0)
(1.9846 0.0625804 0)
(1.98687 0.0606295 0)
(1.98968 0.0570297 0)
(1.99172 0.0542356 0)
(1.99352 0.0530515 0)
(1.99605 0.0499601 0)
(1.99779 0.0467989 0)
(1.99911 0.0457118 0)
(2.00117 0.0432732 0)
(2.00296 0.0399925 0)
(2 -7.3696e-16 0)
(2 -5.11755e-16 0)
(2 -9.25047e-16 0)
(2 -9.91473e-16 0)
(2 -2.35344e-15 0)
(2 -3.25033e-15 0)
(2 -2.61575e-15 0)
(2 -1.00659e-15 0)
(2 -7.74081e-16 0)
(2 -8.99835e-16 0)
(2 -1.24117e-15 0)
(2 -1.68701e-15 0)
(2 -8.37985e-16 0)
(2 9.3328e-17 0)
(2 -1.38003e-15 0)
(2 -1.24693e-15 0)
(2 -9.3417e-16 0)
(2 -1.23663e-15 0)
(2 -2.72481e-15 0)
(2 -4.08882e-15 0)
(2 -5.66735e-15 0)
(2 -6.29392e-15 0)
(2 -5.77302e-15 0)
(2 -5.43396e-15 0)
(2 -6.02567e-15 0)
(2 -6.46856e-15 0)
(2 -6.25956e-15 0)
(2 -5.36722e-15 0)
(2 -4.56053e-15 0)
(2 -4.56524e-15 0)
(2 -4.20479e-15 0)
(2 -4.05155e-15 0)
(2 -3.61722e-15 0)
(2 -3.5338e-15 0)
(2 -3.81831e-15 0)
(2 -3.5613e-15 0)
(2 -3.21929e-15 0)
(2 -2.90767e-15 0)
(2 -2.33036e-15 0)
(2 -2.04979e-15 0)
(2 -6.15207e-16 0)
(2 4.8872e-16 0)
(2 1.35811e-15 0)
(2 1.5887e-15 0)
(2 2.48591e-15 0)
(2 3.46899e-14 0)
(2 1.06415e-12 0)
(2 2.55711e-11 0)
(2 5.12937e-10 0)
(2 7.53835e-09 0)
(2 8.89326e-08 0)
(2 8.19746e-07 0)
(2 6.01916e-06 0)
(1.99997 3.45996e-05 0)
(1.99988 0.000160557 0)
(1.99955 0.000610939 0)
(1.99872 0.00181413 0)
(1.99678 0.00469975 0)
(1.99354 0.00963172 0)
(1.98826 0.0184512 0)
(1.98264 0.027884 0)
(1.97627 0.0394334 0)
(1.97218 0.047776 0)
(1.96611 0.0599503 0)
(1.96233 0.0714947 0)
(1.96096 0.0740033 0)
(1.96176 0.0721786 0)
(1.96302 0.0731396 0)
(1.96388 0.0751522 0)
(1.96408 0.0762939 0)
(1.96476 0.0765279 0)
(1.96626 0.0762147 0)
(1.96821 0.0753671 0)
(1.97005 0.0745581 0)
(1.97195 0.0736862 0)
(1.97393 0.0727351 0)
(1.97604 0.0715746 0)
(1.97866 0.0694582 0)
(1.9811 0.0672876 0)
(1.98343 0.0656997 0)
(1.98607 0.0630851 0)
(1.98845 0.059858 0)
(1.99031 0.0583337 0)
(1.99253 0.0560886 0)
(1.99468 0.0527942 0)
(1.99605 0.0513552 0)
(1.99785 0.0493887 0)
(1.99989 0.0461252 0)
(2 -2.24416e-15 0)
(2 -2.71284e-15 0)
(2 -2.92718e-15 0)
(2 -3.16429e-15 0)
(2 -3.73363e-15 0)
(2 -3.23423e-15 0)
(2 -2.15748e-15 0)
(2 -1.19407e-15 0)
(2 -1.0108e-15 0)
(2 -1.68101e-15 0)
(2 -3.88487e-15 0)
(2 -4.61209e-15 0)
(2 -4.14937e-15 0)
(2 -3.87336e-15 0)
(2 -5.0783e-15 0)
(2 -6.67983e-15 0)
(2 -5.73251e-15 0)
(2 -5.3178e-15 0)
(2 -4.27646e-15 0)
(2 -2.3247e-15 0)
(2 -1.60422e-15 0)
(2 -2.11742e-15 0)
(2 -2.61788e-15 0)
(2 -3.19045e-15 0)
(2 -3.88785e-15 0)
(2 -3.61741e-15 0)
(2 -3.53381e-15 0)
(2 -3.23903e-15 0)
(2 -2.4118e-15 0)
(2 -2.70762e-15 0)
(2 -2.56876e-15 0)
(2 -2.35874e-15 0)
(2 -2.20862e-15 0)
(2 -2.03984e-15 0)
(2 -1.75176e-15 0)
(2 -3.72022e-16 0)
(2 1.7838e-16 0)
(2 -2.66009e-17 0)
(2 5.96438e-17 0)
(2 3.92429e-16 0)
(2 1.69593e-15 0)
(2 1.9498e-15 0)
(2 2.57289e-15 0)
(2 3.06361e-15 0)
(2 3.50489e-15 0)
(2 5.149e-15 0)
(2 7.22299e-15 0)
(2 2.99402e-14 0)
(2 8.14962e-13 0)
(2 2.0082e-11 0)
(2 3.93319e-10 0)
(2 6.11843e-09 0)
(2 7.15741e-08 0)
(2 6.84112e-07 0)
(2 4.94692e-06 0)
(1.99998 2.96605e-05 0)
(1.9999 0.000133934 0)
(1.99963 0.000518872 0)
(1.99892 0.00156357 0)
(1.99729 0.00404347 0)
(1.99454 0.00845914 0)
(1.99006 0.015791 0)
(1.98476 0.0253238 0)
(1.97877 0.036211 0)
(1.97446 0.0452805 0)
(1.9722 0.0520088 0)
(1.96669 0.0623066 0)
(1.96413 0.0719073 0)
(1.96358 0.0744847 0)
(1.9642 0.0724921 0)
(1.96668 0.0719872 0)
(1.96768 0.0726259 0)
(1.96858 0.0730925 0)
(1.96963 0.0732031 0)
(1.97114 0.0729992 0)
(1.97293 0.0720681 0)
(1.9748 0.0709109 0)
(1.97675 0.0697569 0)
(1.97873 0.0685935 0)
(1.98055 0.0676735 0)
(1.98281 0.0659729 0)
(1.9852 0.0635465 0)
(1.98717 0.0621231 0)
(1.98937 0.0605319 0)
(1.9918 0.057722 0)
(1.99336 0.0558693 0)
(1.99492 0.0542325 0)
(1.99697 0.0513205 0)
(2 -4.4553e-15 0)
(2 -6.165e-15 0)
(2 -6.29101e-15 0)
(2 -5.39296e-15 0)
(2 -4.68851e-15 0)
(2 -3.40897e-15 0)
(2 -2.41688e-15 0)
(2 -2.36319e-15 0)
(2 -2.6908e-15 0)
(2 -3.96911e-15 0)
(2 -4.72741e-15 0)
(2 -5.04236e-15 0)
(2 -5.70791e-15 0)
(2 -7.25201e-15 0)
(2 -7.72973e-15 0)
(2 -8.10316e-15 0)
(2 -7.23376e-15 0)
(2 -5.69876e-15 0)
(2 -2.76292e-15 0)
(2 -1.173e-15 0)
(2 2.28691e-17 0)
(2 -5.10908e-16 0)
(2 -8.27038e-16 0)
(2 -2.44442e-15 0)
(2 -3.10764e-15 0)
(2 -3.60255e-15 0)
(2 -3.3128e-15 0)
(2 -2.74788e-15 0)
(2 -3.149e-15 0)
(2 -3.56554e-15 0)
(2 -3.78512e-15 0)
(2 -3.45208e-15 0)
(2 -2.59779e-15 0)
(2 -8.07039e-16 0)
(2 2.36566e-16 0)
(2 -4.12699e-17 0)
(2 1.07983e-15 0)
(2 2.57623e-15 0)
(2 3.89635e-15 0)
(2 4.45998e-15 0)
(2 3.0888e-15 0)
(2 2.469e-15 0)
(2 3.14964e-15 0)
(2 3.2177e-15 0)
(2 2.56472e-15 0)
(2 1.78454e-15 0)
(2 4.36525e-16 0)
(2 -5.62407e-16 0)
(2 1.85325e-16 0)
(2 1.65199e-14 0)
(2 5.56928e-13 0)
(2 1.42048e-11 0)
(2 2.83569e-10 0)
(2 4.38028e-09 0)
(2 5.41058e-08 0)
(2 4.99884e-07 0)
(2 3.81795e-06 0)
(1.99998 2.23129e-05 0)
(1.99992 0.000106284 0)
(1.99971 0.000404758 0)
(1.99916 0.00124774 0)
(1.99784 0.00328333 0)
(1.99563 0.00693228 0)
(1.99189 0.0132515 0)
(1.98753 0.0212799 0)
(1.98205 0.0319165 0)
(1.97703 0.0416241 0)
(1.97398 0.0489454 0)
(1.97357 0.054006 0)
(1.96915 0.0619401 0)
(1.96697 0.0700121 0)
(1.9669 0.0728619 0)
(1.96741 0.0719548 0)
(1.97034 0.0702078 0)
(1.97153 0.0697511 0)
(1.97278 0.0694048 0)
(1.97423 0.069109 0)
(1.97582 0.0689929 0)
(1.9776 0.0681871 0)
(1.97931 0.0671103 0)
(1.98116 0.0657361 0)
(1.9831 0.0641701 0)
(1.98485 0.0630813 0)
(1.98667 0.0619851 0)
(1.98887 0.0599886 0)
(1.9906 0.058379 0)
(1.99221 0.0570934 0)
(1.9944 0.0547125 0)
(2 -5.85892e-16 0)
(2 -1.58995e-15 0)
(2 -2.69421e-15 0)
(2 -2.35858e-15 0)
(2 -1.60714e-15 0)
(2 -9.61094e-16 0)
(2 2.04295e-17 0)
(2 4.60426e-16 0)
(2 1.91246e-16 0)
(2 8.12935e-17 0)
(2 -1.99296e-16 0)
(2 -1.3047e-15 0)
(2 -3.90038e-15 0)
(2 -4.87172e-15 0)
(2 -4.50404e-15 0)
(2 -4.15582e-15 0)
(2 -2.49605e-15 0)
(2 -7.96168e-16 0)
(2 1.52458e-15 0)
(2 1.40319e-15 0)
(2 9.66808e-16 0)
(2 5.83097e-16 0)
(2 1.00838e-16 0)
(2 -3.18397e-16 0)
(2 -6.26511e-16 0)
(2 -8.25825e-16 0)
(2 -6.5948e-16 0)
(2 3.14906e-16 0)
(2 -9.67432e-17 0)
(2 4.45156e-16 0)
(2 8.79644e-16 0)
(2 1.25102e-15 0)
(2 1.16406e-15 0)
(2 1.49978e-15 0)
(2 9.41293e-16 0)
(2 8.49153e-16 0)
(2 1.53795e-15 0)
(2 2.34094e-15 0)
(2 3.02233e-15 0)
(2 3.64326e-15 0)
(2 3.683e-15 0)
(2 4.26433e-15 0)
(2 5.08701e-15 0)
(2 5.20992e-15 0)
(2 3.49482e-15 0)
(2 1.05341e-15 0)
(2 -2.10486e-17 0)
(2 -6.86923e-17 0)
(2 7.28387e-16 0)
(2 3.39743e-15 0)
(2 6.89425e-15 0)
(2 1.83454e-14 0)
(2 3.42015e-13 0)
(2 8.70745e-12 0)
(2 1.76211e-10 0)
(2 2.80204e-09 0)
(2 3.44579e-08 0)
(2 3.40596e-07 0)
(2 2.52557e-06 0)
(1.99999 1.5539e-05 0)
(1.99995 7.40043e-05 0)
(1.9998 0.000290427 0)
(1.99939 0.000921745 0)
(1.99842 0.00246763 0)
(1.99668 0.00542152 0)
(1.99381 0.0103751 0)
(1.99001 0.0173651 0)
(1.98568 0.0259637 0)
(1.98098 0.0363535 0)
(1.97698 0.0446647 0)
(1.97448 0.0510968 0)
(1.9753 0.0539911 0)
(1.97302 0.0598207 0)
(1.97077 0.0658644 0)
(1.97074 0.0695557 0)
(1.97108 0.0697717 0)
(1.97349 0.0684211 0)
(1.97537 0.0664915 0)
(1.9769 0.0655643 0)
(1.97844 0.0647622 0)
(1.98018 0.0642199 0)
(1.98184 0.0639244 0)
(1.98358 0.0628499 0)
(1.98522 0.0616042 0)
(1.98706 0.0599922 0)
(1.98876 0.0585012 0)
(1.99031 0.057354 0)
(1.99234 0.0555409 0)
(2 2.64716e-15 0)
(2 3.75611e-15 0)
(2 4.11106e-15 0)
(2 4.25652e-15 0)
(2 5.11335e-15 0)
(2 4.07672e-15 0)
(2 1.40777e-15 0)
(2 1.23492e-15 0)
(2 2.29905e-15 0)
(2 3.12595e-15 0)
(2 2.88199e-15 0)
(2 2.86953e-15 0)
(2 2.57044e-15 0)
(2 2.41122e-15 0)
(2 2.58658e-15 0)
(2 2.83846e-15 0)
(2 2.62882e-15 0)
(2 1.15461e-15 0)
(2 1.25897e-15 0)
(2 8.96919e-16 0)
(2 4.89138e-16 0)
(2 -2.15306e-16 0)
(2 -8.30311e-16 0)
(2 -2.86005e-17 0)
(2 9.16422e-16 0)
(2 1.26121e-15 0)
(2 1.26119e-15 0)
(2 1.28069e-15 0)
(2 1.98547e-15 0)
(2 2.93189e-15 0)
(2 2.769e-15 0)
(2 2.69757e-15 0)
(2 2.18698e-15 0)
(2 1.46097e-15 0)
(2 1.17514e-15 0)
(2 2.42609e-15 0)
(2 2.5532e-15 0)
(2 3.27362e-15 0)
(2 3.86297e-15 0)
(2 4.30894e-15 0)
(2 6.32736e-15 0)
(2 6.01194e-15 0)
(2 5.51881e-15 0)
(2 5.30009e-15 0)
(2 6.59263e-15 0)
(2 6.21946e-15 0)
(2 6.51711e-15 0)
(2 5.51548e-15 0)
(2 5.83705e-15 0)
(2 5.94157e-15 0)
(2 6.32276e-15 0)
(2 6.9793e-15 0)
(2 7.75572e-15 0)
(2 1.06908e-14 0)
(2 1.68924e-13 0)
(2 4.42679e-12 0)
(2 9.36557e-11 0)
(2 1.5131e-09 0)
(2 1.91709e-08 0)
(2 1.92279e-07 0)
(2 1.50569e-06 0)
(1.99999 9.36007e-06 0)
(1.99997 4.6886e-05 0)
(1.99987 0.00018591 0)
(1.9996 0.000618466 0)
(1.99894 0.00168581 0)
(1.99764 0.00393325 0)
(1.99554 0.00773661 0)
(1.99244 0.0135536 0)
(1.98933 0.0198777 0)
(1.9844 0.029796 0)
(1.98177 0.0375289 0)
(1.97794 0.0464708 0)
(1.97617 0.0512278 0)
(1.97643 0.052987 0)
(1.9766 0.0566506 0)
(1.97593 0.0605404 0)
(1.97481 0.0643026 0)
(1.97539 0.0657009 0)
(1.9765 0.0652982 0)
(1.9786 0.0642327 0)
(1.98076 0.0621447 0)
(1.98245 0.0607098 0)
(1.98409 0.0593377 0)
(1.98553 0.0583984 0)
(1.9873 0.0575664 0)
(1.98907 0.0568666 0)
(1.99074 0.0557432 0)
(2 7.11987e-16 0)
(2 1.22615e-15 0)
(2 1.47599e-15 0)
(2 2.25604e-15 0)
(2 3.43129e-15 0)
(2 4.3534e-15 0)
(2 4.39922e-15 0)
(2 4.713e-15 0)
(2 4.99133e-15 0)
(2 5.95824e-15 0)
(2 7.43589e-15 0)
(2 8.44152e-15 0)
(2 8.43589e-15 0)
(2 7.2698e-15 0)
(2 5.59891e-15 0)
(2 3.66203e-15 0)
(2 1.09681e-15 0)
(2 -1.71416e-15 0)
(2 -1.88951e-15 0)
(2 -6.95266e-16 0)
(2 1.16038e-15 0)
(2 2.33972e-15 0)
(2 3.65461e-15 0)
(2 3.66731e-15 0)
(2 3.57392e-15 0)
(2 3.41577e-15 0)
(2 2.7383e-15 0)
(2 2.41291e-15 0)
(2 3.1758e-15 0)
(2 3.69685e-15 0)
(2 3.98194e-15 0)
(2 4.00201e-15 0)
(2 3.33179e-15 0)
(2 2.4853e-15 0)
(2 3.4846e-15 0)
(2 5.81206e-15 0)
(2 7.57578e-15 0)
(2 7.92388e-15 0)
(2 7.59467e-15 0)
(2 8.43165e-15 0)
(2 8.30216e-15 0)
(2 8.95347e-15 0)
(2 8.38781e-15 0)
(2 7.51443e-15 0)
(2 7.45769e-15 0)
(2 7.61808e-15 0)
(2 8.74625e-15 0)
(2 9.06918e-15 0)
(2 8.55115e-15 0)
(2 7.05895e-15 0)
(2 6.07728e-15 0)
(2 4.24305e-15 0)
(2 2.90975e-15 0)
(2 1.07643e-15 0)
(2 7.86996e-16 0)
(2 1.33842e-15 0)
(2 6.43569e-14 0)
(2 1.82249e-12 0)
(2 4.00425e-11 0)
(2 6.82574e-10 0)
(2 8.96148e-09 0)
(2 9.35472e-08 0)
(2 7.52011e-07 0)
(2 4.94588e-06 0)
(1.99998 2.533e-05 0)
(1.99993 0.000107663 0)
(1.99976 0.000370218 0)
(1.99935 0.00105505 0)
(1.99849 0.00254358 0)
(1.99695 0.00539405 0)
(1.99475 0.00963883 0)
(1.99203 0.0154004 0)
(1.98855 0.0225659 0)
(1.98595 0.029014 0)
(1.98185 0.0389177 0)
(1.98034 0.0446813 0)
(1.9785 0.0504035 0)
(1.97831 0.052097 0)
(1.97869 0.0531776 0)
(1.97967 0.055202 0)
(1.9805 0.0575448 0)
(1.98024 0.0595107 0)
(1.98058 0.0604855 0)
(1.98179 0.0598948 0)
(1.98318 0.0587443 0)
(1.98532 0.0574562 0)
(1.98768 0.0553584 0)
(1.98933 0.0538443 0)
(2 3.5564e-15 0)
(2 3.7274e-15 0)
(2 3.28181e-15 0)
(2 3.48001e-15 0)
(2 3.24402e-15 0)
(2 3.9072e-15 0)
(2 3.44096e-15 0)
(2 3.37112e-15 0)
(2 3.70334e-15 0)
(2 5.24403e-15 0)
(2 7.02069e-15 0)
(2 6.77324e-15 0)
(2 5.9313e-15 0)
(2 4.36428e-15 0)
(2 3.7858e-15 0)
(2 2.93815e-15 0)
(2 1.65983e-15 0)
(2 1.30817e-15 0)
(2 4.9488e-16 0)
(2 1.13977e-15 0)
(2 2.00802e-15 0)
(2 4.47767e-15 0)
(2 7.4273e-15 0)
(2 7.41351e-15 0)
(2 6.88997e-15 0)
(2 6.79035e-15 0)
(2 6.22793e-15 0)
(2 4.88087e-15 0)
(2 4.80985e-15 0)
(2 4.98667e-15 0)
(2 5.91974e-15 0)
(2 6.28508e-15 0)
(2 6.52744e-15 0)
(2 6.76083e-15 0)
(2 7.29491e-15 0)
(2 8.00309e-15 0)
(2 9.1303e-15 0)
(2 9.5003e-15 0)
(2 9.88199e-15 0)
(2 9.51048e-15 0)
(2 9.40225e-15 0)
(2 1.0283e-14 0)
(2 1.10618e-14 0)
(2 1.19349e-14 0)
(2 1.20868e-14 0)
(2 1.14093e-14 0)
(2 1.11239e-14 0)
(2 1.20396e-14 0)
(2 1.07799e-14 0)
(2 9.74096e-15 0)
(2 8.86951e-15 0)
(2 7.7109e-15 0)
(2 5.69205e-15 0)
(2 2.42239e-15 0)
(2 9.05473e-16 0)
(2 6.88598e-16 0)
(2 1.60697e-15 0)
(2 1.57311e-15 0)
(2 1.7339e-14 0)
(2 5.97257e-13 0)
(2 1.39564e-11 0)
(2 2.43863e-10 0)
(2 3.43819e-09 0)
(2 3.70169e-08 0)
(2 3.21336e-07 0)
(2 2.19128e-06 0)
(1.99999 1.19019e-05 0)
(1.99997 5.32731e-05 0)
(1.99988 0.000194126 0)
(1.99964 0.000590131 0)
(1.99913 0.00151281 0)
(1.99816 0.00330369 0)
(1.99659 0.00634024 0)
(1.9945 0.0107656 0)
(1.99191 0.0165059 0)
(1.98954 0.0224792 0)
(1.9868 0.0289932 0)
(1.98416 0.0358541 0)
(1.98234 0.0417106 0)
(1.98104 0.0472252 0)
(1.98093 0.0501607 0)
(1.98114 0.0515905 0)
(1.98196 0.0512485 0)
(1.98351 0.0515248 0)
(1.98502 0.052302 0)
(1.98564 0.0523021 0)
(1.98651 0.0529546 0)
(1.98728 0.053684 0)
(2 5.13705e-15 0)
(2 5.96109e-15 0)
(2 6.10886e-15 0)
(2 6.36888e-15 0)
(2 5.14093e-15 0)
(2 4.42959e-15 0)
(2 3.59455e-15 0)
(2 3.40901e-15 0)
(2 3.26545e-15 0)
(2 2.60831e-15 0)
(2 2.55333e-15 0)
(2 2.41932e-15 0)
(2 2.16271e-15 0)
(2 2.2001e-15 0)
(2 2.24001e-15 0)
(2 2.90897e-15 0)
(2 3.69646e-15 0)
(2 4.48528e-15 0)
(2 4.38143e-15 0)
(2 3.17473e-15 0)
(2 3.1942e-15 0)
(2 4.09736e-15 0)
(2 5.70179e-15 0)
(2 7.69984e-15 0)
(2 8.11052e-15 0)
(2 9.07731e-15 0)
(2 9.19009e-15 0)
(2 8.95376e-15 0)
(2 8.14545e-15 0)
(2 6.56552e-15 0)
(2 6.70592e-15 0)
(2 6.22975e-15 0)
(2 7.92125e-15 0)
(2 8.80373e-15 0)
(2 8.24537e-15 0)
(2 7.53752e-15 0)
(2 8.38714e-15 0)
(2 9.27765e-15 0)
(2 1.03209e-14 0)
(2 9.99061e-15 0)
(2 1.07303e-14 0)
(2 1.04697e-14 0)
(2 1.1056e-14 0)
(2 1.26247e-14 0)
(2 1.32376e-14 0)
(2 1.34164e-14 0)
(2 1.276e-14 0)
(2 1.26671e-14 0)
(2 1.1792e-14 0)
(2 1.12666e-14 0)
(2 1.08266e-14 0)
(2 1.03219e-14 0)
(2 9.43096e-15 0)
(2 7.96915e-15 0)
(2 7.20793e-15 0)
(2 5.38156e-15 0)
(2 5.07303e-15 0)
(2 4.09196e-15 0)
(2 1.44903e-15 0)
(2 4.50802e-15 0)
(2 1.08636e-14 0)
(2 1.59875e-13 0)
(2 3.75615e-12 0)
(2 7.03226e-11 0)
(2 1.04206e-09 0)
(2 1.19749e-08 0)
(2 1.09921e-07 0)
(2 8.01237e-07 0)
(2 4.73428e-06 0)
(1.99999 2.23489e-05 0)
(1.99995 8.75817e-05 0)
(1.99983 0.000283893 0)
(1.99955 0.000779709 0)
(1.99899 0.00184917 0)
(1.99805 0.00372394 0)
(1.99663 0.00673238 0)
(1.99464 0.0110193 0)
(1.99279 0.015647 0)
(1.99018 0.0220961 0)
(1.98868 0.0269019 0)
(1.98678 0.0323714 0)
(1.98497 0.0377776 0)
(1.98462 0.0406049 0)
(1.98356 0.0455087 0)
(1.984 0.0480444 0)
(1.98465 0.0484087 0)
(1.98587 0.0477514 0)
(1.98726 0.0469365 0)
(2 2.37661e-15 0)
(2 2.52121e-15 0)
(2 4.17185e-15 0)
(2 4.21884e-15 0)
(2 3.96342e-15 0)
(2 1.52814e-15 0)
(2 1.55103e-15 0)
(2 2.19474e-15 0)
(2 2.30926e-15 0)
(2 1.67234e-15 0)
(2 6.6319e-16 0)
(2 4.79888e-16 0)
(2 5.99062e-16 0)
(2 1.07788e-15 0)
(2 1.09562e-15 0)
(2 1.58362e-15 0)
(2 2.13401e-15 0)
(2 2.60597e-15 0)
(2 3.26916e-15 0)
(2 4.03598e-15 0)
(2 3.99931e-15 0)
(2 3.49362e-15 0)
(2 3.90139e-15 0)
(2 4.9724e-15 0)
(2 6.12762e-15 0)
(2 7.69006e-15 0)
(2 7.0561e-15 0)
(2 6.14316e-15 0)
(2 5.18213e-15 0)
(2 4.96335e-15 0)
(2 4.6771e-15 0)
(2 5.61109e-15 0)
(2 6.35413e-15 0)
(2 7.82755e-15 0)
(2 1.00126e-14 0)
(2 1.04302e-14 0)
(2 1.12599e-14 0)
(2 1.13634e-14 0)
(2 1.14569e-14 0)
(2 1.27429e-14 0)
(2 1.38327e-14 0)
(2 1.34871e-14 0)
(2 1.35295e-14 0)
(2 1.45655e-14 0)
(2 1.43276e-14 0)
(2 1.39506e-14 0)
(2 1.3435e-14 0)
(2 1.26607e-14 0)
(2 1.18323e-14 0)
(2 1.00604e-14 0)
(2 8.34495e-15 0)
(2 8.53176e-15 0)
(2 9.94304e-15 0)
(2 1.018e-14 0)
(2 9.75679e-15 0)
(2 8.79229e-15 0)
(2 6.3812e-15 0)
(2 3.53449e-15 0)
(2 2.16358e-15 0)
(2 1.11013e-15 0)
(2 2.15893e-15 0)
(2 5.19149e-15 0)
(2 7.61761e-15 0)
(2 3.42593e-14 0)
(2 7.63934e-13 0)
(2 1.52922e-11 0)
(2 2.43492e-10 0)
(2 3.05515e-09 0)
(2 2.99402e-08 0)
(2 2.3679e-07 0)
(2 1.49307e-06 0)
(2 7.79035e-06 0)
(1.99998 3.30867e-05 0)
(1.99993 0.00011578 0)
(1.99981 0.000345971 0)
(1.99952 0.000876094 0)
(1.999 0.00192212 0)
(1.99811 0.00381292 0)
(1.99695 0.00644678 0)
(1.99538 0.0101993 0)
(1.99359 0.0145828 0)
(1.99188 0.0192719 0)
(1.99019 0.0242719 0)
(1.98883 0.0287766 0)
(1.98843 0.0321452 0)
(1.98753 0.0358058 0)
(1.98739 0.0378136 0)
(1.98714 0.040411 0)
(2 -4.57529e-16 0)
(2 -1.74093e-16 0)
(2 5.80796e-16 0)
(2 9.18724e-16 0)
(2 1.22686e-15 0)
(2 -1.42609e-15 0)
(2 -2.31733e-15 0)
(2 -1.51669e-15 0)
(2 -5.24024e-17 0)
(2 1.40819e-16 0)
(2 -1.04131e-15 0)
(2 -4.7772e-16 0)
(2 3.39038e-16 0)
(2 1.59379e-15 0)
(2 2.41476e-15 0)
(2 2.52244e-15 0)
(2 2.75148e-15 0)
(2 3.1012e-15 0)
(2 4.03549e-15 0)
(2 4.54405e-15 0)
(2 5.17403e-15 0)
(2 6.34127e-15 0)
(2 7.68526e-15 0)
(2 8.13734e-15 0)
(2 8.00571e-15 0)
(2 7.72969e-15 0)
(2 6.06646e-15 0)
(2 5.32689e-15 0)
(2 5.52817e-15 0)
(2 6.43651e-15 0)
(2 6.89319e-15 0)
(2 7.02873e-15 0)
(2 6.48084e-15 0)
(2 5.97541e-15 0)
(2 8.1927e-15 0)
(2 1.0397e-14 0)
(2 9.9964e-15 0)
(2 9.33497e-15 0)
(2 9.84257e-15 0)
(2 1.2562e-14 0)
(2 1.34562e-14 0)
(2 1.44365e-14 0)
(2 1.43287e-14 0)
(2 1.52943e-14 0)
(2 1.52377e-14 0)
(2 1.40966e-14 0)
(2 1.39936e-14 0)
(2 1.32111e-14 0)
(2 1.22056e-14 0)
(2 1.17208e-14 0)
(2 1.0712e-14 0)
(2 9.63786e-15 0)
(2 9.53669e-15 0)
(2 9.01435e-15 0)
(2 8.96995e-15 0)
(2 7.32903e-15 0)
(2 5.41285e-15 0)
(2 2.80342e-15 0)
(2 2.06371e-15 0)
(2 -1.75836e-16 0)
(2 3.19581e-16 0)
(2 2.94232e-15 0)
(2 3.3529e-15 0)
(2 2.80161e-15 0)
(2 3.65338e-15 0)
(2 1.11144e-14 0)
(2 1.21127e-13 0)
(2 2.48181e-12 0)
(2 4.25078e-11 0)
(2 5.78757e-10 0)
(2 6.26311e-09 0)
(2 5.46493e-08 0)
(2 3.77271e-07 0)
(2 2.14112e-06 0)
(1.99999 9.94856e-06 0)
(1.99998 3.88811e-05 0)
(1.99993 0.00012812 0)
(1.99981 0.000354635 0)
(1.99956 0.000860499 0)
(1.99911 0.00179898 0)
(1.99838 0.00339938 0)
(1.99742 0.00569771 0)
(1.99614 0.00887797 0)
(1.99489 0.0123043 0)
(1.99337 0.016559 0)
(1.9921 0.0205166 0)
(1.99135 0.0235431 0)
(1.99017 0.0275459 0)
(2 1.97004e-15 0)
(2 2.05783e-15 0)
(2 2.626e-15 0)
(2 2.43928e-15 0)
(2 1.00857e-15 0)
(2 1.56986e-15 0)
(2 3.83903e-15 0)
(2 4.65921e-15 0)
(2 2.83788e-15 0)
(2 2.95588e-15 0)
(2 2.0372e-15 0)
(2 6.27127e-16 0)
(2 7.72595e-16 0)
(2 2.00743e-15 0)
(2 3.68474e-15 0)
(2 5.22634e-15 0)
(2 6.2697e-15 0)
(2 7.28115e-15 0)
(2 9.05549e-15 0)
(2 9.50487e-15 0)
(2 9.0762e-15 0)
(2 9.82408e-15 0)
(2 1.02261e-14 0)
(2 1.07312e-14 0)
(2 1.0215e-14 0)
(2 1.00659e-14 0)
(2 1.13121e-14 0)
(2 1.29192e-14 0)
(2 1.42296e-14 0)
(2 1.41154e-14 0)
(2 1.37189e-14 0)
(2 1.2017e-14 0)
(2 9.59292e-15 0)
(2 9.12376e-15 0)
(2 8.40299e-15 0)
(2 8.76475e-15 0)
(2 8.71006e-15 0)
(2 1.02544e-14 0)
(2 1.31662e-14 0)
(2 1.43711e-14 0)
(2 1.41045e-14 0)
(2 1.40975e-14 0)
(2 1.32346e-14 0)
(2 1.25978e-14 0)
(2 1.33498e-14 0)
(2 1.44255e-14 0)
(2 1.46246e-14 0)
(2 1.51067e-14 0)
(2 1.58301e-14 0)
(2 1.70172e-14 0)
(2 1.65618e-14 0)
(2 1.50107e-14 0)
(2 1.25118e-14 0)
(2 7.97844e-15 0)
(2 6.2066e-15 0)
(2 3.71658e-15 0)
(2 3.11589e-15 0)
(2 3.87298e-15 0)
(2 3.80601e-15 0)
(2 4.29722e-15 0)
(2 3.77946e-15 0)
(2 3.91551e-15 0)
(2 4.2008e-15 0)
(2 4.58557e-15 0)
(2 5.22454e-15 0)
(2 7.42758e-15 0)
(2 1.17913e-14 0)
(2 1.40521e-14 0)
(2 2.55156e-14 0)
(2 2.96815e-13 0)
(2 5.42448e-12 0)
(2 8.16048e-11 0)
(2 9.64651e-10 0)
(2 9.30362e-09 0)
(2 7.21959e-08 0)
(2 4.61128e-07 0)
(2 2.39207e-06 0)
(1.99999 1.03791e-05 0)
(1.99998 3.78143e-05 0)
(1.99994 0.000117942 0)
(1.99984 0.000316241 0)
(1.99963 0.000747693 0)
(1.99928 0.00151619 0)
(1.9987 0.00282629 0)
(1.99793 0.00466131 0)
(1.99703 0.00700411 0)
(1.99585 0.0100906 0)
(1.99489 0.0130041 0)
(2 3.33912e-15 0)
(2 4.26092e-15 0)
(2 4.72586e-15 0)
(2 4.23446e-15 0)
(2 3.92745e-15 0)
(2 3.61931e-15 0)
(2 3.16458e-15 0)
(2 1.57811e-15 0)
(2 -6.05169e-16 0)
(2 8.54294e-16 0)
(2 3.43491e-15 0)
(2 2.10044e-15 0)
(2 2.29634e-15 0)
(2 2.87021e-15 0)
(2 4.18037e-15 0)
(2 5.31124e-15 0)
(2 7.69489e-15 0)
(2 1.07682e-14 0)
(2 1.44761e-14 0)
(2 1.50257e-14 0)
(2 1.56365e-14 0)
(2 1.43111e-14 0)
(2 1.22046e-14 0)
(2 1.18907e-14 0)
(2 1.22616e-14 0)
(2 1.37544e-14 0)
(2 1.50877e-14 0)
(2 1.64301e-14 0)
(2 1.6658e-14 0)
(2 1.6117e-14 0)
(2 1.59239e-14 0)
(2 1.55913e-14 0)
(2 1.60843e-14 0)
(2 1.55838e-14 0)
(2 1.52032e-14 0)
(2 1.33284e-14 0)
(2 1.4189e-14 0)
(2 1.53854e-14 0)
(2 1.62805e-14 0)
(2 1.61779e-14 0)
(2 1.50147e-14 0)
(2 1.45371e-14 0)
(2 1.42624e-14 0)
(2 1.37623e-14 0)
(2 1.41793e-14 0)
(2 1.51789e-14 0)
(2 1.64947e-14 0)
(2 1.73082e-14 0)
(2 1.80304e-14 0)
(2 1.74382e-14 0)
(2 1.64902e-14 0)
(2 1.5329e-14 0)
(2 1.48198e-14 0)
(2 1.20745e-14 0)
(2 7.71403e-15 0)
(2 4.82832e-15 0)
(2 2.76831e-15 0)
(2 1.25506e-15 0)
(2 8.54726e-16 0)
(2 1.1657e-15 0)
(2 2.94986e-15 0)
(2 2.08352e-15 0)
(2 2.03167e-15 0)
(2 2.61135e-15 0)
(2 2.5847e-15 0)
(2 2.89574e-15 0)
(2 4.55406e-15 0)
(2 6.54473e-15 0)
(2 6.32887e-15 0)
(2 7.37171e-15 0)
(2 9.54848e-15 0)
(2 3.1404e-14 0)
(2 4.78164e-13 0)
(2 8.06558e-12 0)
(2 1.08546e-10 0)
(2 1.17634e-09 0)
(2 1.02307e-08 0)
(2 7.37063e-08 0)
(2 4.36986e-07 0)
(2 2.17107e-06 0)
(1.99999 9.09026e-06 0)
(1.99998 3.17236e-05 0)
(1.99995 9.72013e-05 0)
(1.99987 0.000253067 0)
(1.99971 0.000579798 0)
(1.99941 0.00121612 0)
(1.999 0.00216537 0)
(1.99838 0.00363904 0)
(2 2.98685e-15 0)
(2 5.01442e-15 0)
(2 5.91754e-15 0)
(2 6.39404e-15 0)
(2 6.38027e-15 0)
(2 5.6987e-15 0)
(2 4.97018e-15 0)
(2 3.80067e-15 0)
(2 2.40245e-15 0)
(2 2.76715e-16 0)
(2 -2.1991e-16 0)
(2 8.17918e-16 0)
(2 1.031e-15 0)
(2 8.08017e-16 0)
(2 1.82315e-15 0)
(2 3.14695e-15 0)
(2 4.74576e-15 0)
(2 7.42881e-15 0)
(2 1.01237e-14 0)
(2 1.34806e-14 0)
(2 1.62053e-14 0)
(2 1.59702e-14 0)
(2 1.59259e-14 0)
(2 1.49851e-14 0)
(2 1.42721e-14 0)
(2 1.35123e-14 0)
(2 1.31958e-14 0)
(2 1.30518e-14 0)
(2 1.24306e-14 0)
(2 1.10698e-14 0)
(2 1.08506e-14 0)
(2 1.22949e-14 0)
(2 1.44154e-14 0)
(2 1.42923e-14 0)
(2 1.34726e-14 0)
(2 1.39901e-14 0)
(2 1.39134e-14 0)
(2 1.32925e-14 0)
(2 1.35528e-14 0)
(2 1.32512e-14 0)
(2 1.32846e-14 0)
(2 1.25587e-14 0)
(2 1.25776e-14 0)
(2 1.23352e-14 0)
(2 1.08748e-14 0)
(2 1.03347e-14 0)
(2 1.0951e-14 0)
(2 1.15991e-14 0)
(2 1.1483e-14 0)
(2 9.64967e-15 0)
(2 9.08254e-15 0)
(2 9.66775e-15 0)
(2 9.74659e-15 0)
(2 1.02167e-14 0)
(2 1.00403e-14 0)
(2 9.18931e-15 0)
(2 8.2745e-15 0)
(2 7.66385e-15 0)
(2 7.32748e-15 0)
(2 6.10969e-15 0)
(2 4.46292e-15 0)
(2 2.35997e-15 0)
(2 1.84376e-15 0)
(2 2.18226e-15 0)
(2 2.60973e-15 0)
(2 2.72325e-15 0)
(2 4.08684e-15 0)
(2 5.4663e-15 0)
(2 5.63611e-15 0)
(2 6.58121e-15 0)
(2 7.66144e-15 0)
(2 7.95421e-15 0)
(2 8.80599e-15 0)
(2 1.1522e-14 0)
(2 3.89542e-14 0)
(2 5.60376e-13 0)
(2 8.40127e-12 0)
(2 1.05604e-10 0)
(2 1.07706e-09 0)
(2 9.04692e-09 0)
(2 6.19593e-08 0)
(2 3.57056e-07 0)
(2 1.71828e-06 0)
(2 7.08313e-06 0)
(1.99999 2.50836e-05 0)
(1.99996 7.53676e-05 0)
(1.99989 0.000202151 0)
(1.99976 0.000460375 0)
(2 1.85106e-15 0)
(2 1.86747e-15 0)
(2 2.59242e-15 0)
(2 4.17317e-15 0)
(2 4.1927e-15 0)
(2 3.64173e-15 0)
(2 3.13313e-15 0)
(2 2.47447e-15 0)
(2 1.84049e-15 0)
(2 1.41159e-15 0)
(2 1.19729e-15 0)
(2 1.25229e-15 0)
(2 2.0324e-15 0)
(2 2.40412e-15 0)
(2 2.78522e-15 0)
(2 3.33825e-15 0)
(2 3.42755e-15 0)
(2 3.28497e-15 0)
(2 4.30035e-15 0)
(2 7.73478e-15 0)
(2 9.27521e-15 0)
(2 1.13106e-14 0)
(2 1.33605e-14 0)
(2 1.2313e-14 0)
(2 1.10384e-14 0)
(2 9.9958e-15 0)
(2 9.9705e-15 0)
(2 9.55988e-15 0)
(2 9.22824e-15 0)
(2 9.2234e-15 0)
(2 8.42845e-15 0)
(2 8.89415e-15 0)
(2 9.95923e-15 0)
(2 9.91212e-15 0)
(2 8.48069e-15 0)
(2 1.00933e-14 0)
(2 1.1412e-14 0)
(2 1.10704e-14 0)
(2 1.08144e-14 0)
(2 1.10466e-14 0)
(2 1.0496e-14 0)
(2 1.17475e-14 0)
(2 1.11088e-14 0)
(2 1.02685e-14 0)
(2 9.2205e-15 0)
(2 8.95316e-15 0)
(2 8.72213e-15 0)
(2 8.73642e-15 0)
(2 8.27689e-15 0)
(2 8.7857e-15 0)
(2 9.43327e-15 0)
(2 7.27331e-15 0)
(2 5.62387e-15 0)
(2 5.1138e-15 0)
(2 6.05267e-15 0)
(2 6.49442e-15 0)
(2 6.806e-15 0)
(2 6.517e-15 0)
(2 6.16629e-15 0)
(2 4.66766e-15 0)
)
;

boundaryField
{
    inlet
    {
        type            fixedValue;
        value           nonuniform 0();
    }
    outlet
    {
        type            inletOutlet;
        inletValue      nonuniform 0();
        value           nonuniform 0();
    }
    bottom
    {
        type            symmetryPlane;
    }
    top
    {
        type            symmetryPlane;
    }
    obstacle
    {
        type            slip;
    }
    front
    {
        type            empty;
    }
    back
    {
        type            empty;
    }
    procBoundary27to10
    {
        type            processor;
        value           nonuniform List<vector> 
14
(
(2 6.69228e-16 0)
(2 -2.38133e-15 0)
(2 -3.06261e-15 0)
(2 -3.93135e-15 0)
(2 -1.18799e-15 0)
(2 6.80271e-16 0)
(2 -1.38774e-15 0)
(2 1.37775e-15 0)
(2 -1.48815e-15 0)
(2 -8.94758e-18 0)
(2 2.24122e-15 0)
(2 -1.19648e-15 0)
(2 -6.5769e-16 0)
(2 -4.68129e-16 0)
)
;
    }
    procBoundary27to18
    {
        type            processor;
        value           nonuniform List<vector> 
13
(
(2 -1.6499e-15 0)
(2 -3.24516e-15 0)
(2 -2.18376e-16 0)
(2 1.89778e-15 0)
(2 5.36007e-16 0)
(2 1.313e-15 0)
(2 2.3799e-15 0)
(2 1.19987e-15 0)
(2 -1.64577e-15 0)
(2 2.26519e-15 0)
(2 4.07865e-15 0)
(2 2.30071e-15 0)
(2 2.48597e-16 0)
)
;
    }
    procBoundary27to19
    {
        type            processor;
        value           nonuniform List<vector> 
89
(
(1.9997 0.000447715 0)
(1.99929 0.00104641 0)
(1.99858 0.00216552 0)
(1.9975 0.00371555 0)
(1.99568 0.00636576 0)
(1.99373 0.00947039 0)
(1.99088 0.0134959 0)
(1.98705 0.0190669 0)
(1.98506 0.0205539 0)
(1.98137 0.0246457 0)
(1.97604 0.0312153 0)
(1.97269 0.0329002 0)
(1.96816 0.0364949 0)
(1.96438 0.0390156 0)
(1.96058 0.0410176 0)
(1.95703 0.0428813 0)
(1.95447 0.0447234 0)
(1.95024 0.0444957 0)
(1.94913 0.0433129 0)
(1.94803 0.0412653 0)
(1.94745 0.0392868 0)
(1.94779 0.036163 0)
(1.94807 0.0347771 0)
(1.94871 0.0340351 0)
(1.95016 0.0310166 0)
(1.95129 0.0299437 0)
(1.95274 0.029508 0)
(1.95518 0.0266381 0)
(1.95688 0.0247474 0)
(1.95895 0.0249373 0)
(1.96145 0.0235893 0)
(1.96351 0.0212975 0)
(1.96579 0.021334 0)
(1.9683 0.0213434 0)
(1.97167 0.0184455 0)
(1.97441 0.0164656 0)
(1.97741 0.0166206 0)
(1.98132 0.0147035 0)
(1.98491 0.0110022 0)
(1.98809 0.0102222 0)
(1.99151 0.00978547 0)
(1.99608 0.00597693 0)
(1.99928 0.00284653 0)
(2.00237 0.00276496 0)
(2.00627 0.000674016 0)
(2.01058 -0.00421926 0)
(2.01357 -0.00652198 0)
(2.01623 -0.00675861 0)
(2.02019 -0.00987895 0)
(2.02411 -0.0150675 0)
(2.02674 -0.0176373 0)
(2.02914 -0.0186141 0)
(2.03243 -0.0222785 0)
(2.03565 -0.0278446 0)
(2.0379 -0.0308046 0)
(2.0403 -0.0325539 0)
(2.04368 -0.0376797 0)
(2.04613 -0.0430774 0)
(2.04822 -0.0453159 0)
(2.05116 -0.0495287 0)
(2.0536 -0.0553392 0)
(2.05511 -0.057802 0)
(2.05772 -0.0616608 0)
(2.0603 -0.0683657 0)
(2.06116 -0.0710392 0)
(2 -4.12241e-16 0)
(2 -6.07647e-16 0)
(2 -5.58646e-16 0)
(2 -9.05453e-17 0)
(2 9.00937e-16 0)
(2 3.38962e-15 0)
(2 5.64465e-15 0)
(2 6.09232e-15 0)
(2 5.86564e-15 0)
(2 4.39165e-15 0)
(2 3.43566e-15 0)
(2 2.45006e-15 0)
(2 7.40682e-16 0)
(2 3.9709e-15 0)
(2 3.40424e-14 0)
(2 8.93823e-13 0)
(2 1.94828e-11 0)
(2 3.34959e-10 0)
(2 4.31568e-09 0)
(2 4.22783e-08 0)
(2 3.27787e-07 0)
(2 2.00899e-06 0)
(1.99999 9.86893e-06 0)
(1.99999 9.86893e-06 0)
)
;
    }
    procBoundary27to20
    {
        type            processor;
        value           uniform (2.05709 -0.0611861 0);
    }
    procBoundary27to28
    {
        type            processor;
        value           nonuniform List<vector> 
26
(
(2.05222 -0.050705 0)
(2.04837 -0.0429949 0)
(2.04386 -0.035489 0)
(2.0403 -0.0303844 0)
(2.03576 -0.0233234 0)
(2.03217 -0.017536 0)
(2.02868 -0.0115404 0)
(2.02319 -0.00127081 0)
(2.01993 0.0054475 0)
(2.01458 0.0163338 0)
(2.01127 0.0239114 0)
(2.00727 0.0323591 0)
(2.00417 0.038827 0)
(2.00118 0.0447298 0)
(1.99842 0.0495814 0)
(1.99605 0.0529194 0)
(1.99398 0.0538433 0)
(1.99237 0.0539576 0)
(1.99089 0.0523123 0)
(1.98844 0.0527909 0)
(1.98906 0.0461052 0)
(1.98743 0.0419802 0)
(1.99034 0.0293104 0)
(1.99393 0.0162763 0)
(1.99761 0.0055835 0)
(1.99952 0.000938276 0)
)
;
    }
    procBoundary27to35
    {
        type            processor;
        value           nonuniform List<vector> 
89
(
(2 3.19335e-15 0)
(2 3.71892e-15 0)
(2 4.23266e-15 0)
(2 4.70646e-15 0)
(2 5.12908e-15 0)
(2 5.7663e-15 0)
(2 6.56045e-15 0)
(2 7.43542e-15 0)
(2 8.39055e-15 0)
(2 9.35893e-15 0)
(2 9.54838e-15 0)
(2 9.6213e-15 0)
(2 9.81465e-15 0)
(2 1.06188e-14 0)
(2 1.24483e-14 0)
(2 1.17893e-14 0)
(2 1.49126e-14 0)
(2 4.38949e-14 0)
(2 5.14571e-13 0)
(2 7.32868e-12 0)
(2 8.72608e-11 0)
(2 8.61435e-10 0)
(2 7.27818e-09 0)
(2 5.10254e-08 0)
(2 2.96356e-07 0)
(2 1.52879e-06 0)
(2 6.20745e-06 0)
(1.99999 2.27609e-05 0)
(2 4.48543e-16 0)
(2 2.84939e-16 0)
(2 7.93157e-16 0)
(2 1.37849e-15 0)
(2 1.18377e-15 0)
(2 2.01198e-15 0)
(2 1.59275e-15 0)
(2 1.28116e-15 0)
(2 2.45545e-15 0)
(2 2.53126e-15 0)
(2 3.22964e-15 0)
(2 3.7153e-15 0)
(2 4.75311e-15 0)
(2 5.12551e-15 0)
(2 4.33456e-15 0)
(2 4.18596e-15 0)
(2 4.07266e-15 0)
(2 3.84257e-15 0)
(2 4.04402e-15 0)
(2 4.11692e-15 0)
(2 4.77816e-15 0)
(2 7.49881e-15 0)
(2 8.80136e-15 0)
(2 8.08639e-15 0)
(2 7.13412e-15 0)
(2 6.52274e-15 0)
(2 6.15399e-15 0)
(2 6.06136e-15 0)
(2 6.5045e-15 0)
(2 7.391e-15 0)
(2 8.62458e-15 0)
(2 9.41971e-15 0)
(2 8.78812e-15 0)
(2 7.66916e-15 0)
(2 7.43788e-15 0)
(2 7.79444e-15 0)
(2 8.33469e-15 0)
(2 8.45878e-15 0)
(2 9.12799e-15 0)
(2 9.18009e-15 0)
(2 9.38655e-15 0)
(2 8.99258e-15 0)
(2 9.22765e-15 0)
(2 8.46602e-15 0)
(2 9.40298e-15 0)
(2 9.44291e-15 0)
(2 8.86012e-15 0)
(2 9.25205e-15 0)
(2 9.22079e-15 0)
(2 9.77452e-15 0)
(2 9.5002e-15 0)
(2 7.73934e-15 0)
(2 7.1952e-15 0)
(2 5.67128e-15 0)
(2 6.02271e-15 0)
(2 6.84079e-15 0)
(2 7.78718e-15 0)
(2 7.65011e-15 0)
(2 7.14714e-15 0)
(2 3.19335e-15 0)
(2 7.37375e-15 0)
)
;
    }
}


// ************************************************************************* //
