/*--------------------------------*- C++ -*----------------------------------*\
  =========                 |
  \\      /  F ield         | OpenFOAM: The Open Source CFD Toolbox
   \\    /   O peration     | Website:  https://openfoam.org
    \\  /    A nd           | Version:  7
     \\/     M anipulation  |
\*---------------------------------------------------------------------------*/
FoamFile
{
    version     2.0;
    format      ascii;
    class       volScalarField;
    location    "0.875";
    object      p;
}
// * * * * * * * * * * * * * * * * * * * * * * * * * * * * * * * * * * * * * //

dimensions      [0 2 -2 0 0 0 0];

internalField   nonuniform List<scalar> 
6400
(
9.47799e-06
2.8653e-05
-0.000477165
-0.00151066
-0.00295409
-0.00469713
-0.00663937
-0.0086912
-0.0107753
-0.0128263
-0.0147891
-0.0166173
-0.0182725
-0.0197231
-0.0209431
-0.0219118
-0.0226132
-0.0230349
-0.0231684
-0.0230085
-0.0225525
-0.0218007
-0.0207553
-0.019421
-0.0178043
-0.0159134
-0.0137581
-0.0113498
-0.00870099
-0.00582568
-0.00273884
0.000543485
0.00400429
0.00762569
0.011389
0.0152749
0.0192633
0.0233336
0.0274647
0.0316352
0.0358231
0.0400063
0.0441627
0.04827
0.0523058
0.0562482
0.0600752
0.0637654
0.0672979
0.0706525
0.0738098
0.0767511
0.0794593
0.081918
0.0841128
0.0860306
0.0876602
0.0889924
0.0900203
0.0907391
0.091147
0.091245
0.0910369
0.0905303
0.0897361
0.0886695
0.0873497
0.0858009
0.0840526
0.0821399
0.0801048
0.0779963
0.075872
0.0737989
0.0718547
0.070128
0.0687157
0.0677221
0.067254
0.0672917
4.37223e-06
1.85351e-05
-0.000435215
-0.00131915
-0.0025339
-0.00400022
-0.00564217
-0.00738732
-0.00917038
-0.010934
-0.0126286
-0.0142115
-0.0156467
-0.0169038
-0.0179578
-0.0187882
-0.0193787
-0.019717
-0.0197938
-0.0196033
-0.0191419
-0.018409
-0.0174061
-0.0161365
-0.0146059
-0.0128213
-0.0107913
-0.00852627
-0.00603756
-0.00333789
-0.00044105
0.00263811
0.00588382
0.00927944
0.0128076
0.0164501
0.0201883
0.0240029
0.0278741
0.0317818
0.0357056
0.0396246
0.0435182
0.0473655
0.0511457
0.0548381
0.0584225
0.061879
0.0651881
0.068331
0.07129
0.0740479
0.0765889
0.0788984
0.080963
0.0827713
0.0843131
0.0855807
0.0865682
0.087272
0.0876911
0.0878272
0.087685
0.0872724
0.0866006
0.0856847
0.0845435
0.0832006
0.0816841
0.0800272
0.0782687
0.0764538
0.0746339
0.0728676
0.0712201
0.0697629
0.0685693
0.0677139
0.0672904
0.0673292
0.000512132
0.000474127
1.99763e-05
-0.000796508
-0.00188802
-0.00319122
-0.00464491
-0.00618894
-0.00776766
-0.00933099
-0.0108346
-0.0122398
-0.0135133
-0.0146265
-0.0155558
-0.0162815
-0.0167877
-0.0170621
-0.0170954
-0.0168814
-0.0164162
-0.0156987
-0.0147295
-0.0135115
-0.0120494
-0.0103494
-0.00841953
-0.00626893
-0.00390819
-0.00134908
0.00139559
0.00431194
0.00738521
0.0105998
0.0139393
0.0173866
0.0209242
0.0245338
0.0281967
0.0318939
0.0356061
0.0393138
0.0429972
0.0466368
0.0502129
0.0537061
0.0570972
0.0603676
0.0634991
0.066474
0.0692758
0.0718884
0.0742973
0.0764888
0.0784508
0.0801726
0.0816454
0.082862
0.0838175
0.084509
0.0849361
0.085101
0.0850087
0.084667
0.0840873
0.083284
0.0822757
0.0810845
0.079737
0.0782642
0.0767019
0.075091
0.0734774
0.0719122
0.0704512
0.0691539
0.0680794
0.0672881
0.0668654
0.066863
0.0015458
0.00136072
0.000836692
1.68891e-05
-0.00103198
-0.0022563
-0.00360429
-0.00502521
-0.00647139
-0.00789923
-0.0092695
-0.0105475
-0.0117028
-0.0127093
-0.0135449
-0.0141911
-0.0146329
-0.0148582
-0.0148583
-0.0146267
-0.0141596
-0.0134554
-0.0125145
-0.0113394
-0.00993406
-0.00830427
-0.00645721
-0.00440145
-0.00214683
0.000295683
0.00291402
0.00569517
0.00862519
0.0116893
0.0148721
0.0181573
0.0215282
0.0249675
0.0284575
0.0319801
0.035517
0.0390496
0.0425591
0.0460269
0.0494345
0.0527633
0.0559952
0.0591125
0.062098
0.0649351
0.067608
0.0701017
0.0724025
0.0744977
0.076376
0.0780274
0.0794437
0.0806185
0.0815474
0.082228
0.0826602
0.0828463
0.0827914
0.0825034
0.0819929
0.0812741
0.0803643
0.0792844
0.0780591
0.076717
0.0752908
0.0738171
0.0723369
0.0708948
0.069539
0.0683198
0.0672878
0.0664945
0.0660082
0.0658726
0.00299563
0.00258394
0.00193198
0.00105922
2.9139e-06
-0.00119208
-0.00248184
-0.00382406
-0.00517843
-0.00650745
-0.0077769
-0.00895605
-0.0100178
-0.0109384
-0.0116976
-0.0122785
-0.012667
-0.0128519
-0.0128247
-0.0125794
-0.0121121
-0.0114212
-0.0105068
-0.00937106
-0.00801765
-0.0064518
-0.00468016
-0.00271069
-0.000552585
0.00178385
0.00428727
0.0069454
0.00974507
0.0126723
0.0157125
0.0188502
0.0220695
0.0253541
0.028687
0.0320511
0.0354288
0.0388026
0.0421545
0.0454669
0.048722
0.0519023
0.0549905
0.0579697
0.0608238
0.0635368
0.0660939
0.0684809
0.0706847
0.0726935
0.0744966
0.0760848
0.0774503
0.0785872
0.0794915
0.0801611
0.0805961
0.0807989
0.0807744
0.08053
0.0800761
0.0794258
0.0785953
0.077604
0.0764746
0.0752331
0.073909
0.0725348
0.0711466
0.0697831
0.0684853
0.0672958
0.0662576
0.0654147
0.0648081
0.0644603
0.00475944
0.00407073
0.00324767
0.00228166
0.0011765
-3.07123e-05
-0.0013027
-0.00260475
-0.00390326
-0.00516638
-0.00636465
-0.00747129
-0.00846235
-0.00931678
-0.0100164
-0.0105457
-0.010892
-0.0110449
-0.0109967
-0.0107416
-0.0102761
-0.00959847
-0.00870892
-0.00760932
-0.00630307
-0.00479504
-0.00309145
-0.00119975
0.000871425
0.00311236
0.00551234
0.00805975
0.0107421
0.0135462
0.0164581
0.0194631
0.0225462
0.0256917
0.0288836
0.0321053
0.0353404
0.0385718
0.0417827
0.0449561
0.048075
0.0511227
0.0540828
0.0569391
0.0596762
0.062279
0.0647333
0.0670257
0.0691436
0.0710759
0.0728124
0.0743443
0.0756645
0.0767674
0.077649
0.0783075
0.0787431
0.078958
0.0789569
0.0787466
0.0783369
0.0777399
0.0769705
0.0760465
0.0749885
0.0738198
0.0725668
0.0712582
0.0699253
0.0686015
0.0673214
0.0661204
0.0650354
0.0641032
0.0633336
0.0627225
0.00674646
0.00575249
0.0047285
0.00363761
0.00244967
0.00119523
-9.38664e-05
-0.0013896
-0.00266438
-0.00389149
-0.00504588
-0.00610452
-0.00704662
-0.00785372
-0.00850972
-0.0090009
-0.00931581
-0.00944523
-0.00938205
-0.00912115
-0.00865932
-0.0079951
-0.00712871
-0.00606193
-0.00479802
-0.00334158
-0.0016985
0.000124169
0.00211826
0.00427457
0.00658294
0.00903232
0.0116109
0.014306
0.0171044
0.0199921
0.0229548
0.0259775
0.0290449
0.0321411
0.0352505
0.0383567
0.0414435
0.0444948
0.0474942
0.0504258
0.0532738
0.0560228
0.0586578
0.0611646
0.0635294
0.0657395
0.0677828
0.0696487
0.0713273
0.0728103
0.0740908
0.0751634
0.0760245
0.076672
0.077106
0.0773287
0.0773441
0.0771588
0.0767814
0.0762231
0.0754974
0.0746205
0.0736108
0.0724891
0.0712787
0.0700048
0.0686944
0.0673759
0.0660783
0.0648308
0.0636652
0.0626123
0.0616496
0.0607459
0.00887737
0.00756466
0.00632065
0.0050817
0.00378489
0.00245551
0.00112101
-0.000196394
-0.00147443
-0.00269099
-0.00382506
-0.00485713
-0.0057694
-0.00654594
-0.00717277
-0.0076379
-0.0079313
-0.00804486
-0.00797235
-0.00770932
-0.007253
-0.00660225
-0.00575745
-0.00472041
-0.00349431
-0.0020836
-0.000493919
0.00126799
0.00319432
0.00527632
0.00750429
0.0098677
0.0123552
0.0149548
0.0176538
0.0204389
0.0232963
0.0262117
0.0291703
0.0321571
0.0351569
0.0381541
0.0411331
0.0440784
0.0469743
0.0498054
0.0525565
0.0552129
0.0577601
0.0601843
0.0624724
0.0646119
0.0665914
0.0684003
0.0700294
0.0714704
0.0727166
0.0737629
0.0746053
0.0752421
0.0756729
0.0758994
0.0759255
0.0757567
0.075401
0.0748684
0.074171
0.0733233
0.0723416
0.0712443
0.0700519
0.0687862
0.0674704
0.0661286
0.0647848
0.0634627
0.0621902
0.0609931
0.0598176
0.0586068
0.0110851
0.0094497
0.00797457
0.00657136
0.00514624
0.00372042
0.00231796
0.000956093
-0.000347558
-0.00157497
-0.00270878
-0.00373271
-0.00463177
-0.00539246
-0.00600285
-0.00645268
-0.00673335
-0.00683794
-0.00676113
-0.00649921
-0.00604997
-0.00541266
-0.00458789
-0.00357761
-0.002385
-0.00101443
0.000528613
0.00223762
0.00410508
0.00612258
0.00828084
0.0105698
0.0129785
0.0154955
0.0181085
0.0208049
0.0235714
0.0263941
0.0292591
0.0321518
0.0350574
0.0379611
0.0408478
0.0437024
0.0465099
0.0492555
0.0519243
0.0545022
0.0569751
0.0593296
0.061553
0.0636332
0.0655591
0.0673203
0.0689078
0.0703136
0.0715309
0.0725545
0.0733806
0.074007
0.0744332
0.0746605
0.074692
0.0745326
0.0741892
0.0736709
0.0729883
0.0721541
0.0711828
0.0700906
0.0688951
0.0676153
0.0662709
0.0648822
0.0634689
0.0620501
0.0606506
0.0592926
0.0578925
0.0563696
0.0133137
0.0113575
0.00964577
0.00806747
0.00649986
0.00496117
0.00347294
0.00204818
0.000700512
-0.000555633
-0.00170616
-0.0027377
-0.00363789
-0.00439549
-0.00500055
-0.00544451
-0.00572018
-0.00582183
-0.00574511
-0.00548709
-0.00504616
-0.00442203
-0.00361565
-0.00262914
-0.00146578
-0.000129928
0.00137303
0.00303673
0.00485389
0.00681637
0.00891521
0.0111407
0.0134824
0.0159291
0.0184692
0.0210903
0.0237797
0.0265241
0.0293099
0.0321231
0.0349495
0.0377746
0.0405838
0.0433627
0.0460965
0.0487708
0.0513714
0.0538843
0.056296
0.0585933
0.0607637
0.0627955
0.0646778
0.0664004
0.0679542
0.0693313
0.070525
0.07153
0.0723422
0.0729591
0.07338
0.0736054
0.0736379
0.0734817
0.0731428
0.0726288
0.0719492
0.0711151
0.0701391
0.0690353
0.0678189
0.0665061
0.0651137
0.0636588
0.0621574
0.0606246
0.0590833
0.0575527
0.0559217
0.0540876
0.0155162
0.0132445
0.0112946
0.00953437
0.00781424
0.00615035
0.00456248
0.00306012
0.00165346
0.000353813
-0.0008276
-0.00188007
-0.00279358
-0.00355903
-0.00416832
-0.00461451
-0.00489183
-0.00499569
-0.00492275
-0.00467087
-0.0042391
-0.00362764
-0.00283782
-0.00187202
-0.000733668
0.000572831
0.00204212
0.00366792
0.00544311
0.00735976
0.00940917
0.0115819
0.0138679
0.0162564
0.018736
0.0212949
0.0239206
0.0266004
0.0293211
0.0320691
0.0348306
0.0375915
0.0403378
0.0430551
0.0457294
0.0483465
0.0508925
0.0533536
0.0557167
0.0579689
0.0600978
0.0620919
0.0639404
0.0656331
0.067161
0.0685162
0.0696918
0.0706823
0.0714833
0.0720921
0.0725074
0.0727292
0.0727594
0.0726013
0.07226
0.071742
0.0710554
0.0702099
0.0692163
0.0680867
0.0668344
0.0654729
0.0640167
0.0624799
0.0608755
0.0592156
0.0575214
0.0558106
0.0539461
0.0518051
0.0176534
0.0150731
0.0128858
0.0109397
0.00906023
0.00726209
0.00556395
0.0039724
0.00249472
0.00113954
-8.44606e-05
-0.00116892
-0.00210598
-0.00288849
-0.00351008
-0.00396535
-0.00424986
-0.0043602
-0.004294
-0.00404993
-0.00362771
-0.00302807
-0.00225275
-0.00130445
-0.0001868
0.00109569
0.00253763
0.0041328
0.00587418
0.00775397
0.00976369
0.0118941
0.0141355
0.0164774
0.0189087
0.021418
0.0239931
0.0266216
0.0292908
0.0319873
0.0346979
0.0374087
0.040106
0.0427758
0.0454044
0.0479777
0.0504823
0.0529046
0.0552316
0.0574505
0.0595491
0.061516
0.0633403
0.065012
0.066522
0.067862
0.0690252
0.0700056
0.0707987
0.0714011
0.0718112
0.0720284
0.0720538
0.0718899
0.0715407
0.0710117
0.0703098
0.0694432
0.0684212
0.0672542
0.0659533
0.0645303
0.0629972
0.0613659
0.0596469
0.0578496
0.0559947
0.0540987
0.0520007
0.0495586
0.0196917
0.0168104
0.014388
0.0122543
0.0102109
0.00827205
0.00645565
0.00476591
0.00320768
0.00178727
0.000511184
-0.000614334
-0.00158337
-0.00239054
-0.00303109
-0.00350106
-0.00379729
-0.00391748
-0.00386022
-0.00362501
-0.00321224
-0.0026232
-0.00186006
-0.000925864
0.000175514
0.0014394
0.00286032
0.00443205
0.00614764
0.00799939
0.00997895
0.0120773
0.0142849
0.0165915
0.0189864
0.0214583
0.0239955
0.0265858
0.0292167
0.0318753
0.0345485
0.0372228
0.0398848
0.0425208
0.0451171
0.04766
0.0501362
0.0525322
0.0548352
0.0570326
0.0591121
0.0610622
0.0628721
0.0645316
0.0660315
0.0673634
0.0685201
0.0694952
0.070284
0.0708825
0.0712885
0.0715008
0.0715198
0.0713472
0.0709859
0.0704404
0.0697165
0.0688209
0.0677616
0.0665473
0.0651877
0.0636925
0.062072
0.0603361
0.0584933
0.0565511
0.0545298
0.0524458
0.0501153
0.0473787
0.0216025
0.0184277
0.0157733
0.0134515
0.0112415
0.00915737
0.00721679
0.00542201
0.00377578
0.0022825
0.000946713
-0.000227163
-0.00123497
-0.00207293
-0.0027378
-0.00322693
-0.00353838
-0.00367092
-0.00362407
-0.00339815
-0.00299422
-0.00241414
-0.00166054
-0.000736813
0.000352876
0.00160365
0.00300992
0.00456541
0.00626317
0.00809558
0.0100544
0.0121307
0.0143151
0.0165976
0.0189676
0.0214142
0.0239259
0.0264907
0.0290963
0.0317302
0.0343793
0.0370306
0.0396707
0.0422861
0.0448633
0.0473889
0.0498495
0.0522318
0.0545229
0.0567102
0.0587817
0.0607255
0.0625307
0.064187
0.065685
0.067016
0.0681724
0.0691476
0.0699361
0.0705338
0.0709375
0.0711456
0.0711575
0.0709743
0.0705978
0.0700317
0.0692803
0.0683494
0.0672456
0.0659763
0.0645495
0.0629736
0.0612573
0.0594089
0.0574352
0.0553423
0.0531507
0.0508768
0.0483158
0.045291
0.0233606
0.0198995
0.0170165
0.014507
0.012129
0.00989652
0.00782751
0.00592254
0.00418265
0.00261053
0.0012091
-1.88711e-05
-0.00107078
-0.00194434
-0.00263765
-0.00314932
-0.00347854
-0.00362509
-0.0035894
-0.00337256
-0.00297633
-0.00240313
-0.00165606
-0.000738914
0.00034387
0.00158718
0.00298525
0.00453173
0.00621962
0.00804132
0.00998865
0.0120528
0.0142245
0.0164938
0.0188505
0.0212836
0.0237819
0.0263337
0.0289269
0.0315489
0.0341871
0.0368285
0.0394598
0.0420678
0.0446391
0.0471602
0.0496178
0.0519987
0.05429
0.056479
0.0585533
0.0605014
0.0623118
0.0639742
0.0654786
0.0668163
0.0679791
0.06896
0.069753
0.0703534
0.0707575
0.0709627
0.0709679
0.0707732
0.0703797
0.0697899
0.0690072
0.0680362
0.0668822
0.0655516
0.0640511
0.0623877
0.0605688
0.0586015
0.0564915
0.0542435
0.0518787
0.0494141
0.0466245
0.0433172
0.024944
0.021203
0.0180948
0.0153985
0.0128518
0.0104691
0.00826873
0.00624985
0.00441205
0.00275662
0.00128501
-1.4262e-06
-0.00110149
-0.00201422
-0.00273899
-0.00327557
-0.00362418
-0.00378559
-0.00376108
-0.00355251
-0.00316229
-0.00259345
-0.00184955
-0.000934767
0.000146127
0.00138778
0.00278424
0.00432901
0.00601502
0.00783466
0.00977976
0.0118416
0.0140109
0.016278
0.0186325
0.0210639
0.0235609
0.026112
0.0287052
0.0313282
0.0339684
0.0366128
0.0392485
0.0418621
0.0444404
0.0469698
0.0494371
0.051829
0.0541324
0.0563346
0.0584231
0.060386
0.0622118
0.0638896
0.0654093
0.0667615
0.0679378
0.0689306
0.0697334
0.0703409
0.0707485
0.0709532
0.070953
0.070747
0.0703356
0.0697203
0.0689036
0.0678889
0.0666807
0.065284
0.0637045
0.0619482
0.0600215
0.0579305
0.0556798
0.0532734
0.0507333
0.0480775
0.0450611
0.041476
0.0263327
0.0223175
0.0189872
0.0161053
0.0133899
0.0108559
0.00852211
0.00638669
0.00444794
0.00270593
0.00116085
-0.000187227
-0.00133835
-0.00229275
-0.00305097
-0.00361386
-0.00398265
-0.00415899
-0.004145
-0.00394326
-0.00355685
-0.00298936
-0.00224485
-0.0013279
-0.000243615
0.00100239
0.00240397
0.00395445
0.00564666
0.00747292
0.00942504
0.0114943
0.0136716
0.0159472
0.0183108
0.0207519
0.0232595
0.0258221
0.0284278
0.0310644
0.0337194
0.0363799
0.0390329
0.041665
0.0442631
0.0468137
0.0493033
0.0517185
0.0540462
0.0562734
0.0583874
0.060376
0.0622274
0.0639303
0.0654743
0.0668495
0.0680469
0.0690584
0.069877
0.0704965
0.0709118
0.0711191
0.0711156
0.0708995
0.0704705
0.069829
0.0689767
0.0679161
0.0666506
0.0651843
0.063522
0.0616688
0.0596302
0.0574116
0.0550169
0.0524494
0.0497324
0.0468849
0.0436431
0.0397837
0.0275086
0.0232237
0.0196741
0.016608
0.0137242
0.0110383
0.00856986
0.00631616
0.0042744
0.00244358
0.000822782
-0.000589056
-0.00179311
-0.00279071
-0.00358345
-0.00417319
-0.0045621
-0.0047527
-0.00474789
-0.00455096
-0.00416563
-0.00359602
-0.00284672
-0.00192272
-0.000829467
0.000427146
0.00184075
0.00340449
0.00511107
0.0069527
0.00892115
0.0110077
0.0132032
0.015498
0.0178819
0.0203443
0.0228743
0.0254605
0.0280911
0.0307539
0.0334364
0.0361257
0.0388089
0.0414726
0.0441034
0.0466879
0.0492124
0.0516635
0.0540277
0.0562918
0.0584428
0.0604682
0.0623559
0.0640941
0.0656719
0.0670789
0.0683056
0.0693432
0.0701841
0.0708213
0.0712492
0.071463
0.0714592
0.0712353
0.0707899
0.0701226
0.0692343
0.0681266
0.066802
0.0652638
0.0635159
0.0615628
0.0594092
0.05706
0.0545186
0.0517879
0.0488925
0.0458527
0.0423863
0.038255
0.0284547
0.0239039
0.0201373
0.0168881
0.0138363
0.0109984
0.00839467
0.00602165
0.00387561
0.00195461
0.000256747
-0.00122006
-0.00247801
-0.00351945
-0.00434693
-0.00496326
-0.00537149
-0.00557497
-0.00557736
-0.00538263
-0.0049951
-0.00441946
-0.00366077
-0.00272446
-0.00161634
-0.000342602
0.00109015
0.00267488
0.00440413
0.00626999
0.00826414
0.0103778
0.0126018
0.0149265
0.0173418
0.019837
0.0224013
0.0250232
0.027691
0.0303925
0.0331152
0.0358462
0.0385725
0.0412807
0.0439572
0.0465884
0.0491607
0.0516602
0.0540733
0.0563864
0.0585864
0.0606601
0.062595
0.0643791
0.0660006
0.0674488
0.0687135
0.0697853
0.0706557
0.0713171
0.0717632
0.0719884
0.0719883
0.0717596
0.0713
0.0706085
0.0696848
0.0685298
0.0671454
0.0655339
0.0636988
0.0616436
0.0593727
0.0568906
0.0542002
0.0513046
0.0482294
0.0449965
0.0413055
0.0369032
0.0291549
0.0243409
0.0203591
0.0169278
0.0137086
0.0107188
0.00797953
0.00548671
0.00323576
0.00122393
-0.000551565
-0.00209375
-0.00340575
-0.00449086
-0.00535253
-0.00599443
-0.00642047
-0.00663479
-0.00664176
-0.00644602
-0.00605251
-0.00546645
-0.00469337
-0.00373913
-0.00260991
-0.00131223
0.000147041
0.00176068
0.00352104
0.00542011
0.00744943
0.00960017
0.0118631
0.0142284
0.0166862
0.0192257
0.0218361
0.0245058
0.0272232
0.0299759
0.0327515
0.0355371
0.0383195
0.0410852
0.0438204
0.0465115
0.0491443
0.0517051
0.0541797
0.0565544
0.0588153
0.0609492
0.0629428
0.0647836
0.0664595
0.0679588
0.0692708
0.0703854
0.0712934
0.0719864
0.0724572
0.0726995
0.0727079
0.0724785
0.072008
0.0712945
0.070337
0.0691357
0.0676916
0.0660065
0.0640831
0.0619245
0.0595348
0.056918
0.0540769
0.0510144
0.047758
0.0443309
0.0404145
0.035741
0.0295936
0.0245182
0.0203225
0.0167099
0.0133238
0.0101823
0.00730762
0.00469495
0.002339
0.00023631
-0.00161673
-0.00322399
-0.00458948
-0.00571736
-0.00661194
-0.00727772
-0.00771939
-0.00794184
-0.00795017
-0.00774967
-0.00734586
-0.0067445
-0.0059516
-0.00497342
-0.00381655
-0.00248782
-0.00099438
0.000656309
0.00245644
0.00439783
0.00647192
0.00866976
0.010982
0.0133989
0.0159103
0.0185057
0.0211739
0.0239036
0.0266829
0.0294995
0.0323409
0.0351939
0.0380454
0.0408817
0.0436889
0.046453
0.0491596
0.0517947
0.0543438
0.0567926
0.0591271
0.0613333
0.0633976
0.0653067
0.0670479
0.068609
0.0699783
0.0711452
0.0720995
0.0728322
0.073335
0.0736009
0.0736237
0.0733985
0.0729212
0.0721891
0.0712005
0.0699547
0.068452
0.0666937
0.0646818
0.0624192
0.0599095
0.0571567
0.0541633
0.0509324
0.047493
0.0438701
0.0397268
0.0347805
0.0297555
0.0244197
0.0200108
0.0162175
0.0126649
0.00937201
0.00636216
0.00362993
0.00116936
-0.00102371
-0.00295362
-0.00462504
-0.00604279
-0.00721187
-0.00813741
-0.0088247
-0.00927919
-0.00950648
-0.00951237
-0.00930279
-0.00888385
-0.00826184
-0.00744323
-0.00643474
-0.00524329
-0.00387608
-0.00234055
-0.000644396
0.00120436
0.00319738
0.00532598
0.00758108
0.00995324
0.0124326
0.015009
0.0176718
0.0204098
0.0232116
0.0260653
0.0289585
0.0318784
0.034812
0.0377458
0.0406659
0.0435584
0.0464089
0.0492027
0.0519254
0.0545622
0.0570984
0.0595194
0.0618106
0.063958
0.0659475
0.0677657
0.0693997
0.0708372
0.0720665
0.0730767
0.0738579
0.0744011
0.0746981
0.074742
0.0745268
0.0740479
0.0733016
0.0722853
0.0709977
0.0694383
0.067608
0.0655083
0.0631416
0.0605114
0.0576215
0.0544745
0.0510734
0.0474491
0.0436283
0.0392558
0.0340339
0.0296253
0.0240293
0.0194074
0.0154336
0.0117147
0.0082709
0.00512633
0.00227512
-0.000289351
-0.00257187
-0.00457746
-0.00631155
-0.00777976
-0.00898786
-0.00994177
-0.0106476
-0.0111114
-0.0113397
-0.0113388
-0.0111152
-0.0106758
-0.0100273
-0.00917668
-0.00813107
-0.00689778
-0.00548433
-0.00389847
-0.00214818
-0.000241698
0.00181247
0.00400548
0.00632815
0.00877091
0.0113238
0.0139766
0.0167184
0.0195383
0.0224245
0.0253651
0.0283476
0.0313591
0.0343864
0.0374158
0.0404333
0.0434246
0.0463751
0.0492698
0.0520939
0.054832
0.057469
0.0599898
0.0623794
0.0646227
0.0667053
0.0686129
0.0703318
0.0718489
0.0731516
0.0742282
0.0750678
0.0756603
0.0759969
0.0760695
0.0758714
0.0753969
0.0746416
0.073602
0.0722762
0.070663
0.0687627
0.0665763
0.0641061
0.0613552
0.0583275
0.0550254
0.0514524
0.047641
0.0436197
0.0390147
0.0335131
0.0291878
0.0233309
0.0184956
0.0143413
0.0104563
0.00686184
0.00358309
0.000613685
-0.00205362
-0.00442423
-0.00650385
-0.00829862
-0.00981491
-0.0110593
-0.0120384
-0.0127591
-0.0132283
-0.013453
-0.0134404
-0.0131975
-0.0127317
-0.0120504
-0.011161
-0.010071
-0.00878819
-0.00732041
-0.0056757
-0.00386232
-0.00188873
0.000236331
0.00250388
0.00490458
0.00742878
0.0100664
0.012807
0.0156398
0.0185536
0.0215366
0.0245767
0.0276614
0.0307777
0.033912
0.0370506
0.0401791
0.043283
0.0463474
0.049357
0.0522964
0.0551499
0.0579018
0.0605363
0.0630379
0.0653908
0.0675798
0.0695899
0.0714064
0.0730154
0.0744033
0.0755576
0.0764662
0.0771183
0.0775038
0.0776139
0.0774407
0.0769777
0.0762195
0.075162
0.0738024
0.0721389
0.0701713
0.0679002
0.0653274
0.0624561
0.05929
0.0558318
0.0520849
0.0480839
0.043859
0.0390176
0.033231
0.0284273
0.0223081
0.0172587
0.0129234
0.0088723
0.00512743
0.00171513
-0.00137149
-0.0041403
-0.0065973
-0.00874886
-0.0106018
-0.0121633
-0.0134406
-0.0144412
-0.0151726
-0.0156425
-0.0158587
-0.0158287
-0.0155606
-0.0150621
-0.0143411
-0.0134056
-0.0122636
-0.0109232
-0.00939267
-0.00768025
-0.00579452
-0.0037442
-0.00153824
0.000814189
0.00330361
0.00592024
0.00865391
0.0114941
0.0144298
0.0174497
0.020542
0.0236945
0.0268944
0.0301287
0.0333836
0.036645
0.0398985
0.0431291
0.0463217
0.0494604
0.0525295
0.0555128
0.058394
0.0611568
0.0637846
0.0662614
0.0685709
0.0706972
0.0726249
0.0743389
0.0758248
0.0770689
0.0780583
0.078781
0.0792259
0.0793831
0.0792437
0.0788002
0.0780464
0.0769772
0.0755892
0.0738799
0.0718483
0.0694949
0.0668212
0.06383
0.0605253
0.0569097
0.052987
0.0487935
0.0443615
0.0392787
0.0332007
0.0273277
0.0209441
0.0156792
0.0111624
0.00694491
0.00304991
-0.000495263
-0.00369797
-0.0065667
-0.00910804
-0.011329
-0.0132373
-0.0148405
-0.0161469
-0.0171647
-0.017902
-0.0183674
-0.0185693
-0.0185161
-0.0182162
-0.017678
-0.01691
-0.0159207
-0.0147186
-0.0133121
-0.0117099
-0.00992056
-0.00795292
-0.00581595
-0.00351882
-0.00107092
0.00151812
0.00423838
0.00707959
0.0100311
0.0130818
0.0162203
0.0194346
0.0227123
0.0260407
0.0294064
0.0327956
0.0361939
0.0395865
0.0429582
0.0462933
0.0495759
0.0527896
0.0559176
0.0589431
0.061849
0.0646182
0.0672337
0.0696784
0.0719356
0.0739887
0.0758218
0.0774195
0.0787667
0.0798496
0.080655
0.0811707
0.0813857
0.0812901
0.0808752
0.080134
0.0790604
0.0776502
0.0759002
0.073809
0.0713765
0.0686038
0.0654938
0.0620504
0.0582762
0.0541754
0.0497864
0.0451431
0.0398133
0.0334363
0.0258724
0.0192216
0.0137396
0.00904014
0.00465596
0.000610984
-0.00306633
-0.00638384
-0.00935066
-0.011974
-0.0142615
-0.0162216
-0.0178627
-0.0191938
-0.0202238
-0.0209618
-0.0214169
-0.0215983
-0.021515
-0.0211762
-0.020591
-0.0197682
-0.0187169
-0.017446
-0.0159645
-0.0142813
-0.0124054
-0.010346
-0.00811214
-0.00571332
-0.00315911
-0.000459306
0.002376
0.00533643
0.00841122
0.0115892
0.0148588
0.0182079
0.0216241
0.0250943
0.0286051
0.0321424
0.0356917
0.0392378
0.0427652
0.0462579
0.0496994
0.0530729
0.056361
0.0595463
0.062611
0.0655372
0.068307
0.0709025
0.0733059
0.0754998
0.0774671
0.079191
0.0806557
0.0818459
0.0827472
0.0833463
0.083631
0.0835902
0.0832142
0.0824948
0.0814251
0.0799999
0.0782153
0.0760694
0.0735614
0.0706924
0.0674649
0.063883
0.0599492
0.0556681
0.0510799
0.0462208
0.0406377
0.033953
0.0240441
0.0171228
0.0114213
0.0065381
0.00198661
-0.00220823
-0.0060169
-0.00944779
-0.0125106
-0.0152133
-0.0175641
-0.0195721
-0.0212467
-0.0225975
-0.0236344
-0.024367
-0.0248054
-0.0249594
-0.0248388
-0.0244535
-0.023813
-0.022927
-0.0218049
-0.0204562
-0.0188902
-0.0171163
-0.015144
-0.0129824
-0.0106412
-0.00812987
-0.00545825
-0.00263631
0.000325693
0.00341725
0.00662749
0.00994516
0.0133586
0.0168555
0.0204234
0.024049
0.0277187
0.0314183
0.0351329
0.0388472
0.0425454
0.0462108
0.0498267
0.0533756
0.0568398
0.0602009
0.0634407
0.0665402
0.0694807
0.0722434
0.0748094
0.0771602
0.0792776
0.0811436
0.082741
0.0840534
0.0850651
0.0857614
0.0861288
0.0861551
0.0858293
0.0851421
0.0840856
0.0826536
0.0808415
0.0786466
0.0760677
0.0731055
0.0697623
0.0660421
0.0619478
0.0574839
0.052693
0.0476129
0.0417693
0.0347672
0.0218248
0.014629
0.00870539
0.00363683
-0.0010827
-0.00542736
-0.00936656
-0.0129092
-0.0160658
-0.0188447
-0.0212551
-0.0233067
-0.0250098
-0.0263749
-0.0274124
-0.0281332
-0.0285478
-0.0286669
-0.0285011
-0.0280609
-0.0273566
-0.0263983
-0.0251961
-0.0237599
-0.0220996
-0.0202249
-0.0181456
-0.0158713
-0.0134117
-0.0107768
-0.00797636
-0.00502068
-0.00192011
0.00131469
0.00467274
0.00814269
0.0117128
0.0153707
0.0191037
0.0228984
0.0267411
0.0306173
0.0345119
0.0384094
0.0422935
0.0461473
0.0499535
0.053694
0.0573506
0.0609043
0.0643359
0.0676258
0.0707542
0.0737013
0.0764472
0.0789721
0.0812566
0.0832815
0.0850282
0.086479
0.0876166
0.0884251
0.0888896
0.0889965
0.0887335
0.0880901
0.0870572
0.0856277
0.0837961
0.0815588
0.0789142
0.0758625
0.0724058
0.0685482
0.0642924
0.0596432
0.0546454
0.0493389
0.0432271
0.0358967
0.0191956
0.0117205
0.00557179
0.000316111
-0.00457237
-0.00906686
-0.0131357
-0.0167884
-0.0200361
-0.0228879
-0.0253537
-0.0274442
-0.0291703
-0.0305434
-0.0315749
-0.0322765
-0.0326596
-0.0327356
-0.032516
-0.032012
-0.0312344
-0.0301942
-0.028902
-0.0273682
-0.0256031
-0.0236169
-0.0214197
-0.0190216
-0.0164324
-0.0136624
-0.0107215
-0.00762025
-0.00436902
-0.000978652
0.00253977
0.00617479
0.00991456
0.0137467
0.0176584
0.0216362
0.0256661
0.0297334
0.033823
0.0379188
0.0420044
0.0460625
0.0500752
0.0540241
0.0578901
0.0616535
0.0652945
0.0687925
0.0721268
0.0752765
0.0782205
0.0809377
0.0834075
0.0856093
0.0875231
0.0891295
0.0904101
0.0913472
0.0919244
0.0921267
0.0919405
0.0913537
0.0903562
0.0889396
0.0870975
0.0848254
0.0821211
0.0789843
0.0754169
0.0714228
0.0670048
0.0621678
0.0569589
0.05142
0.0450313
0.0373608
0.0161366
0.00837704
0.00199962
-0.00344525
-0.00850374
-0.0131481
-0.0173456
-0.0211064
-0.0244423
-0.0273633
-0.02988
-0.0320038
-0.0337468
-0.0351212
-0.0361393
-0.0368137
-0.0371568
-0.0371809
-0.0368981
-0.0363204
-0.0354597
-0.0343272
-0.0329344
-0.0312922
-0.0294113
-0.0273025
-0.0249761
-0.0224425
-0.0197121
-0.0167951
-0.0137019
-0.0104428
-0.00702859
-0.00347012
0.00022142
0.0040345
0.00795718
0.0119771
0.0160812
0.0202561
0.0244875
0.0287608
0.0330603
0.03737
0.041673
0.0459516
0.0501876
0.0543618
0.0584547
0.0624458
0.0663144
0.0700391
0.0735981
0.0769693
0.0801306
0.0830595
0.0857339
0.0881318
0.0902317
0.0920127
0.0934545
0.094538
0.0952451
0.0955591
0.0954649
0.0949491
0.0939999
0.0926079
0.0907654
0.0884672
0.0857102
0.0824934
0.0788186
0.0746894
0.0701086
0.0650813
0.0596568
0.0538791
0.0472043
0.0391808
0.0126267
0.00457689
-0.00203314
-0.00766951
-0.0128992
-0.0176936
-0.0220187
-0.0258854
-0.0293064
-0.0322923
-0.0348547
-0.037006
-0.0387591
-0.0401272
-0.0411238
-0.0417622
-0.042056
-0.0420183
-0.0416622
-0.0410005
-0.0400456
-0.0388099
-0.0373052
-0.0355431
-0.0335349
-0.0312916
-0.0288242
-0.0261432
-0.0232594
-0.0201832
-0.0169252
-0.013496
-0.0099062
-0.0061669
-0.00228931
0.00171496
0.00583393
0.0100551
0.0143656
0.0187518
0.0231993
0.0276934
0.0322183
0.0367575
0.041294
0.0458098
0.0502861
0.0547032
0.059041
0.0632783
0.0673934
0.071364
0.0751674
0.0787802
0.082179
0.0853401
0.0882397
0.0908543
0.0931607
0.0951363
0.0967592
0.0980083
0.0988639
0.0993076
0.0993223
0.0988931
0.0980068
0.0966524
0.0948211
0.0925065
0.0897046
0.0864139
0.0826355
0.0783731
0.0736292
0.0684091
0.0627643
0.0567411
0.0497702
0.0413798
0.00864411
0.000297362
-0.00654967
-0.0123802
-0.0177825
-0.0227269
-0.0271785
-0.0311487
-0.0346512
-0.0376973
-0.0402997
-0.0424718
-0.0442274
-0.045581
-0.046547
-0.0471399
-0.0473742
-0.0472641
-0.0468236
-0.0460664
-0.0450059
-0.043655
-0.0420263
-0.0401321
-0.0379843
-0.0355942
-0.0329733
-0.0301325
-0.0270827
-0.0238348
-0.0203993
-0.0167871
-0.013009
-0.00907588
-0.00499915
-0.000790399
0.00353837
0.00797466
0.0125055
0.0171172
0.0217956
0.0265255
0.0312912
0.036076
0.0408625
0.0456323
0.0503663
0.0550443
0.0596455
0.064148
0.0685292
0.0727659
0.0768342
0.0807096
0.0843672
0.087782
0.0909286
0.0937818
0.0963166
0.0985086
0.100334
0.10177
0.102794
0.103387
0.103529
0.103204
0.102397
0.101094
0.0992869
0.0969669
0.0941292
0.0907715
0.0868944
0.0825011
0.0775942
0.0721788
0.0663089
0.0600331
0.0527554
0.0439832
0.0041653
-0.0044856
-0.0115745
-0.017602
-0.0231784
-0.028273
-0.0328497
-0.0369208
-0.0405007
-0.0436019
-0.046238
-0.0484234
-0.0501732
-0.051503
-0.0524285
-0.0529652
-0.0531288
-0.0529346
-0.0523977
-0.0515328
-0.050354
-0.0488752
-0.0471097
-0.0450705
-0.0427699
-0.04022
-0.0374326
-0.0344189
-0.0311902
-0.0277574
-0.0241315
-0.0203232
-0.0163436
-0.0122035
-0.00791441
-0.00348775
0.00106443
0.00572966
0.010495
0.0153467
0.0202706
0.0252516
0.0302737
0.0353201
0.0403732
0.0454143
0.0504238
0.0553811
0.0602647
0.065052
0.0697196
0.0742433
0.0785979
0.0827579
0.0866968
0.0903881
0.0938048
0.0969199
0.0997066
0.102138
0.104189
0.105834
0.10705
0.107813
0.108103
0.107901
0.10719
0.105956
0.104187
0.101874
0.099011
0.0955943
0.091624
0.0871029
0.0820332
0.0764203
0.0703205
0.0637845
0.0561889
0.0470187
-0.000834393
-0.00979746
-0.0171337
-0.0233614
-0.0291135
-0.0343583
-0.0390586
-0.0432275
-0.0468804
-0.0500309
-0.0526934
-0.0548838
-0.0566186
-0.0579144
-0.0587883
-0.0592571
-0.0593377
-0.0590467
-0.0584003
-0.0574142
-0.0561035
-0.0544831
-0.052567
-0.0503689
-0.0479018
-0.0451783
-0.0422107
-0.0390105
-0.0355893
-0.0319583
-0.0281284
-0.0241108
-0.0199162
-0.0155558
-0.0110408
-0.00638272
-0.00159343
0.00331466
0.00832862
0.0134349
0.0186192
0.0238664
0.0291606
0.034485
0.0398215
0.0451513
0.0504544
0.0557098
0.0608952
0.0659876
0.0709625
0.0757947
0.0804581
0.0849255
0.0891693
0.0931612
0.0968725
0.100274
0.103338
0.106034
0.108336
0.110215
0.111645
0.112602
0.113062
0.113004
0.11241
0.111262
0.109548
0.107256
0.104379
0.100912
0.0968553
0.0922101
0.0869787
0.0811662
0.0748314
0.0680275
0.0601019
0.0505168
-0.00638117
-0.0156653
-0.0232548
-0.0296863
-0.0356159
-0.0410109
-0.0458331
-0.0500964
-0.0538172
-0.0570102
-0.0596913
-0.0618775
-0.0635868
-0.0648372
-0.0656472
-0.0660352
-0.0660193
-0.0656175
-0.0648472
-0.0637252
-0.062268
-0.0604911
-0.0584096
-0.0560378
-0.0533895
-0.0504779
-0.0473156
-0.0439147
-0.0402869
-0.0364437
-0.0323962
-0.0281554
-0.0237323
-0.0191379
-0.0143834
-0.00948022
-0.00444006
0.000724834
0.00600165
0.0113769
0.0168365
0.0223653
0.0279474
0.033566
0.0392029
0.044839
0.0504541
0.0560266
0.0615338
0.0669518
0.0722556
0.0774188
0.082414
0.0872129
0.0917864
0.0961042
0.100136
0.103851
0.107218
0.110206
0.112785
0.114924
0.116596
0.117772
0.118426
0.118536
0.11808
0.117039
0.115397
0.113142
0.110264
0.106758
0.102622
0.0978575
0.0924657
0.0864518
0.0798771
0.0727971
0.0645289
0.0545106
-0.0125029
-0.0221179
-0.0299673
-0.0366065
-0.0427156
-0.0482608
-0.0532028
-0.0575564
-0.0613394
-0.0645676
-0.0672582
-0.0694298
-0.0711019
-0.0722942
-0.0730268
-0.0733196
-0.0731922
-0.0726642
-0.0717542
-0.0704805
-0.0688606
-0.0669112
-0.0646483
-0.062087
-0.0592419
-0.0561267
-0.0527546
-0.049138
-0.045289
-0.0412191
-0.0369397
-0.0324617
-0.0277962
-0.0229541
-0.0179464
-0.0127843
-0.00747946
-0.00204382
0.00351001
0.00916876
0.0149184
0.0207441
0.0266299
0.032559
0.0385133
0.0444735
0.050419
0.056328
0.0621773
0.0679422
0.0735969
0.0791141
0.0844653
0.0896207
0.0945496
0.0992202
0.1036
0.107656
0.111355
0.114663
0.117548
0.119977
0.121918
0.123341
0.124217
0.12452
0.124226
0.123313
0.121764
0.119563
0.1167
0.113167
0.108961
0.104082
0.0985324
0.0923157
0.0854962
0.0781317
0.0695075
0.0590365
-0.0192292
-0.029186
-0.0373026
-0.0441538
-0.0504445
-0.0561398
-0.0611992
-0.0656387
-0.0694772
-0.0727321
-0.0754221
-0.0775675
-0.0791893
-0.0803093
-0.0809492
-0.0811308
-0.0808754
-0.0802041
-0.0791372
-0.0776943
-0.0758943
-0.0737549
-0.0712934
-0.0685257
-0.065467
-0.0621319
-0.0585339
-0.0546859
-0.0506003
-0.0462889
-0.0417629
-0.0370335
-0.0321114
-0.0270076
-0.0217327
-0.016298
-0.0107146
-0.00499432
0.000850607
0.00680719
0.0128617
0.0189993
0.0252045
0.0314605
0.0377491
0.0440511
0.0503458
0.0566109
0.0628228
0.0689562
0.0749846
0.0808796
0.0866116
0.0921495
0.0974608
0.102512
0.107269
0.111696
0.115757
0.119416
0.122638
0.125387
0.127628
0.129328
0.130455
0.13098
0.130874
0.130115
0.128681
0.126555
0.123723
0.120176
0.115911
0.110925
0.10522
0.0987999
0.0917307
0.0840731
0.0750788
0.0641344
-0.0265917
-0.0369026
-0.0452946
-0.0523625
-0.0588371
-0.0646822
-0.0698562
-0.0743763
-0.0782629
-0.0815349
-0.0842127
-0.0863185
-0.0878754
-0.0889071
-0.0894373
-0.0894899
-0.089088
-0.0882546
-0.0870117
-0.0853805
-0.0833812
-0.0810331
-0.0783542
-0.0753618
-0.0720718
-0.0684993
-0.0646585
-0.0605627
-0.0562246
-0.051656
-0.0468684
-0.0418727
-0.0366797
-0.0313
-0.0257442
-0.020023
-0.0141473
-0.00812849
-0.00197851
0.00429009
0.0106639
0.0171286
0.0236687
0.0302677
0.0369076
0.0435691
0.0502315
0.0568724
0.0634677
0.0699916
0.0764168
0.082714
0.0888525
0.0947997
0.100522
0.105983
0.111147
0.115976
0.120432
0.124476
0.128068
0.131171
0.133745
0.135755
0.137165
0.137942
0.138055
0.137476
0.136182
0.134153
0.131372
0.127828
0.123515
0.118431
0.112575
0.10595
0.0986267
0.0906671
0.0812878
0.069848
-0.0346244
-0.0453029
-0.0539795
-0.0612694
-0.0679302
-0.0739247
-0.0792101
-0.0838047
-0.0877308
-0.0910087
-0.0936612
-0.0957125
-0.0971878
-0.0981132
-0.0985147
-0.0984182
-0.0978494
-0.096833
-0.0953931
-0.0935525
-0.0913331
-0.0887555
-0.0858392
-0.0826022
-0.0790617
-0.0752333
-0.0711318
-0.066771
-0.0621636
-0.0573217
-0.0522569
-0.04698
-0.0415015
-0.0358317
-0.0299809
-0.0239594
-0.0177777
-0.0114468
-0.00497798
0.00161659
0.00832401
0.0151304
0.0220207
0.0289786
0.0359865
0.0430252
0.050074
0.0571103
0.0641099
0.0710465
0.077892
0.0846164
0.0911878
0.0975722
0.103734
0.109636
0.11524
0.120504
0.125389
0.129852
0.133851
0.137343
0.140288
0.142643
0.144372
0.145435
0.145798
0.145431
0.144306
0.142398
0.13969
0.136167
0.131821
0.126648
0.120645
0.113817
0.106235
0.0979638
0.0881837
0.0762248
-0.0433636
-0.0544252
-0.0633965
-0.0709142
-0.0777639
-0.0839071
-0.0892999
-0.093962
-0.0979175
-0.101189
-0.103801
-0.10578
-0.107155
-0.107954
-0.108205
-0.107938
-0.107179
-0.105956
-0.104296
-0.102223
-0.0997603
-0.0969308
-0.0937551
-0.0902525
-0.0864408
-0.0823368
-0.0779556
-0.0733114
-0.0684173
-0.0632856
-0.0579275
-0.0523539
-0.046575
-0.0406008
-0.0344411
-0.0281057
-0.0216045
-0.014948
-0.00814689
-0.00121271
0.00584224
0.0130046
0.02026
0.0275924
0.0349848
0.042418
0.0498716
0.057323
0.0647477
0.0721193
0.079409
0.086586
0.0936173
0.100468
0.1071
0.113475
0.119551
0.125286
0.130636
0.135556
0.139999
0.143921
0.147274
0.150015
0.1521
0.153487
0.154138
0.154016
0.15309
0.151333
0.148723
0.145241
0.140878
0.135628
0.129486
0.122455
0.114609
0.106018
0.0958205
0.0833173
-0.0528486
-0.0643105
-0.0735881
-0.08134
-0.0883814
-0.0946723
-0.100168
-0.104889
-0.108862
-0.112113
-0.114667
-0.116555
-0.117808
-0.118457
-0.118534
-0.11807
-0.117096
-0.115641
-0.113734
-0.111403
-0.108672
-0.105566
-0.102107
-0.098316
-0.0942112
-0.0898104
-0.0851293
-0.0801827
-0.0749837
-0.0695446
-0.0638768
-0.0579908
-0.0518965
-0.0456035
-0.039121
-0.0324581
-0.0256243
-0.018629
-0.0114825
-0.00419554
0.00322041
0.0107527
0.0183875
0.0261096
0.0339023
0.041747
0.0496235
0.0575093
0.0653801
0.073209
0.0809669
0.0886222
0.0961411
0.103487
0.110621
0.117502
0.124086
0.130329
0.136183
0.141599
0.146528
0.15092
0.154726
0.157894
0.160378
0.162131
0.163108
0.163269
0.162579
0.161005
0.15852
0.155104
0.150743
0.145428
0.139155
0.131924
0.123812
0.11489
0.104258
0.091183
-0.0631218
-0.0750037
-0.0846005
-0.092594
-0.0998299
-0.106267
-0.11186
-0.11663
-0.120608
-0.12382
-0.126297
-0.128072
-0.129178
-0.129652
-0.129526
-0.128837
-0.127619
-0.125903
-0.123721
-0.121103
-0.118077
-0.114667
-0.110899
-0.106794
-0.102373
-0.0976524
-0.0926501
-0.0873808
-0.0818578
-0.0760935
-0.0700991
-0.0638847
-0.0574598
-0.0508335
-0.0440143
-0.0370108
-0.0298313
-0.0224847
-0.0149802
-0.00732772
0.000462127
0.00837756
0.0164056
0.0245319
0.0327403
0.0410129
0.0493299
0.0576692
0.0660065
0.074315
0.0825651
0.0907248
0.0987593
0.106631
0.114299
0.12172
0.12885
0.135639
0.142037
0.147992
0.153452
0.15836
0.162663
0.166306
0.169235
0.171398
0.172746
0.173233
0.172818
0.171462
0.169135
0.165812
0.161475
0.156113
0.149718
0.14229
0.133908
0.124646
0.11356
0.0998847
-0.0742294
-0.0865537
-0.0964844
-0.104727
-0.112161
-0.118743
-0.124425
-0.129234
-0.133201
-0.136355
-0.138732
-0.140367
-0.141299
-0.141566
-0.141207
-0.140262
-0.138766
-0.136757
-0.134268
-0.131332
-0.127979
-0.124237
-0.120132
-0.115686
-0.110922
-0.105859
-0.100512
-0.0948989
-0.0890321
-0.082924
-0.0765855
-0.0700264
-0.0632557
-0.0562818
-0.0491124
-0.0417551
-0.0342175
-0.0265074
-0.0186329
-0.0106029
-0.00242699
0.00588413
0.0143185
0.0228626
0.0315014
0.0402176
0.0489922
0.0578035
0.0666274
0.0754374
0.0842037
0.0928939
0.101472
0.1099
0.118136
0.126134
0.133846
0.141222
0.148208
0.154748
0.160784
0.166257
0.171108
0.175275
0.1787
0.181325
0.183093
0.183953
0.183856
0.182759
0.180626
0.177427
0.17314
0.16775
0.161246
0.153625
0.144971
0.135359
0.123799
0.109492
-0.0862218
-0.0990141
-0.109295
-0.117797
-0.125431
-0.132155
-0.137919
-0.142753
-0.146689
-0.149763
-0.152013
-0.153479
-0.154204
-0.154231
-0.153604
-0.152365
-0.150557
-0.148218
-0.145386
-0.142097
-0.138384
-0.134277
-0.129803
-0.124988
-0.119854
-0.114421
-0.108707
-0.102727
-0.0964956
-0.0900244
-0.0833241
-0.0764039
-0.0692721
-0.0619362
-0.0544033
-0.0466797
-0.038772
-0.0306869
-0.0224312
-0.0140124
-0.00543911
0.00327933
0.0121321
0.021107
0.0301898
0.0393645
0.0486128
0.0579138
0.0672439
0.0765769
0.085883
0.0951296
0.104281
0.113296
0.122133
0.130744
0.139079
0.147085
0.154704
0.161876
0.16854
0.174631
0.180083
0.18483
0.188806
0.191947
0.19419
0.195474
0.195746
0.194955
0.193058
0.190019
0.185811
0.180415
0.173816
0.16601
0.157081
0.147109
0.135054
0.120081
-0.0991545
-0.112444
-0.123095
-0.131865
-0.139703
-0.146565
-0.152402
-0.157243
-0.161128
-0.164095
-0.166186
-0.167449
-0.16793
-0.167678
-0.166742
-0.165169
-0.163006
-0.160297
-0.157082
-0.153402
-0.149292
-0.144784
-0.139909
-0.134692
-0.129159
-0.123329
-0.117221
-0.110852
-0.104234
-0.0973796
-0.0902992
-0.0830012
-0.0754931
-0.0677814
-0.0598719
-0.05177
-0.043481
-0.03501
-0.0263626
-0.0175449
-0.00856392
0.000572378
0.00985464
0.0192719
0.0288115
0.0384585
0.0481956
0.0580031
0.0678581
0.0777348
0.087604
0.0974328
0.107185
0.116819
0.126292
0.135554
0.144553
0.153233
0.161533
0.169388
0.176733
0.183497
0.18961
0.194997
0.199585
0.203304
0.206081
0.207849
0.208545
0.208112
0.206498
0.20366
0.199566
0.19419
0.187515
0.179531
0.170327
0.159985
0.147412
0.131735
-0.113088
-0.126909
-0.137951
-0.147
-0.155046
-0.162042
-0.167938
-0.172768
-0.176576
-0.179404
-0.181301
-0.18232
-0.182514
-0.181939
-0.180647
-0.178694
-0.17613
-0.173005
-0.169363
-0.165249
-0.1607
-0.155753
-0.150439
-0.144787
-0.138822
-0.132567
-0.126038
-0.119254
-0.112228
-0.10497
-0.0974913
-0.0897989
-0.0818993
-0.0737981
-0.0654997
-0.0570081
-0.0483272
-0.0394605
-0.030412
-0.0211863
-0.0117885
-0.00222507
0.00749639
0.0173665
0.0273742
0.0375059
0.0477459
0.0580756
0.0684731
0.0789135
0.089368
0.0998042
0.110185
0.12047
0.130614
0.140566
0.150272
0.159672
0.168702
0.177295
0.185378
0.192876
0.199712
0.205804
0.211072
0.215435
0.218814
0.221131
0.222315
0.222298
0.221021
0.218432
0.214491
0.209168
0.202437
0.194287
0.184809
0.174086
0.16097
0.144548
-0.128092
-0.142482
-0.15394
-0.163281
-0.171538
-0.178661
-0.184602
-0.189398
-0.193097
-0.195749
-0.19741
-0.198139
-0.197997
-0.197046
-0.195347
-0.19296
-0.189943
-0.18635
-0.182231
-0.177635
-0.172603
-0.167174
-0.161382
-0.155258
-0.148828
-0.142114
-0.135137
-0.127913
-0.120454
-0.112773
-0.104877
-0.096773
-0.0884672
-0.0799632
-0.0712642
-0.0623724
-0.05329
-0.0440189
-0.0345612
-0.0249195
-0.0150973
-0.00509878
0.00507013
0.015402
0.0258876
0.0365151
0.0472705
0.0581365
0.0690928
0.0801156
0.091177
0.102245
0.113283
0.12425
0.1351
0.145781
0.156237
0.166405
0.176219
0.185605
0.194488
0.202785
0.210411
0.21728
0.2233
0.228383
0.232438
0.235378
0.23712
0.237587
0.236708
0.234423
0.230682
0.225447
0.218687
0.210386
0.200634
0.18952
0.175835
0.158624
-0.14424
-0.159246
-0.171148
-0.180794
-0.189264
-0.196508
-0.202474
-0.207207
-0.210761
-0.213195
-0.21457
-0.214954
-0.214418
-0.213032
-0.210865
-0.207984
-0.204455
-0.200336
-0.195686
-0.190555
-0.184989
-0.179032
-0.172719
-0.166082
-0.159151
-0.151947
-0.144491
-0.1368
-0.128885
-0.120758
-0.112426
-0.103895
-0.0951687
-0.0862495
-0.0771389
-0.0678374
-0.0583452
-0.0486622
-0.0387885
-0.0287245
-0.0184716
-0.00803184
0.00259106
0.0133919
0.0243634
0.035496
0.0467774
0.0581924
0.0697223
0.0813448
0.0930332
0.104756
0.116479
0.128159
0.13975
0.1512
0.16245
0.173436
0.184087
0.194327
0.204074
0.213239
0.221731
0.229453
0.236306
0.24219
0.247004
0.250649
0.25303
0.254057
0.253648
0.25173
0.248243
0.24314
0.236382
0.227946
0.217925
0.20641
0.192127
0.174075
-0.161619
-0.177292
-0.18967
-0.199638
-0.208323
-0.215675
-0.221645
-0.226281
-0.229647
-0.231809
-0.23284
-0.232817
-0.23182
-0.229931
-0.227226
-0.223783
-0.219674
-0.214966
-0.209722
-0.203997
-0.197844
-0.191307
-0.184426
-0.177235
-0.169763
-0.162034
-0.154068
-0.145882
-0.137487
-0.128893
-0.120107
-0.111132
-0.101971
-0.0926252
-0.0830931
-0.0733736
-0.0634646
-0.0533638
-0.0430688
-0.032578
-0.02189
-0.0110046
7.68832e-05
0.0113518
0.0228153
0.0344601
0.0462764
0.0582511
0.0703676
0.0826052
0.0949392
0.10734
0.119772
0.132195
0.144562
0.156821
0.168911
0.180766
0.192312
0.203468
0.214147
0.224255
0.233691
0.242351
0.250125
0.256902
0.262567
0.26701
0.270121
0.271795
0.271936
0.270459
0.267289
0.262369
0.255651
0.247103
0.236819
0.224892
0.209979
0.191031
-0.180326
-0.196726
-0.209619
-0.219924
-0.228825
-0.236272
-0.242216
-0.246714
-0.249839
-0.251668
-0.252285
-0.251781
-0.250246
-0.247774
-0.244453
-0.24037
-0.235606
-0.230235
-0.224328
-0.217946
-0.211145
-0.203974
-0.196474
-0.188682
-0.180629
-0.172338
-0.16383
-0.15512
-0.14622
-0.137138
-0.127879
-0.118446
-0.108838
-0.099054
-0.0890919
-0.0789475
-0.0686162
-0.0580933
-0.0473738
-0.0364534
-0.025328
-0.0139948
-0.00245224
0.0092997
0.021259
0.033421
0.0457787
0.0583215
0.0710352
0.0839016
0.0968978
0.109996
0.123163
0.136358
0.149536
0.162643
0.175619
0.188394
0.200894
0.213032
0.224716
0.235845
0.246312
0.256001
0.264793
0.272562
0.279183
0.284527
0.28847
0.290891
0.291676
0.290724
0.287947
0.283271
0.276637
0.268005
0.257467
0.245118
0.22954
0.209634
-0.20047
-0.217669
-0.231118
-0.241778
-0.250896
-0.25842
-0.264302
-0.268611
-0.271432
-0.272854
-0.272976
-0.271903
-0.269741
-0.266594
-0.262566
-0.257754
-0.252249
-0.246135
-0.239489
-0.232378
-0.224864
-0.216998
-0.208826
-0.200385
-0.191706
-0.182815
-0.173731
-0.164469
-0.155039
-0.145448
-0.135699
-0.125792
-0.115725
-0.105495
-0.0950956
-0.0845211
-0.0737641
-0.0628168
-0.0516716
-0.0403211
-0.0287583
-0.0169774
-0.00497378
0.00725568
0.019712
0.0323937
0.0452966
0.0584133
0.0717325
0.0852386
0.0989116
0.112726
0.126649
0.140644
0.154666
0.168661
0.182568
0.196318
0.209831
0.223019
0.235785
0.24802
0.259609
0.270428
0.280343
0.289217
0.296907
0.30327
0.308162
0.311444
0.312982
0.312655
0.310357
0.305998
0.299503
0.290821
0.280043
0.267262
0.250981
0.230044
-0.222179
-0.240259
-0.254314
-0.265349
-0.274679
-0.282255
-0.288031
-0.292089
-0.294529
-0.295456
-0.294986
-0.293242
-0.290347
-0.286421
-0.281582
-0.27594
-0.269597
-0.262649
-0.255179
-0.247261
-0.238962
-0.230337
-0.221435
-0.212293
-0.202944
-0.193414
-0.18372
-0.173877
-0.163893
-0.153772
-0.143516
-0.133122
-0.122586
-0.111902
-0.10106
-0.0900528
-0.0788685
-0.0674969
-0.0559272
-0.0441485
-0.0321509
-0.019925
-0.00746298
0.00524169
0.0181934
0.0313943
0.0448435
0.0585371
0.0724671
0.0866213
0.100983
0.115528
0.130229
0.14505
0.159947
0.174868
0.189752
0.204529
0.219118
0.233428
0.247355
0.260787
0.273598
0.285653
0.296808
0.306909
0.315799
0.323312
0.329286
0.333559
0.335975
0.336389
0.334674
0.330719
0.32443
0.315741
0.304739
0.291519
0.274491
0.252444
-0.245598
-0.264657
-0.279374
-0.290804
-0.300341
-0.307936
-0.31355
-0.317281
-0.319245
-0.319571
-0.318395
-0.31586
-0.312108
-0.307281
-0.301511
-0.294925
-0.287637
-0.279753
-0.271365
-0.262556
-0.253395
-0.243942
-0.234247
-0.224351
-0.214285
-0.204075
-0.193737
-0.183283
-0.172721
-0.162051
-0.151273
-0.140381
-0.129369
-0.118225
-0.106938
-0.0954966
-0.0838862
-0.0720929
-0.0601023
-0.0479002
-0.0354731
-0.0228079
-0.00989317
0.00328136
0.0167239
0.0304403
0.0444336
0.0587038
0.0732467
0.0880541
0.103112
0.118403
0.133899
0.149568
0.16537
0.181254
0.19716
0.213018
0.228746
0.24425
0.259423
0.274146
0.288284
0.301694
0.314216
0.325682
0.335913
0.344727
0.351935
0.357349
0.360789
0.362081
0.361071
0.357623
0.35162
0.342979
0.331778
0.318111
0.30029
0.277039
-0.270899
-0.291049
-0.306493
-0.31834
-0.328071
-0.335643
-0.341025
-0.344333
-0.345709
-0.345306
-0.343286
-0.339817
-0.335067
-0.329197
-0.32236
-0.3147
-0.306345
-0.297413
-0.288005
-0.27821
-0.268104
-0.257749
-0.247198
-0.236491
-0.225661
-0.214729
-0.203713
-0.192622
-0.181458
-0.170223
-0.15891
-0.147511
-0.136014
-0.124408
-0.112676
-0.100803
-0.0887703
-0.0765608
-0.0641561
-0.0515385
-0.0386902
-0.0255947
-0.0122361
0.00139955
0.0153247
0.0295495
0.0440813
0.0589242
0.0740786
0.0895405
0.105301
0.121345
0.13765
0.154189
0.170922
0.187804
0.204775
0.221767
0.238698
0.255472
0.271979
0.288092
0.303672
0.318562
0.332591
0.345571
0.357307
0.367589
0.376203
0.382934
0.387567
0.389897
0.389738
0.386923
0.381306
0.372779
0.361412
0.347293
0.328625
0.304064
-0.298281
-0.319657
-0.335903
-0.348186
-0.358093
-0.365585
-0.370644
-0.373412
-0.374061
-0.372775
-0.369748
-0.365178
-0.359261
-0.352185
-0.344126
-0.335245
-0.325687
-0.315582
-0.305041
-0.294161
-0.283021
-0.271687
-0.260212
-0.248637
-0.236993
-0.2253
-0.213573
-0.201817
-0.190033
-0.178216
-0.166357
-0.154444
-0.142462
-0.130394
-0.118219
-0.105919
-0.0934714
-0.0808543
-0.0680457
-0.0550236
-0.0417661
-0.0282525
-0.0144626
-0.000378119
0.0140179
0.0287402
0.0438007
0.0592085
0.0749688
0.0910827
0.107546
0.124349
0.141475
0.158899
0.176588
0.194499
0.212577
0.230755
0.248952
0.267072
0.285002
0.302612
0.319755
0.336262
0.351949
0.366611
0.38003
0.391972
0.402191
0.410438
0.416463
0.420022
0.420888
0.418858
0.413748
0.405421
0.393932
0.379359
0.359785
0.333789
-0.32798
-0.350741
-0.367873
-0.380613
-0.390666
-0.398003
-0.402625
-0.404706
-0.404457
-0.402101
-0.39787
-0.392001
-0.384723
-0.376253
-0.366793
-0.356526
-0.345614
-0.3342
-0.322404
-0.31033
-0.298062
-0.285668
-0.2732
-0.260699
-0.248193
-0.235701
-0.223232
-0.210787
-0.198365
-0.185954
-0.173542
-0.161112
-0.148645
-0.136118
-0.123508
-0.11079
-0.0979375
-0.0849253
-0.0717265
-0.0583146
-0.0446635
-0.0307478
-0.016543
-0.00202593
0.0128252
0.0280298
0.0436053
0.0595658
0.0759221
0.0926807
0.109843
0.127406
0.145358
0.163679
0.182344
0.201312
0.220535
0.239949
0.259475
0.279018
0.298465
0.317682
0.336514
0.354786
0.372297
0.388825
0.404129
0.417945
0.429996
0.439993
0.447643
0.452656
0.454757
0.453696
0.449244
0.441224
0.429671
0.41465
0.394102
0.366526
-0.360279
-0.384612
-0.402727
-0.415941
-0.426094
-0.433177
-0.437215
-0.438425
-0.437068
-0.433415
-0.427747
-0.420344
-0.411477
-0.401396
-0.390334
-0.378495
-0.366061
-0.353188
-0.340006
-0.326624
-0.313129
-0.299591
-0.286061
-0.272577
-0.259164
-0.245835
-0.232595
-0.219442
-0.206367
-0.193355
-0.180387
-0.167441
-0.154493
-0.141516
-0.12848
-0.115357
-0.102115
-0.0887242
-0.0751529
-0.06137
-0.0473449
-0.0330474
-0.0184481
-0.00351881
0.0117672
0.0274348
0.0435067
0.060003
0.0769404
0.0943317
0.112185
0.130503
0.149281
0.168508
0.188162
0.208212
0.228614
0.24931
0.270225
0.291268
0.312325
0.333262
0.35392
0.374112
0.393627
0.412225
0.429638
0.445573
0.459716
0.471733
0.481281
0.488017
0.491607
0.491741
0.488135
0.480559
0.469019
0.453561
0.431965
0.402638
-0.395514
-0.421644
-0.440853
-0.454549
-0.464738
-0.471433
-0.474697
-0.474806
-0.472081
-0.466855
-0.459469
-0.450256
-0.439534
-0.427594
-0.4147
-0.401082
-0.386942
-0.372447
-0.357739
-0.342929
-0.328107
-0.313341
-0.29868
-0.284157
-0.269793
-0.255595
-0.241562
-0.227685
-0.213948
-0.200331
-0.186809
-0.173353
-0.159934
-0.146519
-0.133073
-0.119562
-0.10595
-0.0922012
-0.0782795
-0.0641489
-0.0497737
-0.0351187
-0.0201497
-0.00483323
0.0108629
0.0269692
0.0435143
0.0605244
0.0780227
0.0960289
0.114558
0.133621
0.15322
0.173353
0.194006
0.215155
0.236766
0.258785
0.281147
0.303764
0.326526
0.3493
0.371923
0.394203
0.415917
0.436806
0.456578
0.474908
0.49144
0.505792
0.517562
0.526342
0.531728
0.533336
0.53081
0.523854
0.512432
0.49656
0.473833
0.442553
-0.434095
-0.462289
-0.482717
-0.496893
-0.507021
-0.513152
-0.515399
-0.514114
-0.509698
-0.502563
-0.493122
-0.481772
-0.468887
-0.454803
-0.439819
-0.424194
-0.408145
-0.391856
-0.375473
-0.359111
-0.342859
-0.326782
-0.310924
-0.295312
-0.279959
-0.264865
-0.25002
-0.235409
-0.221009
-0.20679
-0.192721
-0.178768
-0.164893
-0.151058
-0.137223
-0.123346
-0.109388
-0.0953073
-0.081062
-0.0666114
-0.0519146
-0.0369314
-0.0216222
-0.00594812
0.0101286
0.0266443
0.043634
0.0611303
0.0791636
0.097761
0.116946
0.136736
0.157145
0.178177
0.199831
0.22209
0.244931
0.268311
0.292171
0.316433
0.340993
0.36572
0.390454
0.414998
0.439118
0.462542
0.484951
0.505988
0.525251
0.542303
0.556677
0.567886
0.575441
0.578869
0.577719
0.57161
0.560447
0.544202
0.520249
0.486774
-0.476521
-0.507101
-0.528889
-0.543525
-0.553452
-0.55878
-0.559693
-0.556644
-0.550137
-0.540682
-0.528781
-0.51491
-0.499505
-0.482952
-0.46559
-0.447704
-0.429531
-0.411263
-0.393052
-0.375013
-0.357231
-0.339764
-0.322648
-0.305902
-0.289529
-0.273519
-0.257853
-0.242507
-0.227447
-0.212637
-0.198037
-0.183604
-0.169295
-0.155065
-0.140866
-0.126653
-0.112378
-0.0979955
-0.0834585
-0.0687204
-0.0537355
-0.038458
-0.022843
-0.00684599
0.00957649
0.0264671
0.0438671
0.0618164
0.0803526
0.0995108
0.119323
0.139817
0.161015
0.182933
0.20558
0.228953
0.253037
0.277805
0.303209
0.32918
0.355626
0.382424
0.409416
0.436406
0.463156
0.489377
0.51473
0.538823
0.561208
0.581386
0.598815
0.612917
0.6231
0.628776
0.629379
0.624413
0.613701
0.597149
0.571868
0.535908
-0.523407
-0.556763
-0.580067
-0.59511
-0.604638
-0.608839
-0.608005
-0.60272
-0.593623
-0.581347
-0.566504
-0.549658
-0.53132
-0.511932
-0.491871
-0.47145
-0.450922
-0.430485
-0.410291
-0.390451
-0.371043
-0.352113
-0.333688
-0.315772
-0.298358
-0.281422
-0.264936
-0.248861
-0.233156
-0.217773
-0.202665
-0.18778
-0.173066
-0.158471
-0.143941
-0.129425
-0.11487
-0.100222
-0.0854303
-0.0704428
-0.0552081
-0.0396753
-0.023794
-0.00751398
0.00921422
0.0264395
0.0442099
0.0625725
0.0815728
0.101255
0.121659
0.142824
0.164783
0.187563
0.211187
0.235665
0.260997
0.287171
0.314153
0.34189
0.370304
0.399283
0.428681
0.458306
0.487917
0.517219
0.545853
0.573394
0.599346
0.623145
0.644163
0.661716
0.675089
0.683553
0.68639
0.682955
0.672955
0.6562
0.629481
0.590684
-0.57552
-0.612125
-0.637115
-0.652467
-0.661305
-0.663944
-0.660819
-0.652696
-0.640386
-0.624677
-0.606312
-0.585963
-0.56422
-0.541586
-0.518475
-0.495225
-0.4721
-0.4493
-0.42697
-0.405213
-0.384092
-0.363639
-0.343864
-0.324756
-0.306291
-0.288433
-0.271137
-0.254353
-0.238027
-0.222102
-0.206517
-0.191214
-0.176132
-0.161212
-0.146392
-0.131614
-0.116818
-0.101948
-0.086944
-0.0717502
-0.0563095
-0.0405658
-0.0244628
-0.007945
0.00904327
0.0265573
0.0446519
0.0633817
0.0828003
0.102961
0.123913
0.145708
0.168389
0.191998
0.216571
0.242135
0.268706
0.29629
0.324872
0.35442
0.384872
0.416137
0.448083
0.48053
0.513244
0.545928
0.578208
0.609632
0.639657
0.66765
0.692889
0.714569
0.731824
0.743754
0.749445
0.748055
0.739127
0.722333
0.69406
0.651998
-0.633828
-0.67426
-0.701113
-0.716599
-0.724331
-0.72481
-0.71868
-0.706947
-0.690647
-0.670759
-0.648184
-0.623715
-0.598031
-0.571693
-0.545154
-0.518767
-0.492799
-0.467444
-0.442836
-0.419057
-0.39615
-0.374129
-0.35298
-0.332674
-0.313166
-0.294403
-0.276324
-0.258863
-0.241954
-0.225525
-0.209507
-0.193831
-0.178427
-0.163227
-0.148164
-0.133172
-0.118185
-0.103139
-0.0879722
-0.0726209
-0.0570235
-0.0411183
-0.0248439
-0.00813889
0.00905816
0.0268089
0.0451753
0.0642193
0.0840031
0.104589
0.126037
0.14841
0.171764
0.196156
0.221638
0.248253
0.27604
0.305022
0.335212
0.366597
0.399144
0.432784
0.46741
0.502862
0.538923
0.575301
0.61162
0.647405
0.682073
0.714922
0.745128
0.771749
0.793744
0.809995
0.819345
0.820687
0.813332
0.79675
0.76681
0.720957
-0.699565
-0.744537
-0.773426
-0.788752
-0.794775
-0.792275
-0.782194
-0.76586
-0.744597
-0.719623
-0.692022
-0.662722
-0.632495
-0.601957
-0.571587
-0.541747
-0.512695
-0.484607
-0.457592
-0.431707
-0.406965
-0.383351
-0.360827
-0.339337
-0.318813
-0.299181
-0.280361
-0.262271
-0.244828
-0.22795
-0.211553
-0.195559
-0.179888
-0.164465
-0.149213
-0.134061
-0.118937
-0.103771
-0.0884951
-0.0730408
-0.0573412
-0.0413296
-0.0249392
-0.00810335
0.00924542
0.027175
0.045754
0.0650523
0.0851402
0.106089
0.127972
0.15086
0.174827
0.199943
0.226277
0.253895
0.282855
0.313207
0.344988
0.378218
0.412893
0.448978
0.486398
0.525027
0.564672
0.605063
0.645833
0.686499
0.726445
0.764907
0.800957
0.833502
0.861295
0.882957
0.897016
0.902013
0.896937
0.880951
0.849248
0.798953
-0.77433
-0.824727
-0.855795
-0.870477
-0.873913
-0.867305
-0.852017
-0.829809
-0.802372
-0.771214
-0.737628
-0.702688
-0.667253
-0.631983
-0.59737
-0.563766
-0.531403
-0.500426
-0.470904
-0.442856
-0.416258
-0.391057
-0.367183
-0.344547
-0.323057
-0.302613
-0.283115
-0.26446
-0.246551
-0.229289
-0.21258
-0.196334
-0.180461
-0.164878
-0.149502
-0.134252
-0.119052
-0.103827
-0.088502
-0.0730046
-0.0572629
-0.0412053
-0.0247599
-0.0078548
0.00958288
0.0276271
0.0463533
0.0658384
0.0861616
0.107404
0.129648
0.152979
0.177484
0.20325
0.230365
0.258917
0.288987
0.320655
0.353988
0.389043
0.425852
0.464424
0.504726
0.546676
0.590127
0.634844
0.680487
0.726586
0.77251
0.817444
0.860361
0.90001
0.93491
0.963369
0.983514
0.993422
0.991625
0.97683
0.943313
0.887766
-0.860232
-0.917155
-0.950468
-0.963721
-0.963286
-0.951
-0.928832
-0.899113
-0.864001
-0.825339
-0.784657
-0.74317
-0.701809
-0.661257
-0.621994
-0.584335
-0.548468
-0.514482
-0.482393
-0.452166
-0.423728
-0.396982
-0.371814
-0.348104
-0.325724
-0.30455
-0.284455
-0.26532
-0.247027
-0.229463
-0.212522
-0.196101
-0.180103
-0.164433
-0.149002
-0.133725
-0.118518
-0.1033
-0.0879919
-0.0725171
-0.0567986
-0.0407604
-0.0243262
-0.00741904
0.0100391
0.0281278
0.0469288
0.0665264
0.0870076
0.108463
0.130986
0.154674
0.17963
0.205957
0.233763
0.263158
0.294252
0.327156
0.361972
0.398796
0.43771
0.478771
0.522004
0.567386
0.61483
0.664163
0.715097
0.767199
0.819852
0.872216
0.923183
0.971344
1.01496
1.05198
1.08003
1.09657
1.09949
1.08681
1.05153
0.989712
-0.960108
-1.02493
-1.06038
-1.07093
-1.06473
-1.04459
-1.0133
-0.97398
-0.929338
-0.881612
-0.832565
-0.783538
-0.735501
-0.689122
-0.64483
-0.602873
-0.56336
-0.526301
-0.491639
-0.459269
-0.429057
-0.400849
-0.374486
-0.349804
-0.326642
-0.304845
-0.284262
-0.264749
-0.246173
-0.228405
-0.211324
-0.194818
-0.178779
-0.163106
-0.147701
-0.132473
-0.117332
-0.102194
-0.086975
-0.0715933
-0.0559685
-0.0400203
-0.0236684
-0.00683148
0.0105731
0.0286303
0.0474275
0.0670556
0.0876095
0.109188
0.131897
0.155845
0.181148
0.207929
0.236315
0.266442
0.298447
0.332474
0.368667
0.407167
0.44811
0.491613
0.537772
0.586641
0.638215
0.692409
0.74902
0.80769
0.867857
0.928696
0.989055
1.04739
1.10171
1.14954
1.18789
1.21343
1.22314
1.21401
1.17722
1.10787
-1.07787
-1.1523
-1.18942
-1.1952
-1.18043
-1.14936
-1.10599
-1.0544
-0.99797
-0.939357
-0.880536
-0.82292
-0.767461
-0.714753
-0.66512
-0.618695
-0.575473
-0.535355
-0.498187
-0.463775
-0.431911
-0.402379
-0.374962
-0.349452
-0.32565
-0.303366
-0.282425
-0.262661
-0.243921
-0.226061
-0.208948
-0.192457
-0.176473
-0.160887
-0.145595
-0.130499
-0.115506
-0.100526
-0.0854727
-0.0702597
-0.0548035
-0.0390205
-0.0228267
-0.00613713
0.0111349
0.0290788
0.0477872
0.0673571
0.0878902
0.109494
0.132284
0.15638
0.181914
0.209024
0.237859
0.268578
0.301351
0.336355
0.373777
0.413811
0.456651
0.502488
0.551498
0.603834
0.659597
0.718821
0.781429
0.847188
0.915649
0.986066
1.05731
1.12775
1.19516
1.25664
1.30847
1.3463
1.36584
1.36256
1.32491
1.24645
-1.21905
-1.30515
-1.34276
-1.34041
-1.31287
-1.2666
-1.20721
-1.13998
-1.06907
-0.9975
-0.927395
-0.860143
-0.796578
-0.737134
-0.68196
-0.631013
-0.584129
-0.541067
-0.501549
-0.465278
-0.431956
-0.401294
-0.373016
-0.346864
-0.322598
-0.299996
-0.278854
-0.258985
-0.240218
-0.222394
-0.205367
-0.189005
-0.173181
-0.157781
-0.142696
-0.127822
-0.113063
-0.0983252
-0.0835181
-0.0685537
-0.0533453
-0.0378065
-0.0218508
-0.00539008
0.0116656
0.0294094
0.0479383
0.0673544
0.0877656
0.109287
0.132042
0.156163
0.181794
0.20909
0.23822
0.269368
0.302731
0.338526
0.376985
0.418354
0.462895
0.510878
0.562579
0.618261
0.678163
0.742472
0.811285
0.884558
0.96203
1.04313
1.12684
1.21157
1.29494
1.37363
1.44313
1.4978
1.53166
1.5379
1.50083
1.41136
-1.39184
-1.49188
-1.52736
-1.51134
-1.46478
-1.39732
-1.31674
-1.22973
-1.14119
-1.05442
-0.971509
-0.893663
-0.821457
-0.755042
-0.694297
-0.638938
-0.588586
-0.542824
-0.501224
-0.463368
-0.42886
-0.39733
-0.368438
-0.341875
-0.31736
-0.294637
-0.273477
-0.253672
-0.235032
-0.217386
-0.200578
-0.184465
-0.168916
-0.153809
-0.13903
-0.124474
-0.11004
-0.0956312
-0.0811557
-0.0665233
-0.0516452
-0.0364333
-0.0207991
-0.0046525
0.012099
0.0295512
0.0478047
0.0669653
0.0871462
0.108469
0.131063
0.155073
0.180653
0.207973
0.237222
0.268604
0.302349
0.338708
0.377958
0.420402
0.466372
0.516226
0.570346
0.629128
0.692973
0.76226
0.837314
0.918352
1.0054
1.09819
1.19599
1.29738
1.40003
1.50031
1.59294
1.67078
1.72562
1.74731
1.7138
1.61127
-1.60876
-1.72474
-1.75262
-1.7138
-1.63882
-1.5419
-1.43347
-1.32169
-1.21203
-1.10777
-1.01067
-0.921511
-0.840396
-0.767041
-0.700944
-0.641497
-0.588059
-0.539996
-0.496712
-0.457652
-0.422315
-0.390248
-0.361046
-0.334349
-0.309836
-0.287221
-0.266249
-0.246694
-0.228352
-0.21104
-0.194593
-0.178861
-0.163707
-0.149006
-0.13464
-0.1205
-0.106485
-0.0924965
-0.0784406
-0.0642261
-0.0497636
-0.034964
-0.0197375
-0.00399312
0.012363
0.0294286
0.0473061
0.0661045
0.0859403
0.10694
0.12924
0.15299
0.178356
0.205521
0.234689
0.266087
0.299969
0.336621
0.376363
0.419555
0.466599
0.517944
0.574085
0.635568
0.702973
0.776913
0.857995
0.94678
1.0437
1.14896
1.2623
1.38278
1.50838
1.63551
1.75829
1.86802
1.95375
2.00057
1.9766
1.85938
-1.8901
-2.02191
-2.03107
-1.95437
-1.83703
-1.69939
-1.55475
-1.41249
-1.2781
-1.15427
-1.04201
-0.94125
-0.851385
-0.771505
-0.700604
-0.63767
-0.581749
-0.531966
-0.487538
-0.44777
-0.412052
-0.37985
-0.350698
-0.324188
-0.299963
-0.27771
-0.257155
-0.238055
-0.220195
-0.203384
-0.187448
-0.172235
-0.157603
-0.143423
-0.129579
-0.115958
-0.102459
-0.0889836
-0.075437
-0.0617284
-0.0477683
-0.0334677
-0.0187371
-0.0034851
0.0123822
0.0289631
0.0463609
0.0646861
0.0840572
0.104603
0.126465
0.149798
0.174775
0.201589
0.230457
0.261623
0.295365
0.331997
0.371879
0.415422
0.463096
0.515439
0.573063
0.636665
0.707026
0.785016
0.871579
0.967704
1.07436
1.1924
1.32234
1.46409
1.61647
1.77646
1.93815
2.09161
2.22284
2.31063
2.30814
2.17697
-2.27059
-2.41093
-2.37889
-2.23954
-2.05946
-1.86621
-1.67545
-1.49669
-1.33433
-1.18956
-1.06189
-0.949969
-0.852138
-0.766668
-0.691927
-0.626435
-0.568892
-0.518166
-0.473286
-0.43342
-0.397858
-0.365992
-0.3373
-0.311337
-0.287716
-0.266104
-0.246212
-0.227786
-0.210602
-0.194465
-0.179198
-0.164645
-0.150665
-0.137127
-0.123915
-0.110917
-0.0980326
-0.0851633
-0.0722166
-0.0591023
-0.0457321
-0.0320181
-0.017872
-0.00320359
0.0120802
0.0280768
0.0448891
0.0626272
0.0814101
0.101367
0.122642
0.145392
0.169794
0.196048
0.224379
0.255044
0.288337
0.324596
0.364214
0.407644
0.455417
0.508148
0.566562
0.631503
0.703954
0.78506
0.876134
0.978661
1.09427
1.22468
1.37151
1.53603
1.71859
1.91776
2.12877
2.34153
2.53956
2.6942
2.73693
2.60033
-2.81314
-2.93358
-2.81507
-2.57292
-2.3013
-2.03394
-1.7864
-1.56585
-1.37359
-1.20791
-1.06588
-0.944303
-0.840143
-0.750676
-0.673558
-0.606812
-0.548784
-0.498098
-0.45361
-0.41437
-0.379582
-0.348581
-0.320806
-0.295783
-0.273108
-0.252434
-0.233463
-0.215938
-0.199632
-0.184348
-0.169911
-0.156164
-0.142967
-0.130192
-0.117723
-0.105453
-0.0932804
-0.0811114
-0.0688548
-0.0564231
-0.04373
-0.0306902
-0.0172175
-0.00322399
0.0113812
0.0266931
0.0428128
0.0598484
0.0779171
0.0971472
0.117681
0.139675
0.163309
0.188782
0.216325
0.246199
0.27871
0.31421
0.353112
0.395903
0.443156
0.495553
0.553909
0.619199
0.692592
0.775496
0.869598
0.976916
1.09983
1.2411
1.40378
1.59109
1.8059
2.04982
2.3213
2.61266
2.9075
3.1707
3.30596
3.19488
-3.63211
-3.65031
-3.35765
-2.95029
-2.54886
-2.18662
-1.87296
-1.60794
-1.38661
-1.20242
-1.04898
-0.920702
-0.812909
-0.721799
-0.644312
-0.577997
-0.520892
-0.471417
-0.428299
-0.3905
-0.357171
-0.327612
-0.301242
-0.277575
-0.2562
-0.23677
-0.218988
-0.202596
-0.187372
-0.173122
-0.159675
-0.146878
-0.134594
-0.122701
-0.111087
-0.0996461
-0.0882831
-0.0769064
-0.0654289
-0.0537665
-0.0418365
-0.0295569
-0.0168452
-0.00361686
0.0102154
0.0247432
0.0400637
0.0562814
0.0735099
0.0918736
0.111511
0.132576
0.155242
0.179709
0.206203
0.234986
0.266363
0.300691
0.338392
0.379966
0.426013
0.477254
0.534566
0.599017
0.671923
0.754912
0.850004
0.959718
1.0872
1.23633
1.41189
1.61959
1.86589
2.15742
2.4991
2.8907
3.32214
3.75841
4.07682
4.07839
-4.93394
-4.64064
-4.01645
-3.35562
-2.77797
-2.30082
-1.9162
-1.60908
-1.36375
-1.16669
-1.00709
-0.87663
-0.76895
-0.679239
-0.603831
-0.539913
-0.485311
-0.438324
-0.39761
-0.362098
-0.330924
-0.303384
-0.2789
-0.256993
-0.237262
-0.219368
-0.203024
-0.187983
-0.17403
-0.160981
-0.148671
-0.136955
-0.125704
-0.114801
-0.104139
-0.0936204
-0.0831529
-0.0726507
-0.0620314
-0.0512155
-0.040125
-0.0286826
-0.0168101
-0.00442778
0.00854684
0.0222004
0.0366251
0.0519198
0.0681924
0.0855611
0.104158
0.124129
0.145643
0.168888
0.194084
0.221485
0.251386
0.284137
0.320152
0.359927
0.404063
0.453288
0.508499
0.57081
0.641615
0.722678
0.816254
0.925253
1.05346
1.20585
1.38894
1.61129
1.88397
2.2208
2.63782
3.15049
3.76664
4.46679
5.12954
5.46079
-7.17813
-6.00422
-4.75336
-3.73052
-2.93577
-2.3356
-1.88772
-1.55092
-1.29372
-1.09404
-0.936446
-0.810097
-0.70734
-0.622694
-0.552169
-0.492811
-0.442394
-0.399216
-0.361955
-0.32957
-0.301229
-0.276263
-0.254122
-0.234356
-0.216588
-0.200501
-0.185826
-0.172332
-0.159822
-0.148123
-0.137082
-0.126565
-0.116452
-0.106634
-0.0970117
-0.0874949
-0.0779985
-0.0684425
-0.0587504
-0.0488484
-0.0386644
-0.0281263
-0.0171618
-0.0056968
0.00634523
0.0190448
0.0324873
0.0467647
0.061977
0.0782343
0.0956589
0.114388
0.134576
0.156401
0.180068
0.205812
0.233913
0.264698
0.298558
0.335966
0.37749
0.423834
0.475864
0.53467
0.601636
0.678539
0.767701
0.872201
0.996184
1.14533
1.32756
1.55404
1.84066
2.21011
2.69467
3.33687
4.18015
5.25642
6.56568
7.80736
-11.5602
-7.80268
-5.29308
-3.82
-2.84178
-2.17229
-1.71135
-1.38442
-1.14418
-0.962306
-0.821119
-0.709145
-0.618725
-0.544595
-0.483038
-0.431354
-0.38754
-0.35008
-0.3178
-0.289783
-0.265299
-0.243757
-0.224676
-0.20766
-0.192377
-0.178549
-0.165939
-0.154343
-0.143586
-0.133515
-0.123994
-0.114905
-0.10614
-0.0976021
-0.0892027
-0.0808604
-0.0724992
-0.0640471
-0.0554355
-0.0465981
-0.0374697
-0.0279858
-0.0180809
-0.0076887
0.00325983
0.0148369
0.0271193
0.0401893
0.0541365
0.0690593
0.0850668
0.102281
0.12084
0.140902
0.162648
0.186288
0.212067
0.240278
0.271266
0.305447
0.343328
0.385529
0.432821
0.486175
0.546827
0.61638
0.696947
0.791365
0.903537
1.03896
1.2056
1.41537
1.68653
2.04824
2.54905
3.26602
4.30365
5.85009
8.4499
12.3182
-18.9699
-9.55627
-5.06816
-3.2474
-2.28439
-1.70023
-1.32934
-1.07808
-0.89665
-0.759565
-0.652636
-0.567218
-0.497718
-0.440344
-0.392416
-0.351977
-0.317561
-0.288045
-0.262553
-0.240392
-0.221003
-0.203931
-0.188803
-0.175307
-0.163179
-0.152198
-0.142173
-0.132939
-0.124353
-0.116288
-0.108634
-0.10129
-0.094168
-0.0871853
-0.0802677
-0.073346
-0.0663554
-0.0592348
-0.0519253
-0.0443701
-0.0365134
-0.0282997
-0.0196731
-0.0105764
-0.000950801
0.00926539
0.0201375
0.0317353
0.0441346
0.0574182
0.0716773
0.087014
0.103543
0.121394
0.140716
0.16168
0.184486
0.209369
0.236605
0.266527
0.299532
0.336108
0.376854
0.422519
0.474048
0.532655
0.599927
0.677978
0.769699
0.879159
1.01232
1.1783
1.39196
1.67956
2.09194
2.72597
3.75692
5.67366
10.2794
19.8164
)
;

boundaryField
{
    movingWall
    {
        type            zeroGradient;
    }
    fixedWalls
    {
        type            zeroGradient;
    }
    frontAndBack
    {
        type            empty;
    }
}


// ************************************************************************* //
