/*--------------------------------*- C++ -*----------------------------------*\
  =========                 |
  \\      /  F ield         | OpenFOAM: The Open Source CFD Toolbox
   \\    /   O peration     | Website:  https://openfoam.org
    \\  /    A nd           | Version:  7
     \\/     M anipulation  |
\*---------------------------------------------------------------------------*/
FoamFile
{
    version     2.0;
    format      ascii;
    class       labelList;
    note        "nPoints: 1412 nCells: 607 nFaces: 2526 nInternalFaces: 1116";
    location    "constant/polyMesh";
    object      owner;
}
// * * * * * * * * * * * * * * * * * * * * * * * * * * * * * * * * * * * * * //


2526
(
0
0
0
1
1
1
2
2
2
3
3
3
4
4
4
5
5
5
6
6
6
7
7
7
8
8
8
9
9
10
10
11
11
12
12
13
13
14
14
15
15
16
16
17
17
18
18
19
20
20
21
21
22
22
23
23
24
24
25
25
26
26
27
27
28
28
29
30
30
31
31
32
32
33
33
34
34
35
35
36
36
37
37
38
38
39
40
40
41
41
42
42
43
43
44
44
45
45
46
46
47
47
48
48
49
50
50
51
51
52
52
53
53
54
54
55
55
56
56
57
57
58
58
59
60
60
61
61
62
62
63
63
64
64
65
65
66
66
67
67
68
68
69
70
70
71
71
72
72
73
73
74
74
75
75
76
76
77
77
78
78
79
80
80
81
81
82
82
83
83
84
84
85
85
86
86
87
87
88
88
89
90
90
91
91
92
92
93
93
94
94
95
95
96
96
97
97
98
98
99
100
100
101
101
102
102
103
103
104
104
105
105
106
106
107
107
108
108
109
110
110
111
111
112
112
113
113
114
114
115
115
116
116
117
117
118
118
119
120
121
121
122
122
123
123
124
124
125
125
126
126
127
127
128
128
129
130
130
131
131
132
132
133
133
134
134
135
135
136
136
137
137
138
139
139
140
140
141
141
142
142
143
143
144
144
145
145
146
146
147
147
148
149
149
150
150
151
151
152
152
153
153
154
154
155
155
156
156
157
157
158
159
159
160
160
161
161
162
162
163
163
164
164
165
165
166
166
167
167
168
169
169
170
170
171
171
172
172
173
173
174
174
175
175
176
176
177
177
178
179
179
180
180
181
181
182
182
183
183
184
184
185
185
186
186
187
187
188
189
189
190
190
191
191
192
192
193
193
194
194
195
195
196
196
197
197
198
199
199
200
200
201
201
202
202
203
203
204
204
205
205
206
206
207
207
209
209
210
210
211
211
212
212
213
213
214
214
215
215
216
216
218
218
219
219
220
220
221
221
222
222
223
223
224
224
225
226
226
227
227
228
228
229
229
230
230
231
231
232
232
233
234
234
235
235
236
236
237
237
238
238
239
239
240
240
242
242
243
243
244
244
245
245
246
246
247
247
248
249
249
250
250
251
251
252
252
253
253
254
254
256
256
257
257
258
258
259
259
260
260
261
262
263
263
264
264
265
265
266
266
267
268
268
269
269
270
270
271
271
273
273
274
274
275
275
276
277
277
278
278
279
279
280
281
281
282
282
283
283
285
285
286
286
287
288
288
289
289
290
291
291
292
292
293
294
294
295
295
296
297
298
298
300
301
302
303
305
306
307
308
309
310
310
311
312
312
313
313
314
315
315
316
316
317
318
318
319
319
320
321
321
322
322
323
324
324
325
325
326
326
327
328
328
329
329
330
330
331
332
332
333
333
334
334
335
336
336
337
337
338
338
339
339
340
341
341
342
342
343
343
344
344
345
345
346
347
347
348
348
349
349
350
350
351
351
352
353
353
354
354
355
355
356
356
357
357
358
358
359
360
360
361
361
362
362
363
363
364
364
365
365
366
367
367
368
368
369
369
370
370
371
371
372
372
373
374
374
375
375
376
376
377
377
378
378
379
379
380
380
381
382
382
383
383
384
384
385
385
386
386
387
387
388
388
389
390
390
391
391
392
392
393
393
394
394
395
395
396
396
397
397
398
399
399
400
400
401
401
402
402
403
403
404
404
405
405
406
406
407
408
408
409
409
410
410
411
411
412
412
413
413
414
414
415
415
416
416
417
418
418
419
419
420
420
421
421
422
422
423
423
424
424
425
425
426
426
427
428
428
429
429
430
430
431
431
432
432
433
433
434
434
435
435
436
436
437
438
438
439
439
440
440
441
441
442
442
443
443
444
444
445
445
446
446
447
448
448
449
449
450
450
451
451
452
452
453
453
454
454
455
455
456
456
457
458
458
459
459
460
460
461
461
462
462
463
463
464
464
465
465
466
466
468
468
469
469
470
470
471
471
472
472
473
473
474
474
475
475
476
477
477
478
478
479
479
480
480
481
481
482
482
483
483
484
484
485
485
486
487
487
488
488
489
489
490
490
491
491
492
492
493
493
494
494
495
495
496
497
497
498
498
499
499
500
500
501
501
502
502
503
503
504
504
505
505
506
507
507
508
508
509
509
510
510
511
511
512
512
513
513
514
514
515
515
516
517
517
518
518
519
519
520
520
521
521
522
522
523
523
524
524
525
525
526
527
527
528
528
529
529
530
530
531
531
532
532
533
533
534
534
535
535
536
537
537
538
538
539
539
540
540
541
541
542
542
543
543
544
544
545
545
546
547
547
548
548
549
549
550
550
551
551
552
552
553
553
554
554
555
555
556
557
557
558
558
559
559
560
560
561
561
562
562
563
563
564
564
565
565
566
567
567
568
568
569
569
570
570
571
571
572
572
573
573
574
574
575
575
576
577
577
578
578
579
579
580
580
581
581
582
582
583
583
584
584
585
585
586
587
587
588
588
589
589
590
590
591
591
592
592
593
593
594
594
595
595
596
597
598
599
600
601
602
603
604
605
0
10
20
30
40
50
60
70
80
90
100
110
120
1
11
21
31
41
51
61
71
81
91
101
111
121
130
139
149
159
169
179
189
199
209
218
226
234
242
249
256
262
2
12
22
32
42
52
62
72
82
92
102
112
122
131
140
150
160
170
180
190
200
210
219
227
235
243
250
257
263
268
273
277
281
285
288
291
294
297
3
13
23
33
43
53
63
73
83
93
103
113
123
132
141
151
161
171
181
191
201
211
220
228
236
244
251
258
264
269
274
278
282
286
289
292
295
298
300
301
4
14
24
34
44
54
64
74
84
94
104
114
124
133
142
152
162
172
182
192
202
212
221
229
237
245
252
259
265
270
275
279
283
287
290
293
296
299
5
15
25
35
45
55
65
75
85
95
105
115
125
134
143
153
163
173
183
193
203
213
222
230
238
246
253
260
266
271
276
280
284
6
16
26
36
46
56
66
76
86
96
106
116
126
135
144
154
164
174
184
194
204
214
223
231
239
247
254
261
267
272
7
17
27
37
47
57
67
77
87
97
107
117
127
136
145
155
165
175
185
195
205
215
224
232
240
248
255
8
18
28
38
48
58
68
78
88
98
108
118
128
137
146
156
166
176
186
196
206
216
225
233
241
9
19
29
39
49
59
69
79
89
99
109
119
129
138
147
157
167
177
187
197
207
217
148
158
168
178
188
198
208
0
10
20
30
40
50
60
70
80
90
100
110
120
1
11
21
31
41
51
61
71
81
91
101
111
121
130
139
149
159
169
179
189
199
209
218
226
234
242
249
256
262
2
12
22
32
42
52
62
72
82
92
102
112
122
131
140
150
160
170
180
190
200
210
219
227
235
243
250
257
263
268
273
277
281
285
288
291
294
297
3
13
23
33
43
53
63
73
83
93
103
113
123
132
141
151
161
171
181
191
201
211
220
228
236
244
251
258
264
269
274
278
282
286
289
292
295
298
300
301
4
14
24
34
44
54
64
74
84
94
104
114
124
133
142
152
162
172
182
192
202
212
221
229
237
245
252
259
265
270
275
279
283
287
290
293
296
299
5
15
25
35
45
55
65
75
85
95
105
115
125
134
143
153
163
173
183
193
203
213
222
230
238
246
253
260
266
271
276
280
284
6
16
26
36
46
56
66
76
86
96
106
116
126
135
144
154
164
174
184
194
204
214
223
231
239
247
254
261
267
272
7
17
27
37
47
57
67
77
87
97
107
117
127
136
145
155
165
175
185
195
205
215
224
232
240
248
255
8
18
28
38
48
58
68
78
88
98
108
118
128
137
146
156
166
176
186
196
206
216
225
233
241
9
19
29
39
49
59
69
79
89
99
109
119
129
138
147
157
167
177
187
197
207
217
148
158
168
178
188
198
208
302
303
304
302
303
304
305
306
307
305
306
307
477
487
497
507
517
527
537
547
557
567
577
587
597
341
347
353
360
367
374
382
390
399
408
418
428
438
448
458
468
478
488
498
508
518
528
538
548
558
568
578
588
598
310
312
315
318
321
324
328
332
336
342
348
354
361
368
375
383
391
400
409
419
429
439
449
459
469
479
489
499
509
519
529
539
549
559
569
579
589
599
308
309
311
313
316
319
322
325
329
333
337
343
349
355
362
369
376
384
392
401
410
420
430
440
450
460
470
480
490
500
510
520
530
540
550
560
570
580
590
600
314
317
320
323
326
330
334
338
344
350
356
363
370
377
385
393
402
411
421
431
441
451
461
471
481
491
501
511
521
531
541
551
561
571
581
591
601
327
331
335
339
345
351
357
364
371
378
386
394
403
412
422
432
442
452
462
472
482
492
502
512
522
532
542
552
562
572
582
592
602
340
346
352
358
365
372
379
387
395
404
413
423
433
443
453
463
473
483
493
503
513
523
533
543
553
563
573
583
593
603
359
366
373
380
388
396
405
414
424
434
444
454
464
474
484
494
504
514
524
534
544
554
564
574
584
594
604
381
389
397
406
415
425
435
445
455
465
475
485
495
505
515
525
535
545
555
565
575
585
595
605
398
407
416
426
436
446
456
466
476
486
496
506
516
526
536
546
556
566
576
586
596
606
417
427
437
447
457
467
477
487
497
507
517
527
537
547
557
567
577
587
597
341
347
353
360
367
374
382
390
399
408
418
428
438
448
458
468
478
488
498
508
518
528
538
548
558
568
578
588
598
310
312
315
318
321
324
328
332
336
342
348
354
361
368
375
383
391
400
409
419
429
439
449
459
469
479
489
499
509
519
529
539
549
559
569
579
589
599
308
309
311
313
316
319
322
325
329
333
337
343
349
355
362
369
376
384
392
401
410
420
430
440
450
460
470
480
490
500
510
520
530
540
550
560
570
580
590
600
314
317
320
323
326
330
334
338
344
350
356
363
370
377
385
393
402
411
421
431
441
451
461
471
481
491
501
511
521
531
541
551
561
571
581
591
601
327
331
335
339
345
351
357
364
371
378
386
394
403
412
422
432
442
452
462
472
482
492
502
512
522
532
542
552
562
572
582
592
602
340
346
352
358
365
372
379
387
395
404
413
423
433
443
453
463
473
483
493
503
513
523
533
543
553
563
573
583
593
603
359
366
373
380
388
396
405
414
424
434
444
454
464
474
484
494
504
514
524
534
544
554
564
574
584
594
604
381
389
397
406
415
425
435
445
455
465
475
485
495
505
515
525
535
545
555
565
575
585
595
605
398
407
416
426
436
446
456
466
476
486
496
506
516
526
536
546
556
566
576
586
596
606
417
427
437
447
457
467
305
306
307
308
309
310
310
312
315
318
321
324
328
332
336
341
341
305
305
306
307
308
309
311
314
314
317
320
323
327
327
331
335
340
340
346
352
359
359
366
373
381
381
389
398
398
407
417
417
427
0
10
20
30
40
50
60
70
80
90
100
110
120
120
130
139
149
159
169
179
189
199
209
218
226
234
242
249
256
347
353
360
367
374
382
390
399
408
418
428
438
448
458
468
477
477
487
497
507
517
527
537
547
557
567
577
587
597
9
19
29
39
49
59
69
79
89
99
109
119
129
138
148
148
158
168
178
188
437
447
457
467
467
476
486
496
506
516
526
536
546
556
566
576
586
596
606
262
262
268
273
277
281
285
288
291
294
297
297
300
301
302
303
304
208
217
217
225
233
241
241
248
255
255
261
267
272
272
276
280
284
284
287
290
293
296
299
299
300
301
302
303
304
304
198
208
)


// ************************************************************************* //
