/*--------------------------------*- C++ -*----------------------------------*\
  =========                 |
  \\      /  F ield         | OpenFOAM: The Open Source CFD Toolbox
   \\    /   O peration     | Website:  https://openfoam.org
    \\  /    A nd           | Version:  7
     \\/     M anipulation  |
\*---------------------------------------------------------------------------*/
FoamFile
{
    version     2.0;
    format      ascii;
    class       volVectorField;
    location    "20";
    object      U;
}
// * * * * * * * * * * * * * * * * * * * * * * * * * * * * * * * * * * * * * //

dimensions      [0 1 -1 0 0 0 0];

internalField   nonuniform List<vector> 
2413
(
(2 -1.04112e-15 0)
(2 -5.21134e-16 0)
(2 4.83474e-16 0)
(2 5.50591e-16 0)
(2 9.87751e-16 0)
(2 1.75651e-15 0)
(2 1.7234e-15 0)
(2 1.59383e-15 0)
(2 7.27087e-16 0)
(2 5.63771e-16 0)
(2 -3.04997e-17 0)
(2 2.66266e-16 0)
(2 1.32146e-15 0)
(2 1.17856e-15 0)
(2 1.06432e-14 0)
(2 4.74835e-13 0)
(2 1.56928e-11 0)
(2 3.98832e-10 0)
(2 9.12076e-09 0)
(2 1.5006e-07 0)
(2 1.74474e-06 0)
(1.99999 1.6561e-05 0)
(1.99989 0.000125541 0)
(1.99949 0.000627709 0)
(1.99782 0.00265552 0)
(1.99322 0.00882744 0)
(1.98506 0.0200636 0)
(1.96793 0.0437959 0)
(1.95204 0.0664673 0)
(1.93937 0.0868935 0)
(1.91914 0.121724 0)
(1.91001 0.13656 0)
(1.90903 0.134902 0)
(1.90819 0.13757 0)
(1.90579 0.140655 0)
(1.90619 0.142736 0)
(1.9066 0.143108 0)
(1.90785 0.143262 0)
(1.90961 0.142907 0)
(1.91181 0.141261 0)
(1.91425 0.139106 0)
(1.91668 0.137134 0)
(1.92034 0.133287 0)
(1.92368 0.129313 0)
(1.92578 0.127934 0)
(1.92741 0.1261 0)
(1.93051 0.122625 0)
(1.93322 0.119192 0)
(1.93481 0.116883 0)
(1.93596 0.115781 0)
(1.93687 0.115576 0)
(1.93725 0.115028 0)
(1.93735 0.1134 0)
(1.93775 0.111575 0)
(1.93833 0.109737 0)
(1.93806 0.108014 0)
(1.93728 0.106691 0)
(1.93644 0.105616 0)
(1.93548 0.105318 0)
(1.93468 0.104357 0)
(1.93521 0.101818 0)
(1.93513 0.100038 0)
(1.93581 0.0979014 0)
(1.93744 0.0939971 0)
(1.93828 0.0922853 0)
(1.93917 0.0911598 0)
(1.94154 0.087144 0)
(1.94271 0.0840054 0)
(1.94337 0.0833688 0)
(1.94525 0.0805503 0)
(1.94725 0.0757765 0)
(1.94812 0.0739854 0)
(1.94901 0.0729194 0)
(1.95134 0.0689778 0)
(1.95247 0.0655546 0)
(1.95316 0.0650135 0)
(1.95476 0.0626791 0)
(1.95689 0.0580306 0)
(1.95785 0.0560381 0)
(2 1.14992e-15 0)
(2 2.05008e-15 0)
(2 1.98359e-15 0)
(2 1.84902e-15 0)
(2 1.48719e-15 0)
(2 1.43302e-15 0)
(2 1.1471e-16 0)
(2 -2.62806e-16 0)
(2 -1.30288e-15 0)
(2 -1.06134e-15 0)
(2 -1.58162e-15 0)
(2 -1.13186e-15 0)
(2 1.62701e-16 0)
(2 3.64851e-16 0)
(2 4.33923e-16 0)
(2 -3.63814e-16 0)
(2 -1.25463e-15 0)
(2 -2.73598e-15 0)
(2 -3.14397e-15 0)
(2 -2.02672e-15 0)
(2 -1.63918e-15 0)
(2 -1.53662e-15 0)
(2 -1.52259e-15 0)
(2 -2.13688e-15 0)
(2 7.97768e-16 0)
(2 1.94991e-14 0)
(2 9.20204e-13 0)
(2 3.42587e-11 0)
(2 8.25659e-10 0)
(2 1.60569e-08 0)
(2 2.62049e-07 0)
(2 2.97941e-06 0)
(1.99998 2.46042e-05 0)
(1.99985 0.000172992 0)
(1.99932 0.000864024 0)
(1.99752 0.00314476 0)
(1.9922 0.010188 0)
(1.98358 0.0224894 0)
(1.96841 0.0442527 0)
(1.94919 0.0745503 0)
(1.9415 0.0875235 0)
(1.92752 0.109563 0)
(1.91365 0.135587 0)
(1.90793 0.141677 0)
(1.90823 0.14065 0)
(1.90878 0.14097 0)
(1.9088 0.142105 0)
(1.90995 0.142719 0)
(1.91085 0.142808 0)
(1.9123 0.142836 0)
(1.9144 0.141727 0)
(1.9169 0.139478 0)
(1.91922 0.137361 0)
(1.92191 0.134741 0)
(1.92502 0.13094 0)
(1.92717 0.129109 0)
(1.92842 0.12786 0)
(1.93088 0.124746 0)
(1.93402 0.121149 0)
(1.93562 0.118409 0)
(1.93636 0.117042 0)
(1.93657 0.116823 0)
(1.93627 0.116814 0)
(1.93555 0.116136 0)
(1.93504 0.114838 0)
(1.93515 0.113414 0)
(1.93496 0.111231 0)
(1.93431 0.109724 0)
(1.93344 0.109011 0)
(1.9331 0.107385 0)
(1.93246 0.106421 0)
(1.93238 0.104983 0)
(1.93375 0.101537 0)
(1.93448 0.0996441 0)
(1.93557 0.0979605 0)
(1.93811 0.0936672 0)
(1.93933 0.0904637 0)
(1.94004 0.0898938 0)
(1.94185 0.0871179 0)
(1.94353 0.0826924 0)
(1.94429 0.0813671 0)
(1.94523 0.0800353 0)
(1.94774 0.0757901 0)
(1.94893 0.0722857 0)
(1.94971 0.0716932 0)
(1.95143 0.0692144 0)
(1.95337 0.0646855 0)
(1.95426 0.0630021 0)
(2 4.18975e-15 0)
(2 1.79513e-15 0)
(2 2.10569e-15 0)
(2 2.78932e-15 0)
(2 3.42886e-15 0)
(2 3.3303e-15 0)
(2 2.81349e-15 0)
(2 3.28464e-15 0)
(2 2.63125e-15 0)
(2 2.03054e-15 0)
(2 1.91464e-15 0)
(2 8.12759e-16 0)
(2 9.72264e-16 0)
(2 1.9699e-15 0)
(2 1.03912e-15 0)
(2 -9.46642e-16 0)
(2 -1.89759e-15 0)
(2 -6.78397e-16 0)
(2 2.19084e-16 0)
(2 1.9397e-15 0)
(2 2.23166e-15 0)
(2 1.13002e-15 0)
(2 1.45229e-15 0)
(2 9.11491e-16 0)
(2 1.4677e-15 0)
(2 3.44315e-15 0)
(2 9.97676e-15 0)
(2 5.55369e-14 0)
(2 1.6806e-12 0)
(2 5.83194e-11 0)
(2 1.50755e-09 0)
(2 2.65045e-08 0)
(2 3.85134e-07 0)
(2 4.39062e-06 0)
(1.99997 3.42566e-05 0)
(1.99982 0.000211699 0)
(1.99916 0.00106388 0)
(1.99724 0.00367422 0)
(1.9919 0.0108465 0)
(1.98229 0.0247789 0)
(1.97066 0.0433533 0)
(1.94983 0.075515 0)
(1.93737 0.0951409 0)
(1.93471 0.104069 0)
(1.92149 0.122997 0)
(1.91267 0.140967 0)
(1.91013 0.143151 0)
(1.91002 0.142859 0)
(1.9109 0.14267 0)
(1.91217 0.14285 0)
(1.91371 0.142794 0)
(1.91491 0.142528 0)
(1.91675 0.142097 0)
(1.91915 0.140447 0)
(1.92147 0.138086 0)
(1.92379 0.135594 0)
(1.92635 0.13241 0)
(1.92842 0.130342 0)
(1.92954 0.129487 0)
(1.93101 0.126932 0)
(1.93383 0.123674 0)
(1.93541 0.120807 0)
(1.93566 0.11945 0)
(1.93534 0.118969 0)
(1.93449 0.118961 0)
(1.93327 0.118707 0)
(1.93234 0.117807 0)
(1.93202 0.116605 0)
(1.93161 0.115014 0)
(1.93135 0.112934 0)
(1.93062 0.111698 0)
(1.93013 0.110662 0)
(1.93086 0.10793 0)
(1.93121 0.106314 0)
(1.9319 0.104956 0)
(1.93426 0.100922 0)
(1.9355 0.0978563 0)
(1.93626 0.0970199 0)
(1.93838 0.0937882 0)
(1.94001 0.0892858 0)
(1.94081 0.0880572 0)
(1.94179 0.0867233 0)
(1.94419 0.0824553 0)
(1.94529 0.0792806 0)
(1.94603 0.0786907 0)
(1.94797 0.0759108 0)
(1.94983 0.0713473 0)
(1.95073 0.0697748 0)
(2 2.65915e-15 0)
(2 2.49569e-15 0)
(2 2.11806e-15 0)
(2 2.45052e-15 0)
(2 3.38503e-15 0)
(2 2.7861e-15 0)
(2 2.17587e-15 0)
(2 1.56247e-15 0)
(2 5.94236e-16 0)
(2 1.01269e-15 0)
(2 2.2877e-15 0)
(2 1.72213e-15 0)
(2 1.00934e-15 0)
(2 5.26368e-16 0)
(2 -9.43357e-16 0)
(2 -3.13431e-15 0)
(2 -6.11563e-15 0)
(2 -5.42011e-15 0)
(2 -3.53732e-15 0)
(2 -9.32311e-16 0)
(2 7.43636e-16 0)
(2 2.68777e-15 0)
(2 3.59146e-15 0)
(2 3.22332e-15 0)
(2 3.02875e-15 0)
(2 3.86463e-15 0)
(2 3.98704e-15 0)
(2 3.35474e-15 0)
(2 2.23245e-15 0)
(2 7.32441e-14 0)
(2 2.88801e-12 0)
(2 8.61738e-11 0)
(2 2.23414e-09 0)
(2 3.96991e-08 0)
(2 5.175e-07 0)
(2 5.59041e-06 0)
(1.99996 4.37579e-05 0)
(1.9998 0.000247022 0)
(1.99909 0.00117304 0)
(1.99704 0.00404108 0)
(1.99213 0.0109301 0)
(1.98213 0.0254801 0)
(1.97136 0.0424052 0)
(1.95498 0.0706245 0)
(1.93736 0.10119 0)
(1.9319 0.108143 0)
(1.9301 0.116895 0)
(1.91984 0.130155 0)
(1.91416 0.1417 0)
(1.91317 0.142571 0)
(1.91351 0.14373 0)
(1.91445 0.143537 0)
(1.91588 0.142797 0)
(1.91755 0.142597 0)
(1.91887 0.141967 0)
(1.92089 0.141197 0)
(1.92331 0.139351 0)
(1.92542 0.137001 0)
(1.92754 0.134092 0)
(1.92931 0.131874 0)
(1.93023 0.131122 0)
(1.9311 0.129155 0)
(1.93306 0.126464 0)
(1.93412 0.123957 0)
(1.93393 0.12262 0)
(1.93314 0.121975 0)
(1.93194 0.121799 0)
(1.9307 0.121537 0)
(1.92961 0.120831 0)
(1.92905 0.119488 0)
(1.92849 0.117851 0)
(1.92774 0.116894 0)
(1.92814 0.114536 0)
(1.92834 0.112681 0)
(1.92883 0.111257 0)
(1.93085 0.107491 0)
(1.93195 0.104687 0)
(1.93266 0.103947 0)
(1.93467 0.100809 0)
(1.93628 0.0963514 0)
(1.93705 0.0951443 0)
(1.9382 0.0935702 0)
(1.94061 0.08912 0)
(1.94168 0.0862021 0)
(1.94245 0.0855586 0)
(1.9445 0.0825644 0)
(1.94627 0.0780001 0)
(1.94715 0.0764959 0)
(2 7.39897e-16 0)
(2 1.59095e-15 0)
(2 1.56279e-15 0)
(2 1.32202e-15 0)
(2 1.65123e-15 0)
(2 3.81579e-16 0)
(2 2.32652e-15 0)
(2 2.26317e-15 0)
(2 2.40199e-15 0)
(2 2.72106e-15 0)
(2 3.27616e-15 0)
(2 2.4513e-15 0)
(2 1.43951e-15 0)
(2 -4.17167e-16 0)
(2 -1.7763e-15 0)
(2 -1.69024e-15 0)
(2 -1.26696e-15 0)
(2 -3.00817e-16 0)
(2 3.039e-16 0)
(2 1.15476e-15 0)
(2 2.60401e-16 0)
(2 9.19739e-16 0)
(2 1.76234e-15 0)
(2 2.02323e-15 0)
(2 2.19664e-15 0)
(2 9.44057e-16 0)
(2 6.17048e-16 0)
(2 7.88162e-17 0)
(2 -2.87583e-16 0)
(2 9.86579e-16 0)
(2 3.43291e-15 0)
(2 1.0367e-13 0)
(2 4.31865e-12 0)
(2 1.2002e-10 0)
(2 2.81376e-09 0)
(2 5.14423e-08 0)
(2 6.41057e-07 0)
(1.99999 6.28618e-06 0)
(1.99996 4.88776e-05 0)
(1.9998 0.000266463 0)
(1.9991 0.00117394 0)
(1.997 0.0041347 0)
(1.99254 0.0107868 0)
(1.98316 0.0248709 0)
(1.97216 0.0423174 0)
(1.9603 0.0627158 0)
(1.94188 0.0975618 0)
(1.93145 0.115261 0)
(1.93 0.116482 0)
(1.92708 0.124899 0)
(1.92089 0.13438 0)
(1.91719 0.140672 0)
(1.91717 0.142234 0)
(1.91737 0.143571 0)
(1.91797 0.143431 0)
(1.91939 0.142662 0)
(1.92126 0.142164 0)
(1.92278 0.141274 0)
(1.92478 0.140272 0)
(1.92673 0.138521 0)
(1.92837 0.136246 0)
(1.92964 0.134191 0)
(1.93017 0.133292 0)
(1.93074 0.131604 0)
(1.93176 0.129552 0)
(1.93201 0.127571 0)
(1.93131 0.126222 0)
(1.93016 0.125839 0)
(1.92868 0.125645 0)
(1.92743 0.124848 0)
(1.92673 0.123616 0)
(1.92586 0.122725 0)
(1.92577 0.120854 0)
(1.92572 0.118989 0)
(1.92575 0.117859 0)
(1.92732 0.114592 0)
(1.92836 0.111638 0)
(1.92902 0.110807 0)
(1.93101 0.107705 0)
(1.93261 0.103369 0)
(1.93335 0.102202 0)
(1.93467 0.100316 0)
(1.93699 0.0957889 0)
(1.938 0.0930024 0)
(1.93881 0.092511 0)
(1.94073 0.0895978 0)
(1.94259 0.0849788 0)
(1.94347 0.0834647 0)
(2 5.55654e-16 0)
(2 7.8501e-17 0)
(2 -8.03637e-16 0)
(2 -1.03332e-15 0)
(2 -1.18638e-15 0)
(2 -3.50563e-16 0)
(2 5.39196e-17 0)
(2 8.67102e-16 0)
(2 2.62191e-15 0)
(2 2.59213e-15 0)
(2 1.20287e-15 0)
(2 2.08708e-15 0)
(2 2.74627e-15 0)
(2 3.22895e-15 0)
(2 3.54557e-15 0)
(2 3.76265e-15 0)
(2 5.45922e-15 0)
(2 4.93459e-15 0)
(2 3.78674e-15 0)
(2 1.31185e-15 0)
(2 -2.45168e-16 0)
(2 -6.12286e-16 0)
(2 2.52417e-16 0)
(2 9.80822e-16 0)
(2 1.11513e-16 0)
(2 -8.09009e-16 0)
(2 -1.72271e-15 0)
(2 -3.19676e-15 0)
(2 -2.47949e-15 0)
(2 -2.64783e-15 0)
(2 -2.40167e-15 0)
(2 -2.78524e-15 0)
(2 5.48502e-16 0)
(2 1.14427e-13 0)
(2 5.05093e-12 0)
(2 1.47792e-10 0)
(2 3.12375e-09 0)
(2 5.51555e-08 0)
(2 6.97124e-07 0)
(1.99999 6.43621e-06 0)
(1.99996 4.84725e-05 0)
(1.9998 0.000268146 0)
(1.99918 0.0011163 0)
(1.99722 0.00388198 0)
(1.99315 0.0100703 0)
(1.98488 0.0229055 0)
(1.97351 0.0418041 0)
(1.96477 0.0575636 0)
(1.94835 0.0857626 0)
(1.93514 0.116094 0)
(1.93021 0.121136 0)
(1.92984 0.121761 0)
(1.92625 0.129545 0)
(1.9229 0.136425 0)
(1.92059 0.140312 0)
(1.92049 0.142682 0)
(1.92067 0.143409 0)
(1.92141 0.142804 0)
(1.92295 0.142083 0)
(1.92503 0.141423 0)
(1.92623 0.140931 0)
(1.92777 0.139853 0)
(1.92877 0.138449 0)
(1.92921 0.137248 0)
(1.92923 0.136261 0)
(1.92957 0.134826 0)
(1.92952 0.133145 0)
(1.92923 0.131497 0)
(1.92793 0.1307 0)
(1.92653 0.130256 0)
(1.9253 0.129404 0)
(1.92397 0.128657 0)
(1.92361 0.127064 0)
(1.92344 0.125064 0)
(1.92303 0.124143 0)
(1.92407 0.121532 0)
(1.92498 0.118593 0)
(1.9255 0.117584 0)
(1.92739 0.114523 0)
(1.92887 0.110374 0)
(1.92965 0.109258 0)
(1.93076 0.107593 0)
(1.9332 0.103012 0)
(1.93432 0.0999001 0)
(1.93522 0.0991112 0)
(1.93741 0.0958805 0)
(1.9389 0.0916877 0)
(1.93971 0.0906251 0)
(2 6.98687e-16 0)
(2 7.78146e-16 0)
(2 5.11561e-16 0)
(2 -2.44042e-16 0)
(2 -1.6151e-15 0)
(2 -3.01416e-16 0)
(2 2.27185e-16 0)
(2 6.60805e-16 0)
(2 6.39568e-16 0)
(2 -4.10503e-16 0)
(2 -1.41049e-15 0)
(2 -8.68107e-16 0)
(2 -8.68596e-17 0)
(2 1.00191e-15 0)
(2 1.03637e-15 0)
(2 1.67058e-15 0)
(2 2.12988e-15 0)
(2 1.95101e-15 0)
(2 6.69562e-16 0)
(2 -9.45177e-17 0)
(2 -1.66594e-15 0)
(2 -2.70297e-15 0)
(2 -2.63171e-15 0)
(2 -2.35867e-15 0)
(2 -3.25703e-15 0)
(2 -2.70576e-15 0)
(2 -2.59129e-15 0)
(2 -2.7709e-15 0)
(2 -4.4215e-15 0)
(2 -4.47901e-15 0)
(2 -3.08621e-15 0)
(2 -2.58851e-15 0)
(2 -2.19403e-15 0)
(2 -2.70057e-15 0)
(2 -6.98969e-16 0)
(2 1.23288e-13 0)
(2 4.83392e-12 0)
(2 1.50162e-10 0)
(2 3.1157e-09 0)
(2 5.17924e-08 0)
(2 6.65348e-07 0)
(2 5.99796e-06 0)
(1.99997 4.27336e-05 0)
(1.99982 0.000240668 0)
(1.99929 0.000994687 0)
(1.99761 0.00340416 0)
(1.99396 0.00902892 0)
(1.9872 0.0199695 0)
(1.97569 0.0391189 0)
(1.96772 0.0546837 0)
(1.95635 0.0749222 0)
(1.93993 0.10703 0)
(1.93301 0.123128 0)
(1.93168 0.122118 0)
(1.93051 0.125636 0)
(1.92714 0.132994 0)
(1.92467 0.138247 0)
(1.92325 0.141563 0)
(1.9232 0.143005 0)
(1.9236 0.142713 0)
(1.92502 0.141539 0)
(1.92689 0.141427 0)
(1.92786 0.141427 0)
(1.92842 0.141207 0)
(1.92871 0.140665 0)
(1.92819 0.140364 0)
(1.92742 0.139845 0)
(1.92707 0.139102 0)
(1.9267 0.137736 0)
(1.92563 0.136348 0)
(1.92427 0.135323 0)
(1.92288 0.134776 0)
(1.92151 0.133755 0)
(1.92121 0.131667 0)
(1.92054 0.130559 0)
(1.92092 0.128584 0)
(1.92172 0.125713 0)
(1.92209 0.124578 0)
(1.92357 0.121812 0)
(1.92525 0.117376 0)
(1.92606 0.115921 0)
(1.92719 0.114461 0)
(1.92944 0.110068 0)
(1.93038 0.107458 0)
(1.93123 0.106382 0)
(1.93369 0.102803 0)
(1.93533 0.0982133 0)
(1.93631 0.096831 0)
(2 7.78038e-16 0)
(2 9.82871e-16 0)
(2 7.42101e-16 0)
(2 1.44316e-15 0)
(2 3.8716e-15 0)
(2 4.96668e-15 0)
(2 5.19608e-15 0)
(2 4.35374e-15 0)
(2 3.36279e-15 0)
(2 1.65484e-15 0)
(2 5.57419e-16 0)
(2 3.9331e-16 0)
(2 7.89358e-16 0)
(2 1.12314e-15 0)
(2 3.93322e-16 0)
(2 -8.50206e-16 0)
(2 -3.04096e-15 0)
(2 -4.51458e-15 0)
(2 -4.50901e-15 0)
(2 -5.18195e-15 0)
(2 -6.1e-15 0)
(2 -7.03515e-15 0)
(2 -7.14526e-15 0)
(2 -6.18036e-15 0)
(2 -5.36078e-15 0)
(2 -4.12193e-15 0)
(2 -3.38149e-15 0)
(2 -3.21095e-15 0)
(2 -3.38388e-15 0)
(2 -4.69642e-15 0)
(2 -5.93441e-15 0)
(2 -5.27894e-15 0)
(2 -5.56986e-15 0)
(2 -5.31748e-15 0)
(2 -4.37112e-15 0)
(2 -4.30552e-15 0)
(2 -1.62701e-15 0)
(2 1.1244e-13 0)
(2 4.07156e-12 0)
(2 1.24975e-10 0)
(2 2.67845e-09 0)
(2 4.20357e-08 0)
(2 5.36478e-07 0)
(2 4.96502e-06 0)
(1.99997 3.46155e-05 0)
(1.99986 0.000194944 0)
(1.99942 0.000823999 0)
(1.99809 0.00277685 0)
(1.99493 0.00769505 0)
(1.98955 0.0167993 0)
(1.97924 0.033997 0)
(1.9698 0.0515997 0)
(1.96345 0.0666476 0)
(1.94657 0.095227 0)
(1.9372 0.119219 0)
(1.93445 0.121672 0)
(1.93457 0.122399 0)
(1.93125 0.129588 0)
(1.9281 0.13612 0)
(1.92595 0.14092 0)
(1.92572 0.142451 0)
(1.92583 0.142151 0)
(1.92711 0.141228 0)
(1.92866 0.141094 0)
(1.92904 0.141967 0)
(1.92874 0.142744 0)
(1.92778 0.143353 0)
(1.92654 0.143672 0)
(1.9253 0.143782 0)
(1.92416 0.143606 0)
(1.92302 0.142507 0)
(1.92181 0.141729 0)
(1.92032 0.140832 0)
(1.91905 0.139227 0)
(1.91809 0.137851 0)
(1.91788 0.136035 0)
(1.91865 0.132957 0)
(1.91892 0.131526 0)
(1.91969 0.129641 0)
(1.92151 0.125215 0)
(1.9222 0.123264 0)
(1.92359 0.121219 0)
(1.92578 0.11681 0)
(1.92673 0.114189 0)
(1.9275 0.113676 0)
(1.92926 0.110644 0)
(1.93136 0.105782 0)
(1.93238 0.10402 0)
(2 -4.26345e-16 0)
(2 1.50019e-15 0)
(2 2.09707e-15 0)
(2 3.2321e-15 0)
(2 4.42324e-15 0)
(2 4.30172e-15 0)
(2 3.64952e-15 0)
(2 2.32968e-15 0)
(2 4.14101e-16 0)
(2 -1.75458e-15 0)
(2 -1.83144e-15 0)
(2 -2.00397e-15 0)
(2 -3.46731e-15 0)
(2 -5.90078e-15 0)
(2 -6.03898e-15 0)
(2 -5.19112e-15 0)
(2 -5.36433e-15 0)
(2 -5.9521e-15 0)
(2 -7.27674e-15 0)
(2 -6.50408e-15 0)
(2 -5.47499e-15 0)
(2 -4.29212e-15 0)
(2 -4.0883e-15 0)
(2 -4.38031e-15 0)
(2 -3.52801e-15 0)
(2 -3.488e-15 0)
(2 -3.2689e-15 0)
(2 -3.08527e-15 0)
(2 -2.93538e-15 0)
(2 -5.4173e-15 0)
(2 -6.45869e-15 0)
(2 -6.19121e-15 0)
(2 -5.70979e-15 0)
(2 -4.94466e-15 0)
(2 -4.1601e-15 0)
(2 -5.14378e-15 0)
(2 -5.51826e-15 0)
(2 -5.98356e-15 0)
(2 -5.24969e-15 0)
(2 7.52156e-14 0)
(2 2.89836e-12 0)
(2 8.51105e-11 0)
(2 1.92872e-09 0)
(2 3.02236e-08 0)
(2 3.77471e-07 0)
(2 3.59823e-06 0)
(1.99998 2.52151e-05 0)
(1.9999 0.0001425 0)
(1.99957 0.000629237 0)
(1.99858 0.00212684 0)
(1.99604 0.00605443 0)
(1.99155 0.0137703 0)
(1.98356 0.027734 0)
(1.97311 0.0465368 0)
(1.96809 0.0596257 0)
(1.95464 0.0830832 0)
(1.9425 0.111489 0)
(1.93833 0.118814 0)
(1.93885 0.118475 0)
(1.93597 0.12586 0)
(1.93124 0.133732 0)
(1.92853 0.140371 0)
(1.92811 0.142016 0)
(1.92807 0.141311 0)
(1.92917 0.140752 0)
(1.93 0.141454 0)
(1.92939 0.142801 0)
(1.92813 0.144472 0)
(1.92649 0.146103 0)
(1.92437 0.146608 0)
(1.92227 0.146792 0)
(1.92107 0.148194 0)
(1.91905 0.147771 0)
(1.91765 0.147131 0)
(1.91599 0.145955 0)
(1.91476 0.14454 0)
(1.91526 0.141706 0)
(1.91572 0.138989 0)
(1.91628 0.13708 0)
(1.91765 0.133407 0)
(1.91822 0.131365 0)
(1.9191 0.129392 0)
(1.92176 0.124731 0)
(1.92304 0.120906 0)
(1.92402 0.120121 0)
(1.92599 0.117093 0)
(1.92737 0.11312 0)
(1.92802 0.112057 0)
(2 2.19345e-15 0)
(2 3.22104e-15 0)
(2 5.91483e-15 0)
(2 4.90314e-15 0)
(2 2.68408e-15 0)
(2 1.70481e-15 0)
(2 -7.99787e-17 0)
(2 -2.38534e-15 0)
(2 -4.74411e-15 0)
(2 -5.97534e-15 0)
(2 -6.60143e-15 0)
(2 -6.63443e-15 0)
(2 -7.02923e-15 0)
(2 -5.93951e-15 0)
(2 -4.84106e-15 0)
(2 -4.8959e-15 0)
(2 -4.94043e-15 0)
(2 -3.63352e-15 0)
(2 -3.29071e-15 0)
(2 -1.60258e-15 0)
(2 -4.72042e-16 0)
(2 9.83724e-16 0)
(2 8.85862e-16 0)
(2 -4.94369e-16 0)
(2 -5.14899e-16 0)
(2 -2.56503e-15 0)
(2 -3.0918e-15 0)
(2 -3.11875e-15 0)
(2 -4.10479e-15 0)
(2 -3.21063e-15 0)
(2 -3.13517e-15 0)
(2 -2.99099e-15 0)
(2 -2.56786e-15 0)
(2 -2.12601e-15 0)
(2 -1.90683e-15 0)
(2 -2.33986e-15 0)
(2 -3.35918e-15 0)
(2 -5.15324e-15 0)
(2 -4.91664e-15 0)
(2 -4.89077e-15 0)
(2 -3.67778e-15 0)
(2 3.85876e-14 0)
(2 1.74721e-12 0)
(2 4.93723e-11 0)
(2 1.1346e-09 0)
(2 1.85937e-08 0)
(2 2.31118e-07 0)
(2 2.27729e-06 0)
(1.99999 1.64355e-05 0)
(1.99993 9.37976e-05 0)
(1.9997 0.000433794 0)
(1.999 0.00153718 0)
(1.99717 0.00439389 0)
(1.99346 0.0106754 0)
(1.98755 0.0216277 0)
(1.97789 0.0388415 0)
(1.97149 0.0532137 0)
(1.96307 0.0708781 0)
(1.94897 0.100395 0)
(1.94317 0.113781 0)
(1.94338 0.113386 0)
(1.94131 0.121005 0)
(1.93452 0.130946 0)
(1.93124 0.139515 0)
(1.93058 0.141337 0)
(1.93048 0.140445 0)
(1.93117 0.140455 0)
(1.93067 0.142297 0)
(1.9288 0.144548 0)
(1.92653 0.147179 0)
(1.92391 0.14909 0)
(1.92135 0.149784 0)
(1.91959 0.150277 0)
(1.91762 0.152786 0)
(1.91477 0.152773 0)
(1.91334 0.152243 0)
(1.91192 0.150903 0)
(1.9118 0.148618 0)
(1.91214 0.146168 0)
(1.91379 0.141945 0)
(1.91472 0.138485 0)
(1.91508 0.13764 0)
(1.91688 0.134017 0)
(1.91848 0.12984 0)
(1.91963 0.127889 0)
(1.92229 0.123991 0)
(1.92375 0.119455 0)
(1.92473 0.11821 0)
(2 4.18471e-15 0)
(2 3.96313e-15 0)
(2 5.10271e-15 0)
(2 5.32926e-15 0)
(2 4.15313e-15 0)
(2 3.75335e-15 0)
(2 2.343e-15 0)
(2 3.05429e-16 0)
(2 -6.78762e-16 0)
(2 -4.3935e-16 0)
(2 -1.20605e-15 0)
(2 -1.42831e-15 0)
(2 -8.30314e-16 0)
(2 -9.19237e-16 0)
(2 -1.67207e-15 0)
(2 -2.94769e-15 0)
(2 -2.58448e-15 0)
(2 -5.69433e-16 0)
(2 3.0149e-16 0)
(2 -4.56479e-16 0)
(2 -1.83962e-15 0)
(2 -1.81707e-15 0)
(2 -6.58347e-16 0)
(2 -8.78852e-16 0)
(2 -1.49442e-15 0)
(2 -2.13074e-15 0)
(2 -3.66315e-15 0)
(2 -4.54757e-15 0)
(2 -3.72908e-15 0)
(2 -1.1382e-15 0)
(2 -1.47814e-15 0)
(2 -2.34644e-15 0)
(2 -9.82331e-16 0)
(2 -1.2658e-16 0)
(2 1.2919e-15 0)
(2 1.36872e-15 0)
(2 5.51519e-16 0)
(2 -1.30894e-15 0)
(2 -4.98393e-16 0)
(2 -6.55594e-16 0)
(2 -1.77347e-15 0)
(2 3.82472e-16 0)
(2 1.80794e-15 0)
(2 2.10084e-14 0)
(2 8.37356e-13 0)
(2 2.41025e-11 0)
(2 5.57604e-10 0)
(2 9.62985e-09 0)
(2 1.22418e-07 0)
(2 1.24155e-06 0)
(1.99999 9.52532e-06 0)
(1.99996 5.55387e-05 0)
(1.99982 0.000266713 0)
(1.99935 0.00100655 0)
(1.99812 0.00299587 0)
(1.9954 0.00755903 0)
(1.99078 0.0162091 0)
(1.98341 0.0297593 0)
(1.97559 0.0456806 0)
(1.97008 0.0596462 0)
(1.9568 0.0858977 0)
(1.94887 0.106313 0)
(1.94814 0.107014 0)
(1.94694 0.114628 0)
(1.93831 0.127304 0)
(1.93436 0.137906 0)
(1.93346 0.140023 0)
(1.93326 0.139048 0)
(1.93305 0.140557 0)
(1.93052 0.144048 0)
(1.92723 0.147878 0)
(1.92439 0.150755 0)
(1.9213 0.152125 0)
(1.91853 0.153421 0)
(1.9166 0.15464 0)
(1.91382 0.157513 0)
(1.91063 0.157718 0)
(1.90925 0.15719 0)
(1.9084 0.155561 0)
(1.90842 0.153089 0)
(1.91013 0.148794 0)
(1.91126 0.145632 0)
(1.91313 0.141625 0)
(1.91415 0.138161 0)
(1.91458 0.137216 0)
(1.91645 0.133758 0)
(1.9194 0.127878 0)
(1.92072 0.125328 0)
(2 3.76066e-15 0)
(2 3.91845e-15 0)
(2 3.70557e-15 0)
(2 2.8243e-15 0)
(2 2.20245e-15 0)
(2 1.38228e-15 0)
(2 5.18914e-16 0)
(2 -8.47675e-16 0)
(2 -6.7164e-16 0)
(2 2.44751e-16 0)
(2 -4.91479e-17 0)
(2 1.80679e-15 0)
(2 1.77315e-15 0)
(2 3.40943e-16 0)
(2 -1.45299e-15 0)
(2 -1.30068e-15 0)
(2 -9.7317e-16 0)
(2 -6.96595e-16 0)
(2 -1.99973e-15 0)
(2 -2.02775e-15 0)
(2 -4.12092e-15 0)
(2 -4.50066e-15 0)
(2 -3.7333e-15 0)
(2 -2.90514e-15 0)
(2 -3.4055e-15 0)
(2 -3.89329e-15 0)
(2 -3.96216e-15 0)
(2 -3.56248e-15 0)
(2 -3.69609e-15 0)
(2 -2.90252e-15 0)
(2 -2.29904e-15 0)
(2 -1.45766e-15 0)
(2 -3.11305e-16 0)
(2 -1.45171e-15 0)
(2 -2.19498e-15 0)
(2 -1.98094e-15 0)
(2 -1.74552e-15 0)
(2 -1.84263e-15 0)
(2 -3.47748e-15 0)
(2 -3.00202e-15 0)
(2 -2.65913e-15 0)
(2 -9.17425e-16 0)
(2 3.57477e-16 0)
(2 1.22438e-15 0)
(2 -2.71619e-16 0)
(2 3.86884e-15 0)
(2 3.11051e-13 0)
(2 9.64195e-12 0)
(2 2.27337e-10 0)
(2 4.16121e-09 0)
(2 5.53856e-08 0)
(2 5.77807e-07 0)
(2 4.73766e-06 0)
(1.99998 2.9215e-05 0)
(1.9999 0.000145439 0)
(1.99963 0.000586173 0)
(1.99886 0.00186534 0)
(1.99707 0.0048967 0)
(1.99363 0.0111949 0)
(1.98831 0.0215628 0)
(1.98115 0.035586 0)
(1.97519 0.0496551 0)
(1.96595 0.0696423 0)
(1.95546 0.0948853 0)
(1.95282 0.0996861 0)
(1.95317 0.106218 0)
(1.94292 0.121764 0)
(1.938 0.135338 0)
(1.93665 0.137787 0)
(1.93661 0.13699 0)
(1.93446 0.140929 0)
(1.92944 0.146752 0)
(1.92559 0.151549 0)
(1.92198 0.154677 0)
(1.91879 0.155661 0)
(1.91575 0.157381 0)
(1.91309 0.159299 0)
(1.90991 0.16254 0)
(1.90658 0.162891 0)
(1.90524 0.162169 0)
(1.90521 0.159738 0)
(1.90573 0.156951 0)
(1.90728 0.153164 0)
(1.90986 0.14701 0)
(1.91091 0.144326 0)
(1.91203 0.142391 0)
(1.91403 0.137632 0)
(1.91482 0.135432 0)
(2 2.34921e-15 0)
(2 9.52893e-16 0)
(2 5.99985e-16 0)
(2 1.19095e-15 0)
(2 1.72357e-15 0)
(2 1.22848e-15 0)
(2 -1.02875e-15 0)
(2 -6.66882e-16 0)
(2 -8.99497e-16 0)
(2 -8.77723e-16 0)
(2 -8.76373e-16 0)
(2 -6.52226e-16 0)
(2 -1.66804e-15 0)
(2 -2.69199e-15 0)
(2 -1.76827e-15 0)
(2 -8.2868e-16 0)
(2 -1.85512e-15 0)
(2 -2.61657e-15 0)
(2 -4.4006e-15 0)
(2 -4.6191e-15 0)
(2 -4.58424e-15 0)
(2 -4.61448e-15 0)
(2 -5.42291e-15 0)
(2 -5.61648e-15 0)
(2 -6.15037e-15 0)
(2 -5.6986e-15 0)
(2 -4.74842e-15 0)
(2 -3.87202e-15 0)
(2 -3.25166e-15 0)
(2 -9.49713e-16 0)
(2 9.38967e-16 0)
(2 1.61122e-15 0)
(2 2.35362e-15 0)
(2 1.51926e-15 0)
(2 1.2252e-16 0)
(2 1.51628e-16 0)
(2 3.78273e-16 0)
(2 7.31252e-16 0)
(2 1.5158e-15 0)
(2 2.03772e-15 0)
(2 2.20818e-15 0)
(2 1.86426e-15 0)
(2 2.0481e-15 0)
(2 2.66144e-15 0)
(2 2.28412e-15 0)
(2 4.38862e-15 0)
(2 3.8898e-15 0)
(2 4.89516e-15 0)
(2 9.64232e-14 0)
(2 3.11119e-12 0)
(2 7.52166e-11 0)
(2 1.46e-09 0)
(2 2.08377e-08 0)
(2 2.28833e-07 0)
(2 1.97628e-06 0)
(1.99999 1.32184e-05 0)
(1.99995 6.92061e-05 0)
(1.99981 0.00029937 0)
(1.99938 0.00102169 0)
(1.99831 0.0028898 0)
(1.99609 0.00692871 0)
(1.99221 0.0145347 0)
(1.9869 0.0251925 0)
(1.98058 0.0388435 0)
(1.97392 0.0548025 0)
(1.96369 0.0778771 0)
(1.95789 0.0909767 0)
(1.95932 0.0959549 0)
(1.94899 0.112755 0)
(1.94214 0.131185 0)
(1.93969 0.134654 0)
(1.93987 0.134196 0)
(1.93545 0.140778 0)
(1.92788 0.150235 0)
(1.92379 0.155401 0)
(1.91956 0.158452 0)
(1.91593 0.159724 0)
(1.91291 0.161515 0)
(1.90916 0.164359 0)
(1.90587 0.167727 0)
(1.90277 0.167804 0)
(1.90168 0.167011 0)
(1.90174 0.164471 0)
(1.90315 0.160482 0)
(1.90504 0.156049 0)
(1.90729 0.151604 0)
(1.90976 0.145439 0)
(1.9107 0.142876 0)
(2 3.91885e-15 0)
(2 3.24472e-15 0)
(2 2.38019e-15 0)
(2 1.77948e-15 0)
(2 -1.01383e-15 0)
(2 -2.9128e-15 0)
(2 -1.26129e-15 0)
(2 8.68109e-16 0)
(2 8.79148e-16 0)
(2 -7.96018e-17 0)
(2 2.45137e-16 0)
(2 -6.89174e-16 0)
(2 -1.12612e-15 0)
(2 1.02751e-15 0)
(2 1.0771e-15 0)
(2 2.59094e-16 0)
(2 -1.80637e-15 0)
(2 -3.54046e-15 0)
(2 -2.57098e-15 0)
(2 -9.4464e-16 0)
(2 -1.30032e-15 0)
(2 -2.2538e-15 0)
(2 -2.08119e-15 0)
(2 -8.75668e-16 0)
(2 -4.88547e-16 0)
(2 -3.14012e-16 0)
(2 -8.75258e-16 0)
(2 -2.80668e-15 0)
(2 -2.9694e-15 0)
(2 -3.06166e-15 0)
(2 -1.54039e-15 0)
(2 -4.32417e-16 0)
(2 -7.89555e-16 0)
(2 -6.18506e-16 0)
(2 -2.0452e-16 0)
(2 1.54928e-15 0)
(2 2.20168e-15 0)
(2 2.25031e-15 0)
(2 4.38394e-15 0)
(2 4.81168e-15 0)
(2 5.42145e-15 0)
(2 5.89945e-15 0)
(2 5.09208e-15 0)
(2 6.06622e-15 0)
(2 6.66339e-15 0)
(2 7.35155e-15 0)
(2 6.96944e-15 0)
(2 6.01708e-15 0)
(2 5.72346e-15 0)
(2 6.72414e-15 0)
(2 2.6989e-14 0)
(2 7.84766e-13 0)
(2 2.00451e-11 0)
(2 4.06456e-10 0)
(2 6.33186e-09 0)
(2 7.38811e-08 0)
(2 6.86625e-07 0)
(2 4.9389e-06 0)
(1.99998 2.82288e-05 0)
(1.99992 0.000129579 0)
(1.99971 0.000487248 0)
(1.99914 0.00148396 0)
(1.99785 0.00385929 0)
(1.99539 0.00861576 0)
(1.99156 0.0165523 0)
(1.98668 0.0269453 0)
(1.98027 0.0414065 0)
(1.97313 0.0589848 0)
(1.96473 0.0774135 0)
(1.96341 0.0853453 0)
(1.95717 0.0996422 0)
(1.94674 0.123325 0)
(1.94242 0.131005 0)
(1.94275 0.130651 0)
(1.93684 0.139484 0)
(1.92659 0.153025 0)
(1.92152 0.159903 0)
(1.91741 0.161492 0)
(1.91259 0.164389 0)
(1.90984 0.165965 0)
(1.90544 0.168984 0)
(1.90169 0.172695 0)
(1.89902 0.172716 0)
(1.89805 0.171737 0)
(1.89877 0.16837 0)
(1.89998 0.164881 0)
(1.9027 0.159318 0)
(1.90541 0.153046 0)
(2 2.83901e-15 0)
(2 2.08083e-15 0)
(2 7.74285e-16 0)
(2 -9.92061e-16 0)
(2 -1.60376e-15 0)
(2 -1.63357e-15 0)
(2 -6.34739e-16 0)
(2 -1.79992e-16 0)
(2 8.8299e-16 0)
(2 1.47517e-15 0)
(2 1.20256e-15 0)
(2 7.39338e-16 0)
(2 -9.86581e-17 0)
(2 -1.21433e-15 0)
(2 -1.43883e-15 0)
(2 -1.01846e-15 0)
(2 -6.77126e-16 0)
(2 4.95858e-16 0)
(2 1.12021e-15 0)
(2 8.82809e-16 0)
(2 8.02449e-16 0)
(2 2.03866e-16 0)
(2 1.96229e-17 0)
(2 -1.06755e-17 0)
(2 2.36423e-17 0)
(2 -2.18384e-16 0)
(2 -5.44616e-16 0)
(2 -6.32734e-16 0)
(2 -1.12551e-15 0)
(2 -1.58994e-15 0)
(2 -1.72945e-15 0)
(2 -1.73844e-15 0)
(2 -3.33831e-15 0)
(2 -3.21385e-15 0)
(2 -2.32112e-15 0)
(2 -1.44986e-15 0)
(2 2.73517e-16 0)
(2 1.78282e-15 0)
(2 4.15406e-15 0)
(2 5.291e-15 0)
(2 5.65626e-15 0)
(2 5.25014e-15 0)
(2 4.70215e-15 0)
(2 5.1618e-15 0)
(2 4.72799e-15 0)
(2 4.99717e-15 0)
(2 5.0187e-15 0)
(2 4.77529e-15 0)
(2 4.74883e-15 0)
(2 3.29745e-15 0)
(2 2.85841e-15 0)
(2 3.27022e-15 0)
(2 5.85594e-15 0)
(2 1.45818e-13 0)
(2 4.10397e-12 0)
(2 8.83054e-11 0)
(2 1.49047e-09 0)
(2 1.89745e-08 0)
(2 1.90513e-07 0)
(2 1.50257e-06 0)
(1.99999 9.34072e-06 0)
(1.99997 4.72114e-05 0)
(1.99989 0.00019307 0)
(1.99963 0.000653538 0)
(1.99899 0.00184258 0)
(1.99762 0.00450035 0)
(1.99521 0.00945871 0)
(1.99173 0.0169332 0)
(1.98679 0.0278035 0)
(1.98082 0.0424623 0)
(1.97366 0.0586727 0)
(1.96787 0.0734778 0)
(1.96484 0.0848203 0)
(1.95281 0.10902 0)
(1.94522 0.126165 0)
(1.94449 0.126501 0)
(1.9394 0.136092 0)
(1.92591 0.153841 0)
(1.91897 0.16445 0)
(1.91493 0.165303 0)
(1.90997 0.167666 0)
(1.90548 0.171051 0)
(1.90203 0.173269 0)
(1.89812 0.17663 0)
(1.8954 0.177101 0)
(1.89464 0.175848 0)
(1.89513 0.172802 0)
(1.89755 0.167577 0)
(2 1.96889e-15 0)
(2 3.58943e-16 0)
(2 -1.00884e-16 0)
(2 -7.412e-16 0)
(2 1.40307e-16 0)
(2 1.63054e-15 0)
(2 1.31714e-15 0)
(2 2.09431e-16 0)
(2 -7.80961e-17 0)
(2 7.26021e-16 0)
(2 -3.69038e-18 0)
(2 -5.35789e-16 0)
(2 -1.71152e-15 0)
(2 -3.81352e-15 0)
(2 -3.40603e-15 0)
(2 -2.84487e-15 0)
(2 -2.04712e-15 0)
(2 -5.0532e-16 0)
(2 1.14639e-15 0)
(2 2.27291e-15 0)
(2 2.33974e-15 0)
(2 1.11227e-15 0)
(2 6.5732e-16 0)
(2 -7.22208e-16 0)
(2 -1.00442e-15 0)
(2 -1.7411e-15 0)
(2 -7.43837e-16 0)
(2 -2.15598e-17 0)
(2 1.81228e-17 0)
(2 2.1987e-16 0)
(2 1.13296e-16 0)
(2 -2.65316e-16 0)
(2 -6.93621e-17 0)
(2 2.62498e-16 0)
(2 -3.13516e-16 0)
(2 -1.31104e-15 0)
(2 -1.12442e-15 0)
(2 5.70967e-16 0)
(2 6.0514e-16 0)
(2 1.10732e-15 0)
(2 2.34101e-15 0)
(2 2.33783e-15 0)
(2 2.56519e-15 0)
(2 2.98432e-15 0)
(2 2.339e-15 0)
(2 3.08461e-15 0)
(2 3.26725e-15 0)
(2 3.4537e-15 0)
(2 3.46159e-15 0)
(2 2.93643e-15 0)
(2 3.62e-15 0)
(2 2.80148e-15 0)
(2 3.27927e-15 0)
(2 3.74517e-15 0)
(2 3.27357e-15 0)
(2 2.11292e-14 0)
(2 6.15383e-13 0)
(2 1.43651e-11 0)
(2 2.63669e-10 0)
(2 3.71985e-09 0)
(2 4.07915e-08 0)
(2 3.56104e-07 0)
(2 2.45215e-06 0)
(1.99999 1.37458e-05 0)
(1.99996 6.23247e-05 0)
(1.99987 0.000234642 0)
(1.9996 0.00073813 0)
(1.99896 0.00197681 0)
(1.99767 0.00460847 0)
(1.99553 0.00923325 0)
(1.99228 0.0164044 0)
(1.98745 0.0274308 0)
(1.98203 0.0407607 0)
(1.97494 0.0566974 0)
(1.97001 0.0703647 0)
(1.96137 0.0900087 0)
(1.94903 0.116636 0)
(1.9447 0.122411 0)
(1.94272 0.130402 0)
(1.9264 0.151054 0)
(1.91665 0.167788 0)
(1.91121 0.1703 0)
(1.90809 0.170341 0)
(1.90157 0.175048 0)
(1.89835 0.177289 0)
(1.89425 0.180146 0)
(1.89239 0.180733 0)
(1.8914 0.179411 0)
(2 2.93523e-16 0)
(2 5.027e-17 0)
(2 -3.52444e-16 0)
(2 -1.96641e-15 0)
(2 -8.31247e-16 0)
(2 -3.50155e-16 0)
(2 -2.24531e-16 0)
(2 1.48138e-16 0)
(2 -1.25277e-15 0)
(2 -3.05918e-15 0)
(2 -5.29673e-15 0)
(2 -6.71757e-15 0)
(2 -5.69723e-15 0)
(2 -4.75378e-15 0)
(2 -4.38618e-15 0)
(2 -2.28488e-15 0)
(2 -1.44792e-15 0)
(2 -7.60311e-16 0)
(2 -1.20517e-15 0)
(2 -1.28809e-15 0)
(2 -6.1415e-16 0)
(2 2.15861e-16 0)
(2 -5.17703e-16 0)
(2 -9.02357e-16 0)
(2 -1.66893e-15 0)
(2 -8.65042e-16 0)
(2 2.78412e-17 0)
(2 -5.51839e-17 0)
(2 6.01276e-16 0)
(2 5.34437e-16 0)
(2 6.20739e-16 0)
(2 1.16001e-15 0)
(2 1.59298e-15 0)
(2 1.21434e-15 0)
(2 3.94162e-16 0)
(2 -1.88287e-16 0)
(2 -1.7914e-15 0)
(2 -3.05437e-15 0)
(2 -3.32249e-15 0)
(2 -2.28037e-15 0)
(2 -1.67876e-15 0)
(2 -9.76383e-16 0)
(2 -6.52182e-16 0)
(2 -1.05745e-15 0)
(2 4.49937e-16 0)
(2 1.10205e-15 0)
(2 1.7486e-15 0)
(2 1.90902e-15 0)
(2 2.1385e-15 0)
(2 3.65451e-15 0)
(2 6.0304e-15 0)
(2 6.85702e-15 0)
(2 6.07652e-15 0)
(2 5.40443e-15 0)
(2 4.79888e-15 0)
(2 5.87289e-15 0)
(2 5.52042e-15 0)
(2 6.48996e-15 0)
(2 6.76448e-14 0)
(2 1.67799e-12 0)
(2 3.37568e-11 0)
(2 5.30023e-10 0)
(2 6.48602e-09 0)
(2 6.30181e-08 0)
(2 4.89649e-07 0)
(2 3.05848e-06 0)
(1.99999 1.57114e-05 0)
(1.99996 6.6252e-05 0)
(1.99987 0.000235916 0)
(1.99963 0.000706319 0)
(1.99907 0.00184879 0)
(1.99797 0.0041873 0)
(1.99609 0.00832204 0)
(1.99291 0.0152989 0)
(1.98858 0.0255595 0)
(1.98278 0.038578 0)
(1.97551 0.054891 0)
(1.96922 0.0710456 0)
(1.9552 0.0993633 0)
(1.94529 0.117628 0)
(1.94485 0.123271 0)
(1.92904 0.143992 0)
(1.91492 0.168804 0)
(1.90765 0.174837 0)
(1.90469 0.173736 0)
(1.8987 0.177241 0)
(1.89514 0.180216 0)
(1.89128 0.182702 0)
(2 -7.27574e-16 0)
(2 4.28981e-16 0)
(2 1.08792e-15 0)
(2 -2.46768e-17 0)
(2 -1.07175e-15 0)
(2 -1.547e-15 0)
(2 -1.29524e-15 0)
(2 -1.44127e-15 0)
(2 -1.93646e-15 0)
(2 -3.23428e-15 0)
(2 -3.1638e-15 0)
(2 -2.77296e-15 0)
(2 -1.64517e-15 0)
(2 -6.26597e-16 0)
(2 -1.95792e-16 0)
(2 1.3785e-15 0)
(2 1.95099e-15 0)
(2 2.5312e-15 0)
(2 1.70098e-15 0)
(2 -8.82971e-16 0)
(2 -1.78004e-15 0)
(2 -1.24722e-15 0)
(2 -1.87658e-15 0)
(2 -1.60407e-15 0)
(2 -1.28261e-15 0)
(2 8.33042e-16 0)
(2 1.35923e-15 0)
(2 9.33598e-16 0)
(2 1.08092e-15 0)
(2 1.03232e-15 0)
(2 1.58653e-15 0)
(2 2.4075e-15 0)
(2 2.32366e-15 0)
(2 2.16135e-15 0)
(2 1.42762e-15 0)
(2 1.24148e-15 0)
(2 -3.57921e-16 0)
(2 -2.93662e-15 0)
(2 -2.29666e-15 0)
(2 -1.72083e-15 0)
(2 -1.45243e-15 0)
(2 -1.23531e-15 0)
(2 -4.26319e-16 0)
(2 -2.65256e-16 0)
(2 1.64532e-15 0)
(2 1.99425e-15 0)
(2 2.75417e-15 0)
(2 2.62348e-15 0)
(2 3.01564e-15 0)
(2 4.9929e-15 0)
(2 5.39669e-15 0)
(2 5.40774e-15 0)
(2 4.91722e-15 0)
(2 5.33561e-15 0)
(2 5.92464e-15 0)
(2 8.05599e-15 0)
(2 8.14447e-15 0)
(2 6.42106e-15 0)
(2 5.76777e-15 0)
(2 4.0285e-15 0)
(2 7.73481e-15 0)
(2 1.38481e-13 0)
(2 2.99005e-12 0)
(2 5.24475e-11 0)
(2 7.28777e-10 0)
(2 7.969e-09 0)
(2 7.01985e-08 0)
(2 5.01223e-07 0)
(2 2.9206e-06 0)
(1.99999 1.41213e-05 0)
(1.99997 5.72264e-05 0)
(1.9999 0.000197796 0)
(1.99971 0.000585837 0)
(1.99924 0.00153601 0)
(1.99833 0.00351066 0)
(1.99657 0.00725689 0)
(1.9935 0.0139396 0)
(1.9892 0.0236805 0)
(1.9822 0.0380796 0)
(1.97483 0.0546129 0)
(1.964 0.0779738 0)
(1.94811 0.108095 0)
(1.94355 0.117406 0)
(1.93449 0.134129 0)
(1.91436 0.164309 0)
(1.90472 0.178686 0)
(1.90014 0.177828 0)
(1.89643 0.17859 0)
(2 2.01646e-15 0)
(2 4.12058e-15 0)
(2 4.64189e-15 0)
(2 2.70294e-15 0)
(2 1.1195e-15 0)
(2 4.20176e-16 0)
(2 5.68676e-16 0)
(2 3.41797e-16 0)
(2 9.95639e-18 0)
(2 1.00452e-16 0)
(2 3.07666e-16 0)
(2 1.99087e-15 0)
(2 2.86983e-15 0)
(2 3.21944e-15 0)
(2 2.70347e-15 0)
(2 2.72029e-15 0)
(2 3.28345e-15 0)
(2 3.13218e-15 0)
(2 2.47949e-15 0)
(2 1.67699e-15 0)
(2 -5.12535e-16 0)
(2 -2.28754e-15 0)
(2 -1.48414e-15 0)
(2 6.12333e-16 0)
(2 2.90015e-15 0)
(2 3.138e-15 0)
(2 1.89687e-15 0)
(2 1.16322e-15 0)
(2 1.21489e-15 0)
(2 1.76986e-15 0)
(2 2.27534e-15 0)
(2 3.14136e-15 0)
(2 3.66217e-15 0)
(2 2.82622e-15 0)
(2 2.45498e-15 0)
(2 2.29406e-15 0)
(2 3.80153e-15 0)
(2 4.26815e-15 0)
(2 3.61651e-15 0)
(2 1.93103e-15 0)
(2 1.47938e-15 0)
(2 1.97896e-15 0)
(2 2.2561e-15 0)
(2 3.57985e-15 0)
(2 3.65875e-15 0)
(2 1.96782e-15 0)
(2 1.73599e-15 0)
(2 2.87429e-15 0)
(2 3.97989e-15 0)
(2 4.211e-15 0)
(2 4.42142e-15 0)
(2 3.40394e-15 0)
(2 3.98519e-15 0)
(2 4.80272e-15 0)
(2 5.58776e-15 0)
(2 5.55482e-15 0)
(2 5.76577e-15 0)
(2 4.19681e-15 0)
(2 3.50847e-15 0)
(2 2.76156e-15 0)
(2 3.87264e-15 0)
(2 5.52863e-15 0)
(2 4.94684e-15 0)
(2 1.17751e-14 0)
(2 1.78381e-13 0)
(2 3.4437e-12 0)
(2 5.44189e-11 0)
(2 6.83484e-10 0)
(2 6.8974e-09 0)
(2 5.68904e-08 0)
(2 3.83654e-07 0)
(2 2.15872e-06 0)
(1.99999 1.02118e-05 0)
(1.99998 4.14776e-05 0)
(1.99993 0.000144286 0)
(1.99978 0.000445359 0)
(1.9994 0.0012161 0)
(1.99857 0.00292017 0)
(1.99675 0.00658361 0)
(1.9937 0.0131274 0)
(1.98834 0.0237366 0)
(1.98018 0.0399842 0)
(1.9717 0.0589815 0)
(1.95392 0.0917777 0)
(1.94223 0.112852 0)
(1.93882 0.124705 0)
(1.91635 0.154165 0)
(1.90229 0.179276 0)
(2 2.67695e-15 0)
(2 2.6011e-15 0)
(2 2.01586e-15 0)
(2 2.58859e-15 0)
(2 2.64724e-15 0)
(2 2.33579e-15 0)
(2 2.03851e-15 0)
(2 1.30108e-15 0)
(2 4.60315e-16 0)
(2 8.99027e-16 0)
(2 1.28516e-15 0)
(2 1.46124e-15 0)
(2 1.18081e-15 0)
(2 4.52424e-16 0)
(2 1.28355e-15 0)
(2 2.29004e-15 0)
(2 2.33525e-15 0)
(2 1.40651e-15 0)
(2 2.53154e-16 0)
(2 5.9074e-16 0)
(2 1.21648e-15 0)
(2 8.11789e-16 0)
(2 1.63099e-15 0)
(2 2.76855e-15 0)
(2 4.73001e-15 0)
(2 4.49727e-15 0)
(2 3.48042e-15 0)
(2 3.00318e-15 0)
(2 1.82346e-15 0)
(2 7.86348e-16 0)
(2 -9.33813e-16 0)
(2 -1.28274e-15 0)
(2 -6.17911e-16 0)
(2 2.80596e-17 0)
(2 6.03935e-16 0)
(2 9.06693e-16 0)
(2 1.75032e-15 0)
(2 2.54363e-15 0)
(2 4.17818e-15 0)
(2 3.95388e-15 0)
(2 3.28384e-15 0)
(2 2.55077e-15 0)
(2 1.02973e-15 0)
(2 1.28915e-15 0)
(2 1.25713e-15 0)
(2 2.46788e-15 0)
(2 2.14547e-15 0)
(2 2.65561e-15 0)
(2 2.94014e-15 0)
(2 2.52087e-15 0)
(2 2.31417e-15 0)
(2 2.2392e-15 0)
(2 1.34325e-15 0)
(2 1.79289e-15 0)
(2 2.2593e-15 0)
(2 1.39696e-15 0)
(2 1.31261e-15 0)
(2 2.08502e-16 0)
(2 -5.63688e-17 0)
(2 -3.2175e-16 0)
(2 -1.77514e-16 0)
(2 -7.08532e-16 0)
(2 -2.79706e-15 0)
(2 -3.03863e-15 0)
(2 -2.89572e-15 0)
(2 -3.04739e-15 0)
(2 2.68824e-15 0)
(2 1.38945e-13 0)
(2 2.55631e-12 0)
(2 3.75514e-11 0)
(2 4.41884e-10 0)
(2 4.26887e-09 0)
(2 3.43336e-08 0)
(2 2.30579e-07 0)
(2 1.31128e-06 0)
(2 6.48434e-06 0)
(1.99999 2.77271e-05 0)
(1.99995 0.000103519 0)
(1.99982 0.000351649 0)
(1.99947 0.00102834 0)
(1.99856 0.00274957 0)
(1.99652 0.0067018 0)
(1.99286 0.0138496 0)
(1.98542 0.0274577 0)
(1.97694 0.0446132 0)
(1.96224 0.0725277 0)
(1.94315 0.106882 0)
(1.93876 0.117567 0)
(2 3.19421e-15 0)
(2 2.39002e-15 0)
(2 1.62856e-15 0)
(2 2.72504e-15 0)
(2 4.21558e-15 0)
(2 4.00355e-15 0)
(2 4.14432e-15 0)
(2 3.9081e-15 0)
(2 3.20045e-15 0)
(2 3.69872e-15 0)
(2 2.78184e-15 0)
(2 1.77265e-15 0)
(2 2.11645e-16 0)
(2 -1.40484e-15 0)
(2 -1.08089e-15 0)
(2 -1.8311e-16 0)
(2 -2.39362e-16 0)
(2 3.17108e-16 0)
(2 8.90758e-16 0)
(2 1.74756e-15 0)
(2 2.96752e-15 0)
(2 4.72115e-15 0)
(2 4.29756e-15 0)
(2 2.0453e-15 0)
(2 1.10463e-15 0)
(2 1.58201e-15 0)
(2 1.63912e-15 0)
(2 1.95615e-15 0)
(2 2.42279e-15 0)
(2 1.33667e-15 0)
(2 2.01488e-15 0)
(2 7.43867e-16 0)
(2 5.61457e-16 0)
(2 1.10492e-15 0)
(2 1.97584e-15 0)
(2 3.5231e-15 0)
(2 5.1795e-15 0)
(2 5.02316e-15 0)
(2 4.95295e-15 0)
(2 4.60489e-15 0)
(2 3.60005e-15 0)
(2 2.10526e-15 0)
(2 1.04043e-15 0)
(2 9.95473e-17 0)
(2 4.02694e-16 0)
(2 3.49109e-15 0)
(2 3.33528e-15 0)
(2 2.59032e-15 0)
(2 1.71955e-15 0)
(2 3.53584e-16 0)
(2 -2.00382e-17 0)
(2 7.7471e-17 0)
(2 -1.40136e-15 0)
(2 -1.79285e-15 0)
(2 -2.89648e-15 0)
(2 -3.4797e-15 0)
(2 -3.24927e-15 0)
(2 -3.09432e-15 0)
(2 -1.9402e-15 0)
(2 -1.2505e-15 0)
(2 -2.19737e-15 0)
(2 -3.90168e-15 0)
(2 -4.13875e-15 0)
(2 -4.6931e-15 0)
(2 -4.47846e-15 0)
(2 -3.60618e-15 0)
(2 -1.18443e-15 0)
(2 2.14877e-15 0)
(2 4.80508e-15 0)
(2 8.20926e-15 0)
(2 8.07386e-14 0)
(2 1.27041e-12 0)
(2 1.79834e-11 0)
(2 2.09936e-10 0)
(2 2.07399e-09 0)
(2 1.75195e-08 0)
(2 1.25445e-07 0)
(2 7.90394e-07 0)
(2 4.36919e-06 0)
(1.99999 2.07499e-05 0)
(1.99995 8.98028e-05 0)
(1.99982 0.00033598 0)
(1.9994 0.00108182 0)
(1.99818 0.00323876 0)
(1.99559 0.00807648 0)
(1.9901 0.0175434 0)
(1.98043 0.0349643 0)
(1.96986 0.0563541 0)
(2 5.35378e-15 0)
(2 4.18283e-15 0)
(2 4.08241e-15 0)
(2 4.25171e-15 0)
(2 5.28609e-15 0)
(2 5.31751e-15 0)
(2 5.02568e-15 0)
(2 4.67464e-15 0)
(2 4.35368e-15 0)
(2 3.51634e-15 0)
(2 3.14205e-15 0)
(2 3.55132e-15 0)
(2 4.29323e-15 0)
(2 4.48798e-15 0)
(2 3.94116e-15 0)
(2 3.37822e-15 0)
(2 2.56408e-15 0)
(2 3.0252e-15 0)
(2 3.45592e-15 0)
(2 3.65559e-15 0)
(2 3.78731e-15 0)
(2 4.01984e-15 0)
(2 4.47879e-15 0)
(2 3.09054e-15 0)
(2 -2.71095e-16 0)
(2 -1.48886e-15 0)
(2 -6.20338e-16 0)
(2 2.32068e-15 0)
(2 4.20501e-15 0)
(2 4.0495e-15 0)
(2 4.7474e-15 0)
(2 5.221e-15 0)
(2 5.05669e-15 0)
(2 3.71882e-15 0)
(2 3.15954e-15 0)
(2 4.44139e-15 0)
(2 4.82914e-15 0)
(2 5.49893e-15 0)
(2 5.2282e-15 0)
(2 5.22514e-15 0)
(2 4.39587e-15 0)
(2 3.39799e-15 0)
(2 4.27501e-15 0)
(2 4.04079e-15 0)
(2 2.01631e-15 0)
(2 4.54655e-16 0)
(2 8.45751e-16 0)
(2 1.7859e-15 0)
(2 2.33782e-15 0)
(2 2.7305e-15 0)
(2 2.87487e-15 0)
(2 8.74842e-17 0)
(2 7.03135e-16 0)
(2 2.58874e-16 0)
(2 -1.76668e-15 0)
(2 -2.88708e-15 0)
(2 -2.4322e-15 0)
(2 -2.19943e-15 0)
(2 -1.37934e-15 0)
(2 -1.05853e-15 0)
(2 -6.48989e-16 0)
(2 -2.40948e-15 0)
(2 -2.50451e-15 0)
(2 -4.06529e-15 0)
(2 -4.26349e-15 0)
(2 -3.76248e-15 0)
(2 -2.49041e-15 0)
(2 -3.45669e-15 0)
(2 -3.54925e-15 0)
(2 -3.08302e-15 0)
(2 -7.66792e-16 0)
(2 1.11023e-15 0)
(2 5.48942e-15 0)
(2 3.28229e-14 0)
(2 4.79186e-13 0)
(2 7.13184e-12 0)
(2 9.09664e-11 0)
(2 1.03634e-09 0)
(2 9.97894e-09 0)
(2 8.37517e-08 0)
(2 6.34715e-07 0)
(2 3.999e-06 0)
(1.99999 2.23396e-05 0)
(1.99994 0.000109331 0)
(1.99974 0.000437779 0)
(1.99906 0.00155256 0)
(1.99718 0.00477735 0)
(1.99316 0.0116838 0)
(2 5.58859e-15 0)
(2 4.28753e-15 0)
(2 3.48912e-15 0)
(2 5.42954e-15 0)
(2 7.01031e-15 0)
(2 7.6048e-15 0)
(2 6.9496e-15 0)
(2 6.71708e-15 0)
(2 6.58074e-15 0)
(2 6.25311e-15 0)
(2 6.70326e-15 0)
(2 6.45019e-15 0)
(2 5.42386e-15 0)
(2 5.66778e-15 0)
(2 5.51435e-15 0)
(2 4.3196e-15 0)
(2 2.73656e-15 0)
(2 2.17871e-15 0)
(2 1.86822e-15 0)
(2 1.93702e-15 0)
(2 3.44674e-15 0)
(2 2.77671e-15 0)
(2 2.95085e-15 0)
(2 2.99431e-15 0)
(2 2.87105e-15 0)
(2 1.92446e-15 0)
(2 2.84083e-15 0)
(2 3.57621e-15 0)
(2 4.71359e-15 0)
(2 5.63343e-15 0)
(2 5.80862e-15 0)
(2 6.28621e-15 0)
(2 7.91353e-15 0)
(2 8.86144e-15 0)
(2 9.3541e-15 0)
(2 9.05302e-15 0)
(2 8.69879e-15 0)
(2 7.78349e-15 0)
(2 7.29643e-15 0)
(2 6.58347e-15 0)
(2 5.07633e-15 0)
(2 4.18236e-15 0)
(2 3.50662e-15 0)
(2 3.27545e-15 0)
(2 3.42927e-15 0)
(2 2.3721e-15 0)
(2 3.20164e-15 0)
(2 3.58054e-15 0)
(2 4.09263e-15 0)
(2 3.98022e-15 0)
(2 2.99358e-15 0)
(2 1.999e-15 0)
(2 1.1508e-15 0)
(2 6.90606e-16 0)
(2 8.9744e-16 0)
(2 8.78956e-16 0)
(2 4.95095e-16 0)
(2 -5.83598e-16 0)
(2 -1.49454e-15 0)
(2 -2.07535e-15 0)
(2 -1.60782e-15 0)
(2 -2.01231e-15 0)
(2 -3.54454e-15 0)
(2 -4.44783e-15 0)
(2 -4.45591e-15 0)
(2 -4.84113e-15 0)
(2 -4.98112e-15 0)
(2 -4.96589e-15 0)
(2 -4.92722e-15 0)
(2 -4.44603e-15 0)
(2 -3.73044e-15 0)
(2 -2.99787e-15 0)
(2 -1.78632e-15 0)
(2 6.30524e-16 0)
(2 6.08625e-17 0)
(2 1.97105e-15 0)
(2 1.25173e-14 0)
(2 2.00201e-13 0)
(2 3.47787e-12 0)
(2 5.62138e-11 0)
(2 7.89384e-10 0)
(2 9.20769e-09 0)
(2 9.69063e-08 0)
(2 8.44803e-07 0)
(2 5.99946e-06 0)
(1.99998 3.8518e-05 0)
(1.99988 0.000192569 0)
(1.99949 0.000794358 0)
(2 6.68263e-15 0)
(2 7.33103e-15 0)
(2 7.57687e-15 0)
(2 8.1324e-15 0)
(2 7.86829e-15 0)
(2 8.1244e-15 0)
(2 8.14539e-15 0)
(2 7.34319e-15 0)
(2 6.70859e-15 0)
(2 6.58718e-15 0)
(2 6.43725e-15 0)
(2 5.32e-15 0)
(2 4.85178e-15 0)
(2 6.26771e-15 0)
(2 5.7782e-15 0)
(2 3.45895e-15 0)
(2 3.37564e-15 0)
(2 4.36954e-15 0)
(2 6.10049e-15 0)
(2 6.82059e-15 0)
(2 6.91574e-15 0)
(2 4.84581e-15 0)
(2 3.995e-15 0)
(2 4.19671e-15 0)
(2 4.54487e-15 0)
(2 4.68462e-15 0)
(2 3.65518e-15 0)
(2 3.36156e-15 0)
(2 5.45902e-15 0)
(2 9.22494e-15 0)
(2 9.07494e-15 0)
(2 8.1894e-15 0)
(2 8.52529e-15 0)
(2 9.49996e-15 0)
(2 1.04649e-14 0)
(2 1.01478e-14 0)
(2 9.92254e-15 0)
(2 1.01328e-14 0)
(2 7.87706e-15 0)
(2 7.09624e-15 0)
(2 8.32236e-15 0)
(2 7.95827e-15 0)
(2 6.85959e-15 0)
(2 5.27959e-15 0)
(2 5.6925e-15 0)
(2 4.87777e-15 0)
(2 4.4286e-15 0)
(2 4.12832e-15 0)
(2 4.00965e-15 0)
(2 3.03069e-15 0)
(2 2.69467e-15 0)
(2 2.93746e-15 0)
(2 1.21157e-15 0)
(2 2.0343e-16 0)
(2 -5.18398e-16 0)
(2 2.35939e-17 0)
(2 -6.83039e-16 0)
(2 -1.27258e-15 0)
(2 -1.43843e-15 0)
(2 -1.72452e-15 0)
(2 -2.05554e-15 0)
(2 -1.28475e-15 0)
(2 -1.4675e-15 0)
(2 -1.32298e-15 0)
(2 -1.65656e-15 0)
(2 -2.2528e-15 0)
(2 -2.87311e-15 0)
(2 -2.93932e-15 0)
(2 -1.42821e-15 0)
(2 -1.53437e-15 0)
(2 -1.53935e-15 0)
(2 -1.42672e-15 0)
(2 -7.19835e-18 0)
(2 4.572e-16 0)
(2 2.02629e-15 0)
(2 3.7514e-15 0)
(2 5.32719e-15 0)
(2 5.2686e-15 0)
(2 4.03597e-15 0)
(2 1.07797e-14 0)
(2 1.56519e-13 0)
(2 3.53929e-12 0)
(2 7.53416e-11 0)
(2 1.24273e-09 0)
(2 1.78813e-08 0)
(2 2.12625e-07 0)
(2 1.98682e-06 0)
(1.99999 1.52653e-05 0)
(2 3.03927e-15 0)
(2 4.7613e-15 0)
(2 7.28185e-15 0)
(2 6.13064e-15 0)
(2 5.37229e-15 0)
(2 5.00508e-15 0)
(2 4.84537e-15 0)
(2 3.937e-15 0)
(2 3.45709e-15 0)
(2 9.95484e-16 0)
(2 -9.41497e-16 0)
(2 -1.68883e-15 0)
(2 -5.39456e-16 0)
(2 2.14897e-15 0)
(2 2.27839e-15 0)
(2 2.86422e-15 0)
(2 3.40898e-15 0)
(2 3.41013e-15 0)
(2 3.06307e-15 0)
(2 2.15079e-15 0)
(2 1.32421e-15 0)
(2 1.43713e-15 0)
(2 1.98971e-15 0)
(2 2.84421e-15 0)
(2 2.9905e-15 0)
(2 4.01769e-15 0)
(2 3.35172e-15 0)
(2 2.61633e-15 0)
(2 2.69311e-15 0)
(2 3.05228e-15 0)
(2 4.43877e-15 0)
(2 4.83805e-15 0)
(2 4.37459e-15 0)
(2 5.10883e-15 0)
(2 5.77854e-15 0)
(2 5.70467e-15 0)
(2 5.86538e-15 0)
(2 5.89581e-15 0)
(2 4.92735e-15 0)
(2 4.57531e-15 0)
(2 5.0444e-15 0)
(2 4.98071e-15 0)
(2 4.66679e-15 0)
(2 3.85535e-15 0)
(2 3.37012e-15 0)
(2 3.32844e-15 0)
(2 2.86416e-15 0)
(2 1.94225e-15 0)
(2 2.62121e-15 0)
(2 2.0599e-15 0)
(2 2.16668e-15 0)
(2 2.6855e-15 0)
(2 2.78232e-15 0)
(2 1.95813e-15 0)
(2 8.22318e-16 0)
(2 -1.05907e-15 0)
(2 -2.81708e-15 0)
(2 -2.30498e-15 0)
(2 -2.10303e-15 0)
(2 -1.69486e-15 0)
(2 -5.11984e-16 0)
(2 -4.83564e-17 0)
(2 5.01883e-16 0)
(2 2.68382e-16 0)
(2 2.10158e-16 0)
(2 -7.46476e-16 0)
(2 -9.84029e-16 0)
(2 -1.05895e-15 0)
(2 -1.99588e-15 0)
(2 -2.50551e-15 0)
(2 -2.55923e-15 0)
(2 -2.99654e-15 0)
(2 -2.7487e-15 0)
(2 -2.66097e-15 0)
(2 -1.92758e-15 0)
(2 -1.12633e-15 0)
(2 -2.93329e-16 0)
(2 7.08327e-16 0)
(2 1.53502e-15 0)
(2 3.09722e-15 0)
(2 6.29849e-15 0)
(2 1.75079e-14 0)
(2 6.78333e-14 0)
(2 4.37692e-13 0)
(2 1.02983e-11 0)
(2 2.38546e-10 0)
(2 4.45547e-09 0)
(2 7.04643e-08 0)
(2 2.8015e-15 0)
(2 3.05892e-15 0)
(2 3.15574e-15 0)
(2 2.7491e-15 0)
(2 3.29268e-15 0)
(2 4.07849e-15 0)
(2 5.23363e-15 0)
(2 5.97133e-15 0)
(2 5.30585e-15 0)
(2 4.38833e-15 0)
(2 3.21301e-15 0)
(2 3.52168e-15 0)
(2 2.74801e-15 0)
(2 1.68955e-15 0)
(2 -1.77907e-16 0)
(2 2.01552e-15 0)
(2 2.23827e-15 0)
(2 1.61969e-15 0)
(2 8.93391e-16 0)
(2 -1.46105e-16 0)
(2 -1.37692e-15 0)
(2 -2.56539e-15 0)
(2 -1.88437e-15 0)
(2 -1.71951e-15 0)
(2 -1.19516e-15 0)
(2 8.02395e-16 0)
(2 2.81211e-15 0)
(2 2.86254e-15 0)
(2 2.24049e-15 0)
(2 1.36245e-15 0)
(2 2.2508e-15 0)
(2 2.99821e-15 0)
(2 2.57851e-15 0)
(2 1.96327e-15 0)
(2 1.49214e-15 0)
(2 2.52408e-15 0)
(2 3.17525e-15 0)
(2 2.67121e-15 0)
(2 3.02319e-15 0)
(2 2.78229e-15 0)
(2 2.03725e-15 0)
(2 1.26507e-15 0)
(2 7.52207e-16 0)
(2 1.52101e-15 0)
(2 1.60805e-15 0)
(2 2.23223e-15 0)
(2 2.00888e-15 0)
(2 7.08985e-16 0)
(2 4.81702e-16 0)
(2 7.165e-16 0)
(2 1.13059e-15 0)
(2 2.35813e-15 0)
(2 2.84173e-15 0)
(2 2.14272e-15 0)
(2 1.48258e-15 0)
(2 -1.35514e-15 0)
(2 -1.34333e-15 0)
(2 -1.25168e-15 0)
(2 -1.1831e-15 0)
(2 -1.26907e-16 0)
(2 6.87218e-16 0)
(2 1.13985e-15 0)
(2 9.89661e-16 0)
(2 1.27624e-15 0)
(2 8.01867e-16 0)
(2 9.89175e-16 0)
(2 5.79046e-16 0)
(2 6.12313e-16 0)
(2 -1.0455e-15 0)
(2 -1.22787e-15 0)
(2 -2.19673e-15 0)
(2 -3.09224e-15 0)
(2 -4.63236e-15 0)
(2 -4.6083e-15 0)
(2 -4.21027e-15 0)
(2 -3.01684e-15 0)
(2 -1.08825e-15 0)
(2 1.608e-15 0)
(2 2.13023e-15 0)
(2 3.37721e-15 0)
(2 4.50105e-15 0)
(2 1.58487e-14 0)
(2 2.38448e-14 0)
(2 8.01952e-14 0)
(2 2.60507e-13 0)
(2 7.61644e-13 0)
(2 3.93194e-12 0)
(2 7.68427e-11 0)
(2 -1.47671e-15 0)
(2 -1.33229e-15 0)
(2 -1.51855e-15 0)
(2 -2.25624e-15 0)
(2 -2.23904e-15 0)
(2 -1.3879e-15 0)
(2 -9.18203e-16 0)
(2 1.10697e-15 0)
(2 2.88362e-15 0)
(2 3.72667e-15 0)
(2 5.28973e-15 0)
(2 6.73989e-15 0)
(2 5.8744e-15 0)
(2 5.2359e-15 0)
(2 3.55562e-15 0)
(2 2.7805e-15 0)
(2 2.6144e-15 0)
(2 2.24441e-15 0)
(2 2.63794e-15 0)
(2 2.61391e-15 0)
(2 1.50513e-15 0)
(2 1.30803e-15 0)
(2 3.03928e-16 0)
(2 6.45924e-16 0)
(2 1.62992e-15 0)
(2 2.52389e-15 0)
(2 3.98899e-15 0)
(2 5.14365e-15 0)
(2 4.75599e-15 0)
(2 4.92554e-15 0)
(2 4.43184e-15 0)
(2 5.10654e-15 0)
(2 4.50105e-15 0)
(2 2.17173e-15 0)
(2 1.59678e-15 0)
(2 6.49954e-16 0)
(2 1.22843e-15 0)
(2 4.98735e-16 0)
(2 9.70181e-16 0)
(2 6.81173e-16 0)
(2 5.57918e-16 0)
(2 -2.53117e-16 0)
(2 -1.32163e-15 0)
(2 -1.54644e-15 0)
(2 -6.42811e-16 0)
(2 2.4836e-16 0)
(2 9.53685e-16 0)
(2 1.75227e-15 0)
(2 8.8138e-16 0)
(2 1.3307e-15 0)
(2 1.80439e-15 0)
(2 1.83628e-15 0)
(2 6.07573e-16 0)
(2 -1.29019e-15 0)
(2 -2.18049e-15 0)
(2 -2.02673e-15 0)
(2 -1.55946e-15 0)
(2 -1.33483e-15 0)
(2 -1.93305e-16 0)
(2 1.15389e-15 0)
(2 2.55171e-15 0)
(2 4.70608e-15 0)
(2 4.22893e-15 0)
(2 3.69991e-15 0)
(2 2.68232e-15 0)
(2 2.05706e-15 0)
(2 1.01318e-15 0)
(2 2.90351e-16 0)
(2 5.92465e-16 0)
(2 8.86479e-16 0)
(2 -7.38649e-16 0)
(2 -1.51417e-15 0)
(2 -2.74561e-15 0)
(2 -3.68717e-15 0)
(2 -4.00136e-15 0)
(2 -3.50061e-15 0)
(2 -1.71106e-15 0)
(2 -9.61845e-16 0)
(2 -6.62204e-16 0)
(2 9.61148e-16 0)
(2 2.93808e-15 0)
(2 3.02166e-15 0)
(2 1.82313e-14 0)
(2 4.94066e-14 0)
(2 1.06377e-13 0)
(2 4.3281e-13 0)
(2 1.07491e-12 0)
(2 2.69563e-12 0)
(2 -2.74094e-15 0)
(2 -2.76178e-15 0)
(2 -2.25894e-15 0)
(2 -1.79379e-15 0)
(2 -1.4822e-15 0)
(2 -1.39739e-15 0)
(2 -1.52687e-15 0)
(2 -7.69734e-16 0)
(2 3.03556e-16 0)
(2 2.09506e-15 0)
(2 4.37455e-15 0)
(2 4.75598e-15 0)
(2 4.64601e-15 0)
(2 5.00681e-15 0)
(2 5.35538e-15 0)
(2 3.40084e-15 0)
(2 1.95639e-15 0)
(2 1.55546e-15 0)
(2 2.30804e-15 0)
(2 2.25647e-15 0)
(2 2.1064e-15 0)
(2 2.60583e-15 0)
(2 3.61044e-15 0)
(2 5.13737e-15 0)
(2 4.98388e-15 0)
(2 4.23933e-15 0)
(2 4.88654e-15 0)
(2 5.41576e-15 0)
(2 6.04925e-15 0)
(2 5.52461e-15 0)
(2 4.94844e-15 0)
(2 4.69528e-15 0)
(2 5.05951e-15 0)
(2 4.53608e-15 0)
(2 2.60595e-15 0)
(2 1.04351e-15 0)
(2 -3.42552e-16 0)
(2 1.63702e-16 0)
(2 -2.80709e-16 0)
(2 -2.71534e-16 0)
(2 -3.2866e-16 0)
(2 -7.71407e-16 0)
(2 -1.03217e-15 0)
(2 -2.51849e-15 0)
(2 -3.21412e-15 0)
(2 -2.00592e-15 0)
)
;

boundaryField
{
    inlet
    {
        type            fixedValue;
        value           nonuniform 0();
    }
    outlet
    {
        type            inletOutlet;
        inletValue      nonuniform 0();
        value           nonuniform 0();
    }
    bottom
    {
        type            symmetryPlane;
    }
    top
    {
        type            symmetryPlane;
    }
    obstacle
    {
        type            slip;
    }
    front
    {
        type            empty;
    }
    back
    {
        type            empty;
    }
    procBoundary44to36
    {
        type            processor;
        value           nonuniform List<vector> 
89
(
(2 -4.00277e-16 0)
(2 4.5792e-16 0)
(2 1.63472e-15 0)
(2 9.15619e-16 0)
(2 1.16394e-16 0)
(2 -3.049e-17 0)
(2 9.03377e-16 0)
(2 8.93106e-16 0)
(2 1.01074e-17 0)
(2 -1.70522e-15 0)
(2 -2.53823e-15 0)
(2 7.87008e-17 0)
(2 7.99961e-15 0)
(2 1.94601e-13 0)
(2 6.15631e-12 0)
(2 1.89366e-10 0)
(2 4.46475e-09 0)
(2 7.23059e-08 0)
(2 9.4638e-07 0)
(1.99999 1.03173e-05 0)
(1.99993 7.77771e-05 0)
(1.99963 0.000425396 0)
(1.99825 0.00211267 0)
(1.99473 0.00673851 0)
(1.98605 0.0176693 0)
(1.96971 0.040111 0)
(1.95622 0.059934 0)
(1.93396 0.0940175 0)
(1.91643 0.121924 0)
(1.91224 0.123937 0)
(1.90923 0.130039 0)
(1.90485 0.13853 0)
(1.90246 0.143369 0)
(1.90225 0.143411 0)
(1.90318 0.143623 0)
(1.90454 0.143717 0)
(1.90623 0.14276 0)
(1.90874 0.141127 0)
(1.9116 0.139026 0)
(1.91486 0.136084 0)
(1.91901 0.131279 0)
(1.92219 0.12801 0)
(1.92402 0.12695 0)
(1.92615 0.124654 0)
(1.92945 0.120997 0)
(1.93189 0.117813 0)
(1.93354 0.115959 0)
(1.93501 0.115215 0)
(1.93619 0.114665 0)
(1.93712 0.113106 0)
(1.93878 0.11073 0)
(1.9402 0.108519 0)
(1.94068 0.10654 0)
(1.94047 0.104899 0)
(1.93989 0.103929 0)
(1.93912 0.103545 0)
(1.9381 0.10291 0)
(1.93793 0.101043 0)
(1.93772 0.0992699 0)
(1.93789 0.0972064 0)
(1.93837 0.0943163 0)
(1.9383 0.0931325 0)
(1.93911 0.0912699 0)
(1.94075 0.0874297 0)
(1.94159 0.0859187 0)
(1.94242 0.0847432 0)
(1.94509 0.0806068 0)
(1.94654 0.0767098 0)
(1.94735 0.0759107 0)
(1.94905 0.0734109 0)
(1.95089 0.0689013 0)
(1.95167 0.067201 0)
(1.95233 0.0664304 0)
(1.95467 0.062671 0)
(1.95602 0.0587584 0)
(1.95679 0.0579755 0)
(1.95839 0.0556968 0)
(1.96049 0.0510993 0)
(1.96143 0.0491145 0)
(2 7.63e-16 0)
(2 7.49009e-16 0)
(2 9.79888e-16 0)
(2 1.55179e-15 0)
(2 2.31957e-15 0)
(2 2.22519e-15 0)
(2 1.40331e-15 0)
(2 -2.89676e-16 0)
(2 -1.15855e-15 0)
(2 -1.15855e-15 0)
)
;
    }
    procBoundary44to37
    {
        type            processor;
        value           nonuniform List<vector> 
18
(
(1.9588 0.0551032 0)
(1.95518 0.0619957 0)
(1.95165 0.0687408 0)
(1.94808 0.0755098 0)
(1.94464 0.0819753 0)
(1.94065 0.0892763 0)
(1.93725 0.0959075 0)
(1.93392 0.102178 0)
(1.92936 0.109985 0)
(1.92534 0.11758 0)
(1.9222 0.123606 0)
(1.91707 0.1323 0)
(1.91107 0.142312 0)
(1.90705 0.149904 0)
(1.89993 0.162728 0)
(1.89201 0.176093 0)
(1.88937 0.183585 0)
(1.89206 0.181635 0)
)
;
    }
    procBoundary44to43
    {
        type            processor;
        value           nonuniform List<vector> 
26
(
(2 8.46889e-16 0)
(2 5.197e-15 0)
(2 2.51493e-15 0)
(2 -2.47217e-16 0)
(2 6.01159e-16 0)
(2 2.9493e-16 0)
(2 8.48099e-16 0)
(2 -8.40975e-16 0)
(2 1.08846e-15 0)
(2 4.55473e-15 0)
(2 4.06405e-15 0)
(2 4.01411e-15 0)
(2 3.80335e-15 0)
(2 3.03185e-15 0)
(2 1.94998e-15 0)
(2 5.49479e-16 0)
(2 -1.73184e-15 0)
(2 1.37594e-15 0)
(2 2.35848e-15 0)
(2 6.47939e-15 0)
(2 7.40119e-15 0)
(2 6.07737e-15 0)
(2 6.33245e-15 0)
(2 2.31499e-15 0)
(2 2.31999e-15 0)
(2 -9.03374e-16 0)
)
;
    }
    procBoundary44to45
    {
        type            processor;
        value           nonuniform List<vector> 9((1.89562 0.182308 0) (1.92203 0.142054 0) (1.9473 0.09408 0) (1.9844 0.025958 0) (1.99812 0.00295493 0) (1.99994 9.66092e-05 0) (2 8.42709e-07 0) (2 1.72418e-09 0) (2 1.16595e-11 0));
    }
    procBoundary44to51
    {
        type            processor;
        value           uniform (2 -2.1649e-15 0);
    }
    procBoundary44to52
    {
        type            processor;
        value           nonuniform List<vector> 
89
(
(2 -7.41909e-16 0)
(2 1.89281e-15 0)
(2 9.67712e-16 0)
(2 1.23608e-15 0)
(2 1.60318e-15 0)
(2 1.22854e-15 0)
(2 -3.42145e-16 0)
(2 -7.72869e-16 0)
(2 -5.85331e-16 0)
(2 7.32829e-16 0)
(2 1.18312e-15 0)
(2 1.84394e-15 0)
(2 3.07407e-15 0)
(2 4.25147e-15 0)
(2 4.87262e-15 0)
(2 4.17861e-15 0)
(2 4.17057e-15 0)
(2 4.00063e-15 0)
(2 3.55451e-15 0)
(2 2.0186e-15 0)
(2 1.84143e-15 0)
(2 2.08123e-15 0)
(2 1.10375e-15 0)
(2 9.02066e-16 0)
(2 1.12988e-16 0)
(2 -2.50769e-16 0)
(2 -6.56646e-16 0)
(2 -1.01222e-15 0)
(2 -2.2013e-15 0)
(2 -3.3839e-15 0)
(2 -5.11674e-15 0)
(2 -5.84478e-15 0)
(2 -4.66163e-15 0)
(2 -4.22868e-15 0)
(2 -3.77363e-15 0)
(2 -6.34496e-16 0)
(2 9.36532e-16 0)
(2 2.8687e-14 0)
(2 5.10163e-14 0)
(2 2.8806e-13 0)
(2 4.38971e-13 0)
(2 1.84537e-12 0)
(2 3.80807e-16 0)
(2 7.64057e-16 0)
(2 8.77009e-16 0)
(2 1.1806e-15 0)
(2 1.03105e-15 0)
(2 7.66256e-17 0)
(2 7.99126e-16 0)
(2 7.37254e-16 0)
(2 1.3134e-15 0)
(2 1.37294e-15 0)
(2 1.10087e-15 0)
(2 2.38834e-15 0)
(2 3.17591e-15 0)
(2 3.75719e-15 0)
(2 6.24268e-15 0)
(2 5.78437e-15 0)
(2 5.48284e-15 0)
(2 3.35568e-15 0)
(2 2.18553e-15 0)
(2 2.16141e-15 0)
(2 3.82928e-15 0)
(2 4.27138e-15 0)
(2 6.23082e-15 0)
(2 7.29779e-15 0)
(2 7.33782e-15 0)
(2 6.2597e-15 0)
(2 4.12771e-15 0)
(2 4.62142e-15 0)
(2 6.31042e-15 0)
(2 6.7949e-15 0)
(2 7.38835e-15 0)
(2 7.1443e-15 0)
(2 7.26526e-15 0)
(2 7.20167e-15 0)
(2 6.12486e-15 0)
(2 4.00202e-15 0)
(2 8.64291e-16 0)
(2 -1.03383e-15 0)
(2 -1.4399e-15 0)
(2 -9.02743e-16 0)
(2 -1.05408e-16 0)
(2 3.57329e-16 0)
(2 6.3108e-16 0)
(2 7.53768e-16 0)
(2 -6.27912e-17 0)
(2 -7.41909e-16 0)
(2 -5.34884e-16 0)
)
;
    }
}


// ************************************************************************* //
