/*--------------------------------*- C++ -*----------------------------------*\
  =========                 |
  \\      /  F ield         | OpenFOAM: The Open Source CFD Toolbox
   \\    /   O peration     | Website:  https://openfoam.org
    \\  /    A nd           | Version:  7
     \\/     M anipulation  |
\*---------------------------------------------------------------------------*/
FoamFile
{
    version     2.0;
    format      ascii;
    class       volVectorField;
    location    "4";
    object      U;
}
// * * * * * * * * * * * * * * * * * * * * * * * * * * * * * * * * * * * * * //

dimensions      [0 1 -1 0 0 0 0];

internalField   nonuniform List<vector> 
2413
(
(-0.794162 0.0107899 0)
(-0.785203 0.010778 0)
(-0.776098 0.0107948 0)
(-0.766861 0.010812 0)
(-0.75751 0.0108375 0)
(-0.748133 0.0109105 0)
(-0.738847 0.011033 0)
(-0.729744 0.0111789 0)
(-0.720848 0.0112936 0)
(-0.712103 0.0113255 0)
(-0.703409 0.0112541 0)
(-0.694669 0.0111031 0)
(-0.685873 0.0109447 0)
(-0.677119 0.0108363 0)
(-0.668555 0.0107876 0)
(-0.660287 0.0107566 0)
(-0.652299 0.0106897 0)
(-0.64448 0.0105659 0)
(-0.636679 0.0103949 0)
(-0.628802 0.0102178 0)
(-0.620841 0.0100409 0)
(-0.612794 0.00985293 0)
(-0.604668 0.00966255 0)
(-0.596471 0.00945447 0)
(-0.588206 0.00922072 0)
(-0.579868 0.00897671 0)
(-0.571469 0.0087347 0)
(-0.562983 0.00847277 0)
(-0.554369 0.00821339 0)
(-0.54565 0.00796759 0)
(-0.536828 0.00771295 0)
(-0.527973 0.0074996 0)
(-0.51913 0.0072839 0)
(-0.510294 0.00708513 0)
(-0.501432 0.00690337 0)
(-0.492494 0.00673542 0)
(-0.483415 0.00657326 0)
(-0.474171 0.00642586 0)
(-0.464748 0.00627803 0)
(-0.455175 0.00615389 0)
(-0.445495 0.00603232 0)
(-0.435767 0.0059139 0)
(-0.426053 0.00577181 0)
(-0.416434 0.00560674 0)
(-0.406978 0.00539711 0)
(-0.397727 0.00514548 0)
(-0.388675 0.00482708 0)
(-0.379786 0.00443441 0)
(-0.371023 0.00398679 0)
(-0.362322 0.00347445 0)
(-0.353625 0.00290046 0)
(-0.344904 0.00227921 0)
(-0.336125 0.00161309 0)
(-0.327211 0.000831198 0)
(-0.318069 -0.000117593 0)
(-0.308689 -0.00125637 0)
(-0.29913 -0.00255577 0)
(-0.289478 -0.00396663 0)
(-0.279789 -0.00544993 0)
(-0.270115 -0.00696555 0)
(-0.260479 -0.00838208 0)
(-0.250795 -0.00949487 0)
(-0.241265 -0.0103632 0)
(-0.232271 -0.0115103 0)
(-0.22379 -0.0127479 0)
(-0.215738 -0.0139056 0)
(-0.208164 -0.0148942 0)
(-0.200955 -0.0156828 0)
(-0.194148 -0.0161847 0)
(-0.187768 -0.0162874 0)
(-0.181805 -0.0159022 0)
(-0.176129 -0.0149417 0)
(-0.170513 -0.0135396 0)
(-0.164751 -0.0118159 0)
(-0.158626 -0.00992512 0)
(-0.152073 -0.00808074 0)
(-0.145061 -0.00643365 0)
(-0.137728 -0.00511117 0)
(-0.129636 -0.00423937 0)
(-0.120734 -0.00394496 0)
(-0.110944 -0.00420969 0)
(-0.100677 -0.0045703 0)
(-0.0898121 -0.00490162 0)
(-0.077977 -0.00467779 0)
(-0.0654161 -0.00513702 0)
(-0.0524341 -0.00664537 0)
(-0.0393041 -0.00936168 0)
(-0.0261055 -0.0116561 0)
(-0.790842 0.0293632 0)
(-0.781872 0.0294949 0)
(-0.772824 0.0297177 0)
(-0.763686 0.0299481 0)
(-0.75446 0.0301975 0)
(-0.745211 0.0305382 0)
(-0.736023 0.0309597 0)
(-0.726965 0.0314017 0)
(-0.718059 0.0317459 0)
(-0.709276 0.0318894 0)
(-0.700562 0.0318025 0)
(-0.691864 0.0315514 0)
(-0.68317 0.0313045 0)
(-0.674538 0.0311806 0)
(-0.666062 0.0311961 0)
(-0.657827 0.0312548 0)
(-0.649826 0.0312128 0)
(-0.64198 0.031009 0)
(-0.634179 0.0306719 0)
(-0.626349 0.0303482 0)
(-0.618478 0.0300675 0)
(-0.61055 0.0297589 0)
(-0.60255 0.0294236 0)
(-0.594492 0.0290313 0)
(-0.586396 0.0285544 0)
(-0.578253 0.0280116 0)
(-0.570051 0.0274367 0)
(-0.561755 0.0267661 0)
(-0.553304 0.0260377 0)
(-0.54472 0.0253067 0)
(-0.536018 0.0245043 0)
(-0.527228 0.0237709 0)
(-0.518392 0.0230058 0)
(-0.50951 0.0222779 0)
(-0.500574 0.0216058 0)
(-0.491565 0.0209984 0)
(-0.482445 0.0204291 0)
(-0.473197 0.0199079 0)
(-0.463808 0.01937 0)
(-0.454294 0.0188607 0)
(-0.4447 0.0183412 0)
(-0.435083 0.017842 0)
(-0.425493 0.0173081 0)
(-0.415974 0.0167262 0)
(-0.406557 0.0160382 0)
(-0.397272 0.0152682 0)
(-0.388134 0.0144234 0)
(-0.379146 0.0135912 0)
(-0.370327 0.0127744 0)
(-0.361692 0.0119579 0)
(-0.353174 0.0111042 0)
(-0.344702 0.0102693 0)
(-0.336169 0.00956674 0)
(-0.32747 0.00897682 0)
(-0.318546 0.00832918 0)
(-0.309408 0.00743999 0)
(-0.300159 0.00613973 0)
(-0.29087 0.00438515 0)
(-0.281603 0.00211478 0)
(-0.27243 -0.000751512 0)
(-0.263405 -0.00422609 0)
(-0.254636 -0.00831439 0)
(-0.246043 -0.0129775 0)
(-0.237564 -0.0179378 0)
(-0.229376 -0.0230073 0)
(-0.221457 -0.0279403 0)
(-0.213668 -0.0325672 0)
(-0.205999 -0.0367846 0)
(-0.198413 -0.0404744 0)
(-0.190936 -0.0434779 0)
(-0.18352 -0.0454571 0)
(-0.176163 -0.0462061 0)
(-0.168743 -0.0456541 0)
(-0.161189 -0.0438028 0)
(-0.153582 -0.0407694 0)
(-0.146003 -0.036798 0)
(-0.138398 -0.0322105 0)
(-0.130887 -0.02724 0)
(-0.123128 -0.0221019 0)
(-0.114991 -0.0169285 0)
(-0.106337 -0.0122405 0)
(-0.097032 -0.00905855 0)
(-0.0874297 -0.00597186 0)
(-0.0772355 -0.00383024 0)
(-0.0662692 -0.00324121 0)
(-0.0558625 -0.00516862 0)
(-0.0474247 -0.00967728 0)
(-0.0414521 -0.017562 0)
(-0.791661 0.0468703 0)
(-0.782704 0.0471024 0)
(-0.77374 0.0474603 0)
(-0.764752 0.047838 0)
(-0.755736 0.0482494 0)
(-0.746707 0.0487529 0)
(-0.737682 0.0493122 0)
(-0.728693 0.0498565 0)
(-0.719768 0.050248 0)
(-0.710924 0.0503653 0)
(-0.702165 0.050175 0)
(-0.693488 0.0497624 0)
(-0.684887 0.0493506 0)
(-0.676376 0.0491027 0)
(-0.667995 0.0490756 0)
(-0.659804 0.049173 0)
(-0.651809 0.0491808 0)
(-0.643957 0.0489754 0)
(-0.636173 0.0485534 0)
(-0.628394 0.0480706 0)
(-0.620598 0.0475863 0)
(-0.612762 0.0470365 0)
(-0.60485 0.0464829 0)
(-0.596865 0.0459203 0)
(-0.588824 0.0452925 0)
(-0.580718 0.0445979 0)
(-0.572526 0.043902 0)
(-0.564233 0.0431216 0)
(-0.555775 0.0422781 0)
(-0.547159 0.0414183 0)
(-0.538418 0.0403854 0)
(-0.529559 0.0394104 0)
(-0.520633 0.0383475 0)
(-0.511634 0.0372855 0)
(-0.50256 0.0362457 0)
(-0.493414 0.0352534 0)
(-0.484195 0.0342915 0)
(-0.474895 0.0333954 0)
(-0.465512 0.0324573 0)
(-0.456034 0.0314962 0)
(-0.446476 0.0304023 0)
(-0.436888 0.0292455 0)
(-0.427349 0.0279959 0)
(-0.417905 0.0266821 0)
(-0.408583 0.0252121 0)
(-0.399369 0.0236186 0)
(-0.39027 0.0218519 0)
(-0.38131 0.0199086 0)
(-0.372549 0.0178836 0)
(-0.364012 0.0158108 0)
(-0.35558 0.013825 0)
(-0.347234 0.011899 0)
(-0.338751 0.0101073 0)
(-0.33013 0.00841896 0)
(-0.321361 0.00670769 0)
(-0.312533 0.00472612 0)
(-0.303693 0.00231026 0)
(-0.294852 -0.000615408 0)
(-0.286028 -0.00412867 0)
(-0.277264 -0.00829342 0)
(-0.268618 -0.0131439 0)
(-0.260218 -0.0187318 0)
(-0.252021 -0.0248681 0)
(-0.243886 -0.0310804 0)
(-0.235782 -0.0372396 0)
(-0.22767 -0.0431201 0)
(-0.219524 -0.04847 0)
(-0.211294 -0.0530229 0)
(-0.202941 -0.0566839 0)
(-0.194413 -0.0595354 0)
(-0.185748 -0.061384 0)
(-0.177013 -0.0622987 0)
(-0.168267 -0.0621825 0)
(-0.159585 -0.0611223 0)
(-0.151013 -0.0591672 0)
(-0.142573 -0.0563171 0)
(-0.134286 -0.052544 0)
(-0.126135 -0.0479012 0)
(-0.117804 -0.0424408 0)
(-0.109659 -0.0362944 0)
(-0.101447 -0.0300307 0)
(-0.0927566 -0.02411 0)
(-0.0838049 -0.0195232 0)
(-0.07521 -0.0176049 0)
(-0.0676817 -0.0189904 0)
(-0.0612791 -0.0242838 0)
(-0.0556557 -0.0343431 0)
(-0.0511819 -0.049133 0)
(-0.791838 0.0610879 0)
(-0.782699 0.0613778 0)
(-0.773616 0.0618115 0)
(-0.764608 0.0622819 0)
(-0.755699 0.0628197 0)
(-0.74685 0.0634295 0)
(-0.737982 0.0640405 0)
(-0.729062 0.064591 0)
(-0.720109 0.0649652 0)
(-0.71118 0.0650494 0)
(-0.702336 0.0648104 0)
(-0.693621 0.0643286 0)
(-0.685046 0.0638269 0)
(-0.676584 0.0634711 0)
(-0.668209 0.0633686 0)
(-0.659941 0.0634855 0)
(-0.651822 0.0635948 0)
(-0.64385 0.0635148 0)
(-0.635999 0.0631842 0)
(-0.628211 0.0627396 0)
(-0.620444 0.0622803 0)
(-0.612681 0.0617135 0)
(-0.60488 0.0611033 0)
(-0.597005 0.0604836 0)
(-0.58906 0.059808 0)
(-0.581036 0.0590492 0)
(-0.572894 0.0583052 0)
(-0.56465 0.0575206 0)
(-0.556281 0.0566715 0)
(-0.547759 0.0558155 0)
(-0.539101 0.0546745 0)
(-0.530295 0.0535569 0)
(-0.521401 0.052325 0)
(-0.512416 0.0510755 0)
(-0.503342 0.0498231 0)
(-0.494184 0.0485893 0)
(-0.484957 0.0473056 0)
(-0.475663 0.0460359 0)
(-0.466348 0.0446808 0)
(-0.457022 0.0432839 0)
(-0.44769 0.0416433 0)
(-0.438315 0.0397013 0)
(-0.428962 0.0374572 0)
(-0.419677 0.0349921 0)
(-0.410543 0.0322659 0)
(-0.40157 0.0293482 0)
(-0.392786 0.0262778 0)
(-0.384099 0.0231419 0)
(-0.375373 0.0199901 0)
(-0.366553 0.016926 0)
(-0.357708 0.0141188 0)
(-0.348795 0.01149 0)
(-0.339939 0.00886237 0)
(-0.331236 0.00598008 0)
(-0.322818 0.00274554 0)
(-0.314679 -0.000885206 0)
(-0.306717 -0.00497069 0)
(-0.298794 -0.00953863 0)
(-0.290819 -0.0145934 0)
(-0.282777 -0.0200658 0)
(-0.274725 -0.025888 0)
(-0.26663 -0.0319 0)
(-0.258393 -0.0378566 0)
(-0.25001 -0.0435518 0)
(-0.241466 -0.0487916 0)
(-0.23265 -0.0534288 0)
(-0.223505 -0.0574447 0)
(-0.214191 -0.0608371 0)
(-0.204816 -0.0636618 0)
(-0.195397 -0.0658203 0)
(-0.18602 -0.067595 0)
(-0.176616 -0.0686865 0)
(-0.167356 -0.0691895 0)
(-0.158218 -0.0690974 0)
(-0.149069 -0.0683147 0)
(-0.139785 -0.0667275 0)
(-0.130398 -0.0641847 0)
(-0.121079 -0.0607785 0)
(-0.111579 -0.0567087 0)
(-0.102752 -0.0524196 0)
(-0.0948839 -0.0484553 0)
(-0.0880637 -0.0452403 0)
(-0.0820873 -0.0441306 0)
(-0.0774585 -0.0469386 0)
(-0.074256 -0.0540821 0)
(-0.0711625 -0.0651442 0)
(-0.069911 -0.0787028 0)
(-0.070325 -0.0930072 0)
(-0.79162 0.0716712 0)
(-0.782347 0.0718698 0)
(-0.773152 0.0722286 0)
(-0.764079 0.0726336 0)
(-0.755201 0.0731334 0)
(-0.74646 0.0736789 0)
(-0.737724 0.0741961 0)
(-0.728908 0.0746546 0)
(-0.720021 0.0749828 0)
(-0.711129 0.0750687 0)
(-0.702321 0.0748651 0)
(-0.693682 0.0744196 0)
(-0.685244 0.0739026 0)
(-0.676962 0.0734433 0)
(-0.668751 0.0731861 0)
(-0.66056 0.0731959 0)
(-0.652419 0.0732829 0)
(-0.644382 0.0732507 0)
(-0.63649 0.0729992 0)
(-0.628704 0.0726092 0)
(-0.620977 0.0722127 0)
(-0.6133 0.0717139 0)
(-0.605645 0.0711739 0)
(-0.59795 0.0706442 0)
(-0.590171 0.0700869 0)
(-0.582288 0.069406 0)
(-0.57425 0.0686798 0)
(-0.566109 0.0679577 0)
(-0.557888 0.0672134 0)
(-0.549546 0.0665978 0)
(-0.541069 0.0656481 0)
(-0.532391 0.0646352 0)
(-0.523588 0.0634428 0)
(-0.514681 0.062144 0)
(-0.505682 0.060718 0)
(-0.496591 0.059192 0)
(-0.487405 0.0574511 0)
(-0.47811 0.0555813 0)
(-0.468762 0.0534779 0)
(-0.45938 0.0512351 0)
(-0.45017 0.0487226 0)
(-0.441235 0.0459336 0)
(-0.432468 0.0426491 0)
(-0.42378 0.0389464 0)
(-0.415158 0.0348567 0)
(-0.40651 0.030567 0)
(-0.397788 0.0261833 0)
(-0.389012 0.0217684 0)
(-0.380134 0.0174494 0)
(-0.371195 0.0131831 0)
(-0.362232 0.00895495 0)
(-0.353397 0.00456187 0)
(-0.34475 1.27671e-05 0)
(-0.336382 -0.00478201 0)
(-0.328271 -0.00975609 0)
(-0.320362 -0.0148106 0)
(-0.31258 -0.0198573 0)
(-0.304819 -0.0248335 0)
(-0.296984 -0.0297124 0)
(-0.289005 -0.0343571 0)
(-0.280884 -0.0387312 0)
(-0.272587 -0.0427148 0)
(-0.264058 -0.0463075 0)
(-0.255186 -0.0495043 0)
(-0.246001 -0.0524818 0)
(-0.236503 -0.0553893 0)
(-0.226898 -0.0583418 0)
(-0.217243 -0.0612206 0)
(-0.207606 -0.0639592 0)
(-0.197802 -0.0661205 0)
(-0.188 -0.0676499 0)
(-0.178371 -0.0693235 0)
(-0.168613 -0.0710554 0)
(-0.158588 -0.0725048 0)
(-0.148331 -0.0734705 0)
(-0.137946 -0.0739711 0)
(-0.12776 -0.0739776 0)
(-0.117664 -0.0735972 0)
(-0.10812 -0.0731505 0)
(-0.0999302 -0.0731923 0)
(-0.0931057 -0.0753052 0)
(-0.0882708 -0.0805859 0)
(-0.0864154 -0.0884439 0)
(-0.0873908 -0.0990542 0)
(-0.0878528 -0.111427 0)
(-0.0892734 -0.123047 0)
(-0.089765 -0.132648 0)
(-0.0874901 -0.140589 0)
(-0.790932 0.0788971 0)
(-0.781633 0.078884 0)
(-0.77244 0.0790496 0)
(-0.763358 0.0792637 0)
(-0.754478 0.0795421 0)
(-0.745774 0.0797924 0)
(-0.737142 0.0799913 0)
(-0.72848 0.080177 0)
(-0.719771 0.080345 0)
(-0.711047 0.0803809 0)
(-0.702378 0.0802256 0)
(-0.693868 0.0798811 0)
(-0.685584 0.0794196 0)
(-0.677518 0.0788845 0)
(-0.669597 0.078397 0)
(-0.661707 0.078104 0)
(-0.653778 0.0779454 0)
(-0.645836 0.0778019 0)
(-0.637966 0.0775309 0)
(-0.63018 0.0771176 0)
(-0.622437 0.0767231 0)
(-0.614735 0.0762674 0)
(-0.607078 0.0757981 0)
(-0.599396 0.0753947 0)
(-0.591592 0.0750901 0)
(-0.583617 0.0747522 0)
(-0.575421 0.0743906 0)
(-0.567039 0.0739625 0)
(-0.558689 0.0730929 0)
(-0.550338 0.0722095 0)
(-0.541903 0.0710547 0)
(-0.533269 0.0699424 0)
(-0.524527 0.0686362 0)
(-0.515711 0.0671681 0)
(-0.50687 0.0654916 0)
(-0.498012 0.0635845 0)
(-0.489194 0.0613939 0)
(-0.480415 0.0589289 0)
(-0.471769 0.0560217 0)
(-0.463227 0.0527391 0)
(-0.454696 0.0491383 0)
(-0.446129 0.0451887 0)
(-0.437675 0.0408298 0)
(-0.429213 0.0361693 0)
(-0.420691 0.0311979 0)
(-0.412075 0.0259739 0)
(-0.403374 0.0205086 0)
(-0.394603 0.0148856 0)
(-0.385772 0.00916385 0)
(-0.376954 0.00329789 0)
(-0.36815 -0.00262493 0)
(-0.35949 -0.00864411 0)
(-0.350938 -0.0145315 0)
(-0.342525 -0.020189 0)
(-0.33419 -0.0254654 0)
(-0.32588 -0.0302561 0)
(-0.317594 -0.0345004 0)
(-0.309368 -0.0381412 0)
(-0.301179 -0.0412294 0)
(-0.292912 -0.0437127 0)
(-0.284486 -0.045788 0)
(-0.275814 -0.0474801 0)
(-0.266876 -0.0489873 0)
(-0.257611 -0.0503108 0)
(-0.248136 -0.0518459 0)
(-0.238609 -0.0536716 0)
(-0.229076 -0.0557982 0)
(-0.219559 -0.0582576 0)
(-0.209946 -0.0608979 0)
(-0.200323 -0.0639473 0)
(-0.190456 -0.0673505 0)
(-0.180259 -0.0704479 0)
(-0.169962 -0.073099 0)
(-0.159634 -0.0753628 0)
(-0.149317 -0.0772138 0)
(-0.139337 -0.0792302 0)
(-0.129721 -0.0817605 0)
(-0.120978 -0.0854141 0)
(-0.113676 -0.0911967 0)
(-0.1082 -0.100248 0)
(-0.104739 -0.112113 0)
(-0.103216 -0.126194 0)
(-0.103379 -0.142568 0)
(-0.10332 -0.158757 0)
(-0.102736 -0.171532 0)
(-0.100932 -0.179662 0)
(-0.0963613 -0.183815 0)
(-0.0898179 -0.184487 0)
(-0.790882 0.0831933 0)
(-0.781613 0.0828251 0)
(-0.772498 0.08261 0)
(-0.763484 0.0824465 0)
(-0.754581 0.0823468 0)
(-0.745786 0.0821759 0)
(-0.737081 0.0819565 0)
(-0.728422 0.0817587 0)
(-0.719797 0.0816157 0)
(-0.711209 0.0814131 0)
(-0.702691 0.0811247 0)
(-0.694321 0.0807588 0)
(-0.68615 0.0803231 0)
(-0.678156 0.0797989 0)
(-0.670273 0.0792387 0)
(-0.66238 0.078761 0)
(-0.654405 0.0783413 0)
(-0.646381 0.0779469 0)
(-0.638388 0.0774671 0)
(-0.630466 0.0767971 0)
(-0.62258 0.0760754 0)
(-0.614724 0.0752744 0)
(-0.60693 0.0744636 0)
(-0.599205 0.07374 0)
(-0.591546 0.0732294 0)
(-0.58396 0.0728538 0)
(-0.57636 0.0724517 0)
(-0.568572 0.0720143 0)
(-0.56057 0.0710272 0)
(-0.552324 0.0699382 0)
(-0.544039 0.0685067 0)
(-0.535712 0.0669022 0)
(-0.527293 0.0650152 0)
(-0.518777 0.0628683 0)
(-0.510231 0.0604754 0)
(-0.501662 0.0579249 0)
(-0.493142 0.0550644 0)
(-0.484672 0.0519623 0)
(-0.476343 0.0484764 0)
(-0.468077 0.0446329 0)
(-0.459948 0.0403204 0)
(-0.451913 0.0356179 0)
(-0.443957 0.0305317 0)
(-0.435955 0.0251249 0)
(-0.427849 0.0193679 0)
(-0.419573 0.0133013 0)
(-0.411116 0.00699998 0)
(-0.402516 0.00054468 0)
(-0.393763 -0.00590258 0)
(-0.384901 -0.0122775 0)
(-0.37586 -0.0183325 0)
(-0.36675 -0.0240339 0)
(-0.357548 -0.029125 0)
(-0.348309 -0.03358 0)
(-0.339068 -0.0373525 0)
(-0.329943 -0.0405051 0)
(-0.321001 -0.0431053 0)
(-0.312237 -0.04509 0)
(-0.303575 -0.04659 0)
(-0.294841 -0.0476577 0)
(-0.285979 -0.0484971 0)
(-0.277049 -0.0491496 0)
(-0.268109 -0.0499606 0)
(-0.259128 -0.0508293 0)
(-0.250122 -0.0519662 0)
(-0.241161 -0.0534215 0)
(-0.23224 -0.0552483 0)
(-0.22323 -0.057528 0)
(-0.213984 -0.0602411 0)
(-0.204569 -0.0634124 0)
(-0.194902 -0.0668202 0)
(-0.185001 -0.0703729 0)
(-0.174883 -0.0741165 0)
(-0.1648 -0.0782724 0)
(-0.154967 -0.082886 0)
(-0.145733 -0.0885258 0)
(-0.137765 -0.0958751 0)
(-0.131549 -0.106223 0)
(-0.126982 -0.120282 0)
(-0.12507 -0.136704 0)
(-0.12445 -0.153664 0)
(-0.122892 -0.171619 0)
(-0.119964 -0.187705 0)
(-0.115949 -0.199699 0)
(-0.110522 -0.206943 0)
(-0.103475 -0.210175 0)
(-0.0955244 -0.210035 0)
(-0.0868566 -0.20713 0)
(-0.791666 0.0869176 0)
(-0.782182 0.0864326 0)
(-0.772882 0.0859965 0)
(-0.763755 0.0855384 0)
(-0.754737 0.0850476 0)
(-0.745805 0.0843578 0)
(-0.737007 0.083544 0)
(-0.728336 0.0827411 0)
(-0.719757 0.0819796 0)
(-0.711268 0.0811338 0)
(-0.702896 0.0802301 0)
(-0.69469 0.0793047 0)
(-0.686667 0.0783097 0)
(-0.678791 0.0772231 0)
(-0.670996 0.0760698 0)
(-0.663147 0.0749355 0)
(-0.655181 0.0738786 0)
(-0.647126 0.0728995 0)
(-0.639043 0.0719682 0)
(-0.631028 0.0709297 0)
(-0.623077 0.0698132 0)
(-0.615178 0.0685749 0)
(-0.607354 0.0672469 0)
(-0.599652 0.0658352 0)
(-0.592066 0.0644327 0)
(-0.584695 0.0630951 0)
(-0.57748 0.0615639 0)
(-0.570171 0.0601061 0)
(-0.562734 0.0585188 0)
(-0.555048 0.0570124 0)
(-0.547296 0.055177 0)
(-0.539438 0.0531341 0)
(-0.531462 0.0508367 0)
(-0.523364 0.0481997 0)
(-0.51516 0.0451783 0)
(-0.506841 0.0417968 0)
(-0.498494 0.0381207 0)
(-0.490115 0.0342169 0)
(-0.481793 0.0299067 0)
(-0.473543 0.0251987 0)
(-0.465379 0.0200564 0)
(-0.457247 0.0145776 0)
(-0.449201 0.00880889 0)
(-0.441229 0.00293583 0)
(-0.433258 -0.00293764 0)
(-0.425157 -0.00869241 0)
(-0.416827 -0.0142286 0)
(-0.408241 -0.0195032 0)
(-0.399345 -0.024353 0)
(-0.390195 -0.0288028 0)
(-0.380746 -0.0326748 0)
(-0.371131 -0.0361217 0)
(-0.361414 -0.0390677 0)
(-0.351685 -0.0414877 0)
(-0.34194 -0.0433903 0)
(-0.332236 -0.0450327 0)
(-0.322633 -0.0466973 0)
(-0.313161 -0.048227 0)
(-0.304009 -0.0495364 0)
(-0.295251 -0.050531 0)
(-0.286738 -0.0512419 0)
(-0.278123 -0.051762 0)
(-0.269361 -0.052558 0)
(-0.260543 -0.0535745 0)
(-0.251852 -0.0548978 0)
(-0.24338 -0.0565565 0)
(-0.235074 -0.0587432 0)
(-0.226682 -0.061466 0)
(-0.218034 -0.0647611 0)
(-0.209021 -0.0685914 0)
(-0.199638 -0.0728572 0)
(-0.18999 -0.0775786 0)
(-0.180419 -0.0829884 0)
(-0.171294 -0.0894801 0)
(-0.162992 -0.0974629 0)
(-0.155754 -0.10759 0)
(-0.149888 -0.121285 0)
(-0.146456 -0.138173 0)
(-0.146423 -0.154508 0)
(-0.145952 -0.171636 0)
(-0.142954 -0.18858 0)
(-0.138809 -0.201835 0)
(-0.132538 -0.211043 0)
(-0.124131 -0.216512 0)
(-0.114268 -0.218859 0)
(-0.103544 -0.219337 0)
(-0.0934095 -0.21776 0)
(-0.0821207 -0.214547 0)
(-0.793492 0.0923147 0)
(-0.783899 0.0913165 0)
(-0.77441 0.0903778 0)
(-0.765099 0.0895631 0)
(-0.755963 0.0886497 0)
(-0.746964 0.0874775 0)
(-0.738137 0.0862668 0)
(-0.729494 0.0850916 0)
(-0.720972 0.0839026 0)
(-0.712566 0.0826233 0)
(-0.704324 0.0813558 0)
(-0.696257 0.0802114 0)
(-0.688346 0.0790947 0)
(-0.68055 0.077838 0)
(-0.672863 0.0762919 0)
(-0.665265 0.0744978 0)
(-0.657666 0.0727163 0)
(-0.650033 0.0709892 0)
(-0.642341 0.06932 0)
(-0.634675 0.0675357 0)
(-0.627073 0.0655871 0)
(-0.619509 0.0634153 0)
(-0.6119 0.0610595 0)
(-0.604224 0.0584804 0)
(-0.596418 0.0556732 0)
(-0.588347 0.0524066 0)
(-0.580303 0.0488784 0)
(-0.572258 0.0454758 0)
(-0.564365 0.0419417 0)
(-0.556401 0.0384715 0)
(-0.548435 0.0348838 0)
(-0.540431 0.0311861 0)
(-0.532368 0.0273829 0)
(-0.524262 0.0233817 0)
(-0.516147 0.0191958 0)
(-0.508102 0.0148477 0)
(-0.500265 0.0101627 0)
(-0.492555 0.00515829 0)
(-0.484897 -5.62679e-05 0)
(-0.477347 -0.00533404 0)
(-0.469941 -0.0104959 0)
(-0.462536 -0.0152558 0)
(-0.455036 -0.0195814 0)
(-0.447302 -0.0234868 0)
(-0.439275 -0.0269274 0)
(-0.43091 -0.0299033 0)
(-0.422175 -0.0324136 0)
(-0.413084 -0.034596 0)
(-0.403644 -0.0364262 0)
(-0.393958 -0.0381361 0)
(-0.384082 -0.0395891 0)
(-0.374131 -0.0410103 0)
(-0.364153 -0.0423754 0)
(-0.354248 -0.0440124 0)
(-0.344453 -0.0458814 0)
(-0.334752 -0.0477557 0)
(-0.325169 -0.049606 0)
(-0.315655 -0.0514116 0)
(-0.306208 -0.0532564 0)
(-0.296886 -0.0549949 0)
(-0.287811 -0.056717 0)
(-0.278942 -0.0581611 0)
(-0.270368 -0.0596846 0)
(-0.261964 -0.0613754 0)
(-0.253698 -0.0634781 0)
(-0.245548 -0.0660347 0)
(-0.237552 -0.0691756 0)
(-0.229595 -0.0728838 0)
(-0.221485 -0.0771881 0)
(-0.213029 -0.0819486 0)
(-0.204693 -0.0872395 0)
(-0.19626 -0.093176 0)
(-0.188228 -0.100044 0)
(-0.180761 -0.108577 0)
(-0.174174 -0.120259 0)
(-0.168933 -0.135117 0)
(-0.167482 -0.150103 0)
(-0.168233 -0.164809 0)
(-0.166663 -0.182293 0)
(-0.162438 -0.19721 0)
(-0.156353 -0.207631 0)
(-0.148229 -0.214344 0)
(-0.138265 -0.218145 0)
(-0.126972 -0.219972 0)
(-0.114889 -0.220488 0)
(-0.101995 -0.220117 0)
(-0.0898314 -0.218395 0)
(-0.0769876 -0.21538 0)
(-0.794616 0.102851 0)
(-0.78497 0.101891 0)
(-0.775454 0.10086 0)
(-0.766069 0.0999444 0)
(-0.756924 0.098857 0)
(-0.748002 0.0974168 0)
(-0.739233 0.0959965 0)
(-0.730683 0.0945498 0)
(-0.72233 0.0929819 0)
(-0.714164 0.0911413 0)
(-0.706157 0.0891672 0)
(-0.698293 0.0870889 0)
(-0.69055 0.0847705 0)
(-0.682895 0.082058 0)
(-0.67527 0.0789264 0)
(-0.667683 0.0754317 0)
(-0.660037 0.0718433 0)
(-0.652294 0.0682493 0)
(-0.644419 0.0646842 0)
(-0.636544 0.0610192 0)
(-0.628761 0.0571783 0)
(-0.621156 0.0530549 0)
(-0.61366 0.0487019 0)
(-0.606208 0.0442084 0)
(-0.598832 0.0397156 0)
(-0.591217 0.0356993 0)
(-0.583715 0.0315426 0)
(-0.576165 0.0273214 0)
(-0.568738 0.0228038 0)
(-0.561259 0.0181011 0)
(-0.553666 0.0132343 0)
(-0.546013 0.0081899 0)
(-0.538337 0.00302332 0)
(-0.530721 -0.00230952 0)
(-0.523146 -0.00772306 0)
(-0.515599 -0.013092 0)
(-0.50807 -0.0182836 0)
(-0.500546 -0.0232457 0)
(-0.492965 -0.0279899 0)
(-0.485243 -0.0324936 0)
(-0.477387 -0.0367839 0)
(-0.469331 -0.0406776 0)
(-0.460963 -0.0440484 0)
(-0.452228 -0.0467279 0)
(-0.443176 -0.0487201 0)
(-0.433877 -0.0501101 0)
(-0.424377 -0.0509456 0)
(-0.414709 -0.0514853 0)
(-0.404902 -0.0517332 0)
(-0.395034 -0.0520084 0)
(-0.385176 -0.0521581 0)
(-0.375391 -0.0524457 0)
(-0.365651 -0.0528344 0)
(-0.35598 -0.0535655 0)
(-0.346429 -0.0547467 0)
(-0.336984 -0.0562876 0)
(-0.327596 -0.0581245 0)
(-0.318253 -0.0600087 0)
(-0.309097 -0.0620205 0)
(-0.300018 -0.0643352 0)
(-0.291191 -0.0671692 0)
(-0.282655 -0.0699982 0)
(-0.274522 -0.0731127 0)
(-0.266635 -0.0764687 0)
(-0.258881 -0.0802331 0)
(-0.251109 -0.0843628 0)
(-0.243338 -0.0888614 0)
(-0.2356 -0.0935987 0)
(-0.22796 -0.098525 0)
(-0.220083 -0.103511 0)
(-0.212451 -0.108751 0)
(-0.204587 -0.114954 0)
(-0.197156 -0.122885 0)
(-0.190765 -0.133229 0)
(-0.18753 -0.143635 0)
(-0.187896 -0.15521 0)
(-0.18864 -0.170938 0)
(-0.186543 -0.187334 0)
(-0.181462 -0.199597 0)
(-0.173748 -0.207518 0)
(-0.164171 -0.212322 0)
(-0.152906 -0.215472 0)
(-0.140412 -0.217389 0)
(-0.127131 -0.21799 0)
(-0.113627 -0.217482 0)
(-0.0999804 -0.216448 0)
(-0.0869026 -0.214935 0)
(-0.0738016 -0.213474 0)
(-0.796937 0.113435 0)
(-0.787066 0.112178 0)
(-0.777501 0.110674 0)
(-0.76819 0.108969 0)
(-0.759109 0.1071 0)
(-0.750279 0.104827 0)
(-0.741568 0.102529 0)
(-0.73304 0.100375 0)
(-0.724791 0.0981542 0)
(-0.71675 0.0957902 0)
(-0.708873 0.0931635 0)
(-0.701118 0.0903398 0)
(-0.693505 0.0872859 0)
(-0.686063 0.083952 0)
(-0.678732 0.0803618 0)
(-0.671545 0.0764756 0)
(-0.664407 0.0723826 0)
(-0.657273 0.0680208 0)
(-0.650108 0.0633807 0)
(-0.64289 0.0584517 0)
(-0.635628 0.0533054 0)
(-0.628415 0.0479047 0)
(-0.621259 0.0422677 0)
(-0.614037 0.0364764 0)
(-0.606802 0.030556 0)
(-0.599492 0.0246255 0)
(-0.592222 0.0186 0)
(-0.584857 0.0126046 0)
(-0.577485 0.00652771 0)
(-0.570093 0.000419596 0)
(-0.562601 -0.00560613 0)
(-0.555043 -0.0115699 0)
(-0.547333 -0.0173921 0)
(-0.539524 -0.023113 0)
(-0.531572 -0.0287167 0)
(-0.523369 -0.0341327 0)
(-0.514904 -0.0393057 0)
(-0.506305 -0.0441677 0)
(-0.497719 -0.048628 0)
(-0.489102 -0.0525158 0)
(-0.480394 -0.0558987 0)
(-0.471532 -0.0588289 0)
(-0.462477 -0.0611064 0)
(-0.453174 -0.0627403 0)
(-0.443612 -0.0637546 0)
(-0.433876 -0.0643205 0)
(-0.424066 -0.0644983 0)
(-0.414267 -0.0645559 0)
(-0.404533 -0.0644134 0)
(-0.394897 -0.0644251 0)
(-0.385364 -0.0644358 0)
(-0.375982 -0.0647324 0)
(-0.366791 -0.0651636 0)
(-0.357782 -0.0658888 0)
(-0.348911 -0.0671115 0)
(-0.340074 -0.0688313 0)
(-0.331219 -0.0712354 0)
(-0.322122 -0.0741551 0)
(-0.312811 -0.077843 0)
(-0.303325 -0.081524 0)
(-0.294146 -0.085779 0)
(-0.28537 -0.0906723 0)
(-0.277175 -0.0960728 0)
(-0.269504 -0.101671 0)
(-0.262254 -0.107296 0)
(-0.255066 -0.112588 0)
(-0.247683 -0.117337 0)
(-0.239997 -0.121442 0)
(-0.232225 -0.125059 0)
(-0.224396 -0.12867 0)
(-0.2168 -0.133053 0)
(-0.210083 -0.13711 0)
(-0.205484 -0.141945 0)
(-0.20396 -0.1492 0)
(-0.20512 -0.162265 0)
(-0.206226 -0.177745 0)
(-0.203975 -0.190794 0)
(-0.198506 -0.199818 0)
(-0.189894 -0.205208 0)
(-0.179208 -0.208419 0)
(-0.167114 -0.210759 0)
(-0.153931 -0.211678 0)
(-0.140145 -0.211682 0)
(-0.12629 -0.211331 0)
(-0.112606 -0.210769 0)
(-0.0991465 -0.210348 0)
(-0.0861959 -0.210441 0)
(-0.0735697 -0.211293 0)
(-0.796072 0.127852 0)
(-0.786532 0.126844 0)
(-0.777311 0.125486 0)
(-0.768494 0.123502 0)
(-0.759852 0.121201 0)
(-0.751414 0.118487 0)
(-0.743174 0.115605 0)
(-0.735129 0.112702 0)
(-0.727373 0.109589 0)
(-0.719862 0.106196 0)
(-0.712546 0.102463 0)
(-0.705353 0.0984169 0)
(-0.698257 0.0940668 0)
(-0.691276 0.0894167 0)
(-0.684361 0.0845177 0)
(-0.677536 0.079337 0)
(-0.670748 0.0738443 0)
(-0.664022 0.0679464 0)
(-0.657249 0.0616573 0)
(-0.65044 0.0550141 0)
(-0.643447 0.0481782 0)
(-0.636233 0.0412098 0)
(-0.628867 0.0341005 0)
(-0.621331 0.0269077 0)
(-0.613773 0.0196479 0)
(-0.606115 0.0124314 0)
(-0.598475 0.00527571 0)
(-0.59082 -0.00170065 0)
(-0.583142 -0.00843226 0)
(-0.575506 -0.0149314 0)
(-0.567859 -0.0210979 0)
(-0.560266 -0.0269531 0)
(-0.552595 -0.0323161 0)
(-0.544852 -0.0371758 0)
(-0.537049 -0.041649 0)
(-0.529017 -0.0457861 0)
(-0.520787 -0.0496631 0)
(-0.512291 -0.0532508 0)
(-0.50351 -0.056507 0)
(-0.494482 -0.0593974 0)
(-0.485248 -0.061699 0)
(-0.47586 -0.0634264 0)
(-0.466377 -0.0649289 0)
(-0.456726 -0.0664188 0)
(-0.446906 -0.0677509 0)
(-0.437018 -0.0689577 0)
(-0.427102 -0.0700079 0)
(-0.417245 -0.071109 0)
(-0.407449 -0.0720963 0)
(-0.39778 -0.0733193 0)
(-0.388139 -0.074637 0)
(-0.378511 -0.0764485 0)
(-0.368836 -0.0788047 0)
(-0.359236 -0.0816395 0)
(-0.34989 -0.0848999 0)
(-0.340838 -0.0884554 0)
(-0.33231 -0.0925048 0)
(-0.324162 -0.0966688 0)
(-0.316386 -0.101038 0)
(-0.308631 -0.105939 0)
(-0.301024 -0.111652 0)
(-0.293487 -0.11782 0)
(-0.285984 -0.124113 0)
(-0.278357 -0.129977 0)
(-0.270508 -0.135116 0)
(-0.262182 -0.139209 0)
(-0.253319 -0.14218 0)
(-0.244155 -0.143983 0)
(-0.235182 -0.14481 0)
(-0.227221 -0.145595 0)
(-0.221122 -0.147274 0)
(-0.217629 -0.153059 0)
(-0.21759 -0.163323 0)
(-0.21957 -0.176618 0)
(-0.220202 -0.189162 0)
(-0.21779 -0.19856 0)
(-0.212054 -0.203874 0)
(-0.203132 -0.206164 0)
(-0.192254 -0.206673 0)
(-0.180009 -0.207471 0)
(-0.16653 -0.206919 0)
(-0.15288 -0.20623 0)
(-0.139338 -0.205853 0)
(-0.125919 -0.205752 0)
(-0.112787 -0.206019 0)
(-0.0999993 -0.206948 0)
(-0.0875814 -0.208898 0)
(-0.0757369 -0.212241 0)
(-0.798957 0.140038 0)
(-0.789976 0.138813 0)
(-0.781098 0.137278 0)
(-0.772508 0.134911 0)
(-0.764049 0.132089 0)
(-0.755777 0.128873 0)
(-0.7478 0.125322 0)
(-0.74002 0.121608 0)
(-0.732525 0.117628 0)
(-0.725341 0.113334 0)
(-0.718426 0.108656 0)
(-0.711703 0.103558 0)
(-0.705124 0.0979907 0)
(-0.698655 0.0919814 0)
(-0.692197 0.0856459 0)
(-0.685707 0.079042 0)
(-0.679184 0.0721763 0)
(-0.672757 0.0649609 0)
(-0.66632 0.0574758 0)
(-0.659857 0.0497909 0)
(-0.653217 0.042098 0)
(-0.64632 0.034532 0)
(-0.639195 0.027084 0)
(-0.631815 0.0197287 0)
(-0.624322 0.0123996 0)
(-0.61662 0.00529524 0)
(-0.608718 -0.00148117 0)
(-0.600634 -0.00786308 0)
(-0.592328 -0.0137722 0)
(-0.583881 -0.0193054 0)
(-0.575277 -0.0244584 0)
(-0.566644 -0.0293499 0)
(-0.558043 -0.0339142 0)
(-0.549536 -0.0381162 0)
(-0.541169 -0.0420147 0)
(-0.532969 -0.0456194 0)
(-0.524714 -0.0488834 0)
(-0.516191 -0.0518646 0)
(-0.50727 -0.0546477 0)
(-0.497961 -0.0574136 0)
(-0.488265 -0.0602278 0)
(-0.478214 -0.0631649 0)
(-0.467832 -0.0660619 0)
(-0.457366 -0.0688709 0)
(-0.446894 -0.0716355 0)
(-0.436562 -0.074461 0)
(-0.426404 -0.077297 0)
(-0.416556 -0.0803749 0)
(-0.406952 -0.0834837 0)
(-0.39777 -0.0869459 0)
(-0.388907 -0.0905233 0)
(-0.380394 -0.0943805 0)
(-0.372072 -0.0982431 0)
(-0.363881 -0.102193 0)
(-0.355841 -0.106452 0)
(-0.347808 -0.110833 0)
(-0.339955 -0.115669 0)
(-0.332202 -0.120904 0)
(-0.324754 -0.126883 0)
(-0.317255 -0.13294 0)
(-0.30955 -0.138715 0)
(-0.301455 -0.143882 0)
(-0.292896 -0.148382 0)
(-0.283759 -0.15201 0)
(-0.274152 -0.154633 0)
(-0.264209 -0.156189 0)
(-0.254181 -0.156907 0)
(-0.244532 -0.157657 0)
(-0.236181 -0.15942 0)
(-0.230128 -0.163206 0)
(-0.227453 -0.170553 0)
(-0.22864 -0.181498 0)
(-0.231253 -0.194227 0)
(-0.231977 -0.205129 0)
(-0.229305 -0.211666 0)
(-0.222725 -0.214218 0)
(-0.213279 -0.214031 0)
(-0.202292 -0.212445 0)
(-0.190483 -0.210179 0)
(-0.17805 -0.207764 0)
(-0.165111 -0.205804 0)
(-0.151883 -0.204217 0)
(-0.138849 -0.203703 0)
(-0.126316 -0.204026 0)
(-0.114117 -0.205162 0)
(-0.102346 -0.207553 0)
(-0.0913395 -0.211258 0)
(-0.0815904 -0.216105 0)
(-0.801874 0.149383 0)
(-0.793376 0.147711 0)
(-0.784909 0.145872 0)
(-0.776591 0.143248 0)
(-0.768464 0.139964 0)
(-0.760603 0.136172 0)
(-0.753154 0.131791 0)
(-0.745967 0.127007 0)
(-0.739048 0.121897 0)
(-0.732445 0.116506 0)
(-0.726138 0.110803 0)
(-0.719974 0.104802 0)
(-0.713861 0.0984299 0)
(-0.707733 0.091685 0)
(-0.701481 0.084679 0)
(-0.695179 0.0774752 0)
(-0.688756 0.0702029 0)
(-0.682353 0.0628117 0)
(-0.675847 0.0553931 0)
(-0.669164 0.0479865 0)
(-0.662197 0.0406925 0)
(-0.654858 0.0336331 0)
(-0.647253 0.0268363 0)
(-0.639478 0.0202859 0)
(-0.631536 0.0139629 0)
(-0.623445 0.00795799 0)
(-0.615207 0.00231479 0)
(-0.606819 -0.00297324 0)
(-0.59819 -0.00783327 0)
(-0.589409 -0.0123807 0)
(-0.580467 -0.0166158 0)
(-0.571526 -0.0206939 0)
(-0.562691 -0.0247344 0)
(-0.553948 -0.0287681 0)
(-0.545267 -0.0327141 0)
(-0.536639 -0.036543 0)
(-0.527962 -0.0403023 0)
(-0.519182 -0.0440767 0)
(-0.510212 -0.0478764 0)
(-0.501049 -0.0518088 0)
(-0.491617 -0.0558032 0)
(-0.481983 -0.0598494 0)
(-0.47211 -0.0638332 0)
(-0.462155 -0.0678338 0)
(-0.452282 -0.0719323 0)
(-0.442583 -0.0763747 0)
(-0.432917 -0.0810293 0)
(-0.423477 -0.0860256 0)
(-0.41419 -0.0911609 0)
(-0.405266 -0.0966528 0)
(-0.396593 -0.102301 0)
(-0.388226 -0.108272 0)
(-0.380026 -0.114485 0)
(-0.371819 -0.120776 0)
(-0.363618 -0.127103 0)
(-0.355254 -0.133156 0)
(-0.346916 -0.139087 0)
(-0.338555 -0.144677 0)
(-0.330364 -0.150027 0)
(-0.322185 -0.15475 0)
(-0.313873 -0.15876 0)
(-0.305189 -0.161857 0)
(-0.295992 -0.164142 0)
(-0.286165 -0.165483 0)
(-0.275822 -0.166171 0)
(-0.265278 -0.166631 0)
(-0.255258 -0.167581 0)
(-0.2469 -0.169844 0)
(-0.241145 -0.174681 0)
(-0.239162 -0.183638 0)
(-0.240799 -0.19633 0)
(-0.243112 -0.209651 0)
(-0.242951 -0.220092 0)
(-0.23925 -0.225791 0)
(-0.231687 -0.227293 0)
(-0.221541 -0.226028 0)
(-0.210372 -0.223376 0)
(-0.198399 -0.219885 0)
(-0.186199 -0.215962 0)
(-0.174089 -0.212103 0)
(-0.162121 -0.209279 0)
(-0.150373 -0.206937 0)
(-0.138374 -0.205921 0)
(-0.127158 -0.206451 0)
(-0.116517 -0.208268 0)
(-0.106825 -0.21141 0)
(-0.0984122 -0.216713 0)
(-0.0909819 -0.224706 0)
(-0.804192 0.153432 0)
(-0.796189 0.151123 0)
(-0.788251 0.148684 0)
(-0.780385 0.145679 0)
(-0.772797 0.142009 0)
(-0.765524 0.137885 0)
(-0.758636 0.133204 0)
(-0.751992 0.128097 0)
(-0.745552 0.12267 0)
(-0.739301 0.117037 0)
(-0.733286 0.11115 0)
(-0.72736 0.105071 0)
(-0.721425 0.0987846 0)
(-0.71544 0.0922968 0)
(-0.709272 0.0857236 0)
(-0.703078 0.0790204 0)
(-0.696728 0.0723103 0)
(-0.69033 0.0655768 0)
(-0.683818 0.0588654 0)
(-0.677058 0.0522383 0)
(-0.669955 0.0457505 0)
(-0.662421 0.039494 0)
(-0.654478 0.0335508 0)
(-0.64625 0.0279443 0)
(-0.637827 0.0226667 0)
(-0.629242 0.0176906 0)
(-0.620446 0.012999 0)
(-0.611485 0.00851129 0)
(-0.602345 0.00430138 0)
(-0.593209 0.000256501 0)
(-0.584143 -0.0036418 0)
(-0.575242 -0.0075364 0)
(-0.566506 -0.0115128 0)
(-0.557895 -0.0156548 0)
(-0.549371 -0.0200139 0)
(-0.540927 -0.0245409 0)
(-0.53247 -0.0292225 0)
(-0.524009 -0.0341179 0)
(-0.515397 -0.0391452 0)
(-0.506607 -0.0443603 0)
(-0.497535 -0.0497828 0)
(-0.488269 -0.0554205 0)
(-0.478919 -0.0612658 0)
(-0.469581 -0.067429 0)
(-0.460146 -0.07392 0)
(-0.45068 -0.0807219 0)
(-0.441224 -0.0877365 0)
(-0.431978 -0.0950811 0)
(-0.422815 -0.102547 0)
(-0.413871 -0.110193 0)
(-0.405009 -0.117755 0)
(-0.396352 -0.12522 0)
(-0.387824 -0.132462 0)
(-0.379203 -0.139215 0)
(-0.370555 -0.145522 0)
(-0.361766 -0.151138 0)
(-0.353006 -0.156233 0)
(-0.344155 -0.160624 0)
(-0.335287 -0.164485 0)
(-0.326291 -0.16769 0)
(-0.317059 -0.170255 0)
(-0.307323 -0.171959 0)
(-0.297117 -0.172827 0)
(-0.286544 -0.173136 0)
(-0.275959 -0.173449 0)
(-0.26618 -0.174547 0)
(-0.258236 -0.177182 0)
(-0.253107 -0.182985 0)
(-0.252103 -0.193228 0)
(-0.254264 -0.206764 0)
(-0.256144 -0.220258 0)
(-0.254888 -0.230602 0)
(-0.249787 -0.236215 0)
(-0.240885 -0.237779 0)
(-0.229842 -0.236949 0)
(-0.218253 -0.234776 0)
(-0.205852 -0.231668 0)
(-0.193316 -0.227893 0)
(-0.181066 -0.223652 0)
(-0.169354 -0.219431 0)
(-0.158235 -0.215961 0)
(-0.147895 -0.213035 0)
(-0.13774 -0.211719 0)
(-0.128891 -0.212663 0)
(-0.121077 -0.215912 0)
(-0.114126 -0.221342 0)
(-0.107676 -0.228292 0)
(-0.100618 -0.235714 0)
(-0.80588 0.153895 0)
(-0.798102 0.151256 0)
(-0.7905 0.148301 0)
(-0.782971 0.144974 0)
(-0.775721 0.141248 0)
(-0.768815 0.13715 0)
(-0.762221 0.132622 0)
(-0.755855 0.127751 0)
(-0.749717 0.122552 0)
(-0.743693 0.117166 0)
(-0.737826 0.111573 0)
(-0.731989 0.105947 0)
(-0.726043 0.100388 0)
(-0.719993 0.0948565 0)
(-0.713728 0.0893507 0)
(-0.707411 0.0837075 0)
(-0.700964 0.0780049 0)
(-0.694359 0.0723257 0)
(-0.68758 0.0667351 0)
(-0.680548 0.0612886 0)
(-0.673192 0.0560281 0)
(-0.665565 0.0509322 0)
(-0.657672 0.0460495 0)
(-0.649597 0.0413813 0)
(-0.641375 0.0368788 0)
(-0.633018 0.032512 0)
(-0.624488 0.0282775 0)
(-0.615933 0.0240188 0)
(-0.607314 0.0197375 0)
(-0.59871 0.0152787 0)
(-0.59013 0.0107094 0)
(-0.581609 0.0060226 0)
(-0.573117 0.00122473 0)
(-0.5647 -0.00373548 0)
(-0.556282 -0.00906339 0)
(-0.547884 -0.0147753 0)
(-0.539436 -0.0207748 0)
(-0.530982 -0.0270832 0)
(-0.522398 -0.0335917 0)
(-0.513796 -0.0402863 0)
(-0.505061 -0.0471463 0)
(-0.496181 -0.0544108 0)
(-0.487098 -0.0620803 0)
(-0.477894 -0.0701853 0)
(-0.468624 -0.0786916 0)
(-0.459437 -0.0875402 0)
(-0.450239 -0.0964826 0)
(-0.441188 -0.105591 0)
(-0.432158 -0.114633 0)
(-0.423216 -0.123505 0)
(-0.414124 -0.131829 0)
(-0.404821 -0.139365 0)
(-0.395501 -0.146079 0)
(-0.386098 -0.151867 0)
(-0.376708 -0.156947 0)
(-0.367232 -0.161246 0)
(-0.357805 -0.165064 0)
(-0.348289 -0.168307 0)
(-0.338689 -0.171197 0)
(-0.328823 -0.173486 0)
(-0.318615 -0.175151 0)
(-0.307994 -0.175955 0)
(-0.297252 -0.176408 0)
(-0.286737 -0.177054 0)
(-0.277281 -0.178552 0)
(-0.26981 -0.18176 0)
(-0.265481 -0.18848 0)
(-0.265545 -0.199715 0)
(-0.268217 -0.213717 0)
(-0.269757 -0.226988 0)
(-0.267701 -0.236861 0)
(-0.261525 -0.242315 0)
(-0.251678 -0.244233 0)
(-0.239888 -0.244227 0)
(-0.227504 -0.243093 0)
(-0.214534 -0.240982 0)
(-0.201447 -0.238174 0)
(-0.188617 -0.235102 0)
(-0.176331 -0.231882 0)
(-0.164947 -0.228868 0)
(-0.154816 -0.22674 0)
(-0.145854 -0.225666 0)
(-0.138323 -0.226233 0)
(-0.132242 -0.229087 0)
(-0.127034 -0.233655 0)
(-0.121583 -0.238586 0)
(-0.11513 -0.242979 0)
(-0.10709 -0.246632 0)
(-0.80569 0.155294 0)
(-0.797836 0.152299 0)
(-0.790227 0.148836 0)
(-0.782737 0.145174 0)
(-0.775515 0.141522 0)
(-0.768678 0.137718 0)
(-0.762154 0.133713 0)
(-0.755887 0.129616 0)
(-0.749964 0.125321 0)
(-0.744246 0.120914 0)
(-0.738756 0.116323 0)
(-0.733436 0.111705 0)
(-0.728101 0.107182 0)
(-0.72271 0.102714 0)
(-0.717132 0.0982689 0)
(-0.711379 0.093734 0)
(-0.705439 0.0890946 0)
(-0.699224 0.0844171 0)
(-0.692657 0.0797829 0)
(-0.685748 0.0751895 0)
(-0.678449 0.0707014 0)
(-0.670843 0.066283 0)
(-0.66294 0.0619103 0)
(-0.654765 0.0575802 0)
(-0.646354 0.0531969 0)
(-0.637793 0.0486823 0)
(-0.629118 0.04412 0)
(-0.620517 0.039412 0)
(-0.612098 0.0345033 0)
(-0.603887 0.0291662 0)
(-0.595744 0.0233618 0)
(-0.587606 0.0172274 0)
(-0.579338 0.0108289 0)
(-0.571064 0.00417946 0)
(-0.563025 -0.00264833 0)
(-0.555242 -0.00991039 0)
(-0.547412 -0.0174789 0)
(-0.539572 -0.0252969 0)
(-0.531606 -0.0332769 0)
(-0.523414 -0.0413927 0)
(-0.515031 -0.0497326 0)
(-0.506534 -0.0582656 0)
(-0.497916 -0.0669745 0)
(-0.489219 -0.075816 0)
(-0.480396 -0.0846803 0)
(-0.471467 -0.0935595 0)
(-0.462294 -0.102417 0)
(-0.453006 -0.111179 0)
(-0.443493 -0.119689 0)
(-0.433807 -0.127897 0)
(-0.423904 -0.135591 0)
(-0.413824 -0.142637 0)
(-0.40361 -0.148895 0)
(-0.393265 -0.154268 0)
(-0.383006 -0.158982 0)
(-0.372772 -0.162956 0)
(-0.362678 -0.166478 0)
(-0.352536 -0.169438 0)
(-0.342223 -0.171931 0)
(-0.331485 -0.173707 0)
(-0.320397 -0.175069 0)
(-0.309158 -0.176355 0)
(-0.298288 -0.178142 0)
(-0.288807 -0.180473 0)
(-0.281528 -0.18449 0)
(-0.277814 -0.192133 0)
(-0.27876 -0.204102 0)
(-0.281936 -0.218239 0)
(-0.283412 -0.231074 0)
(-0.280998 -0.240379 0)
(-0.274229 -0.245467 0)
(-0.263798 -0.247441 0)
(-0.251547 -0.248006 0)
(-0.238657 -0.247695 0)
(-0.225174 -0.246572 0)
(-0.211437 -0.244846 0)
(-0.198071 -0.242817 0)
(-0.185398 -0.241076 0)
(-0.173615 -0.240064 0)
(-0.163108 -0.239815 0)
(-0.154247 -0.240916 0)
(-0.147197 -0.243512 0)
(-0.141588 -0.247313 0)
(-0.136816 -0.251877 0)
(-0.13197 -0.255938 0)
(-0.125738 -0.258124 0)
(-0.118014 -0.258386 0)
(-0.108937 -0.257857 0)
(-0.804627 0.160406 0)
(-0.79656 0.157123 0)
(-0.788814 0.153347 0)
(-0.78125 0.149611 0)
(-0.773972 0.146241 0)
(-0.767211 0.142917 0)
(-0.760904 0.139539 0)
(-0.754946 0.136268 0)
(-0.749435 0.132936 0)
(-0.74425 0.129585 0)
(-0.739325 0.126144 0)
(-0.734478 0.122601 0)
(-0.729501 0.119027 0)
(-0.724345 0.115421 0)
(-0.71903 0.111753 0)
(-0.713553 0.107986 0)
(-0.707855 0.104087 0)
(-0.701886 0.100018 0)
(-0.695484 0.0958358 0)
(-0.688731 0.0914994 0)
(-0.681577 0.0870356 0)
(-0.674141 0.0824762 0)
(-0.666506 0.0777881 0)
(-0.658678 0.0730016 0)
(-0.650692 0.0680181 0)
(-0.642538 0.062605 0)
(-0.634206 0.0567628 0)
(-0.62581 0.0505346 0)
(-0.617478 0.043941 0)
(-0.609556 0.0370093 0)
(-0.602045 0.029623 0)
(-0.594721 0.0217888 0)
(-0.587552 0.013549 0)
(-0.58047 0.00495599 0)
(-0.573129 -0.00373448 0)
(-0.565605 -0.0126185 0)
(-0.557935 -0.0216105 0)
(-0.550073 -0.030578 0)
(-0.542045 -0.0394469 0)
(-0.533845 -0.0482419 0)
(-0.525478 -0.0568826 0)
(-0.516921 -0.0652703 0)
(-0.508198 -0.0733672 0)
(-0.499342 -0.0811452 0)
(-0.49028 -0.088681 0)
(-0.481111 -0.0961054 0)
(-0.471798 -0.103357 0)
(-0.46235 -0.110451 0)
(-0.452652 -0.117324 0)
(-0.442719 -0.123995 0)
(-0.43256 -0.130445 0)
(-0.42209 -0.136619 0)
(-0.41136 -0.142573 0)
(-0.400441 -0.148237 0)
(-0.389605 -0.15369 0)
(-0.378759 -0.158683 0)
(-0.367939 -0.163204 0)
(-0.356921 -0.166989 0)
(-0.34568 -0.170189 0)
(-0.334112 -0.172785 0)
(-0.322525 -0.175109 0)
(-0.311478 -0.177353 0)
(-0.30176 -0.180172 0)
(-0.294288 -0.185182 0)
(-0.290714 -0.193736 0)
(-0.292065 -0.2064 0)
(-0.295465 -0.220763 0)
(-0.296872 -0.233409 0)
(-0.294357 -0.24241 0)
(-0.287472 -0.247239 0)
(-0.276617 -0.249222 0)
(-0.264131 -0.249735 0)
(-0.251003 -0.249457 0)
(-0.23716 -0.248717 0)
(-0.223094 -0.247679 0)
(-0.209554 -0.246557 0)
(-0.19648 -0.246084 0)
(-0.184553 -0.246757 0)
(-0.174114 -0.248825 0)
(-0.165294 -0.252195 0)
(-0.158042 -0.257073 0)
(-0.152236 -0.263083 0)
(-0.146999 -0.268902 0)
(-0.141198 -0.273216 0)
(-0.134143 -0.275393 0)
(-0.125739 -0.275169 0)
(-0.116727 -0.272805 0)
(-0.106764 -0.26951 0)
(-0.803693 0.170008 0)
(-0.795615 0.166602 0)
(-0.788024 0.162681 0)
(-0.780813 0.159049 0)
(-0.773929 0.156137 0)
(-0.767517 0.153347 0)
(-0.761544 0.150549 0)
(-0.755813 0.14799 0)
(-0.750389 0.145427 0)
(-0.745197 0.142759 0)
(-0.740243 0.139911 0)
(-0.735373 0.136964 0)
(-0.730454 0.133929 0)
(-0.7254 0.13075 0)
(-0.720177 0.127369 0)
(-0.714772 0.123802 0)
(-0.709174 0.120057 0)
(-0.703422 0.116108 0)
(-0.69731 0.111876 0)
(-0.690857 0.107212 0)
(-0.684043 0.102022 0)
(-0.67685 0.0964282 0)
(-0.669466 0.0904561 0)
(-0.661821 0.0841888 0)
(-0.654083 0.0776018 0)
(-0.646499 0.0706841 0)
(-0.639174 0.0631403 0)
(-0.632022 0.0549562 0)
(-0.625091 0.0461914 0)
(-0.618101 0.0370941 0)
(-0.611044 0.0277835 0)
(-0.60402 0.0182262 0)
(-0.596971 0.008503 0)
(-0.589819 -0.00130999 0)
(-0.582544 -0.0111318 0)
(-0.575089 -0.0208181 0)
(-0.567402 -0.0303486 0)
(-0.559425 -0.0396234 0)
(-0.551188 -0.0484972 0)
(-0.542728 -0.056756 0)
(-0.534036 -0.0643915 0)
(-0.525107 -0.0714632 0)
(-0.515979 -0.0780652 0)
(-0.50674 -0.0843293 0)
(-0.497444 -0.0902168 0)
(-0.488189 -0.0958685 0)
(-0.47887 -0.101214 0)
(-0.469428 -0.106412 0)
(-0.459739 -0.111491 0)
(-0.449737 -0.116514 0)
(-0.439398 -0.121549 0)
(-0.428745 -0.126669 0)
(-0.417978 -0.132063 0)
(-0.407091 -0.137651 0)
(-0.396216 -0.143469 0)
(-0.385162 -0.149245 0)
(-0.373893 -0.154869 0)
(-0.362137 -0.159983 0)
(-0.350015 -0.164556 0)
(-0.337851 -0.168623 0)
(-0.326361 -0.172693 0)
(-0.316359 -0.177347 0)
(-0.308659 -0.183346 0)
(-0.304931 -0.192557 0)
(-0.306131 -0.205807 0)
(-0.309426 -0.220603 0)
(-0.310653 -0.233554 0)
(-0.308212 -0.242627 0)
(-0.301416 -0.24787 0)
(-0.289979 -0.250487 0)
(-0.277116 -0.250857 0)
(-0.263689 -0.250534 0)
(-0.249733 -0.249746 0)
(-0.235652 -0.248751 0)
(-0.222136 -0.248058 0)
(-0.209099 -0.248588 0)
(-0.197535 -0.250438 0)
(-0.187296 -0.253908 0)
(-0.178592 -0.259011 0)
(-0.171452 -0.265714 0)
(-0.165223 -0.273204 0)
(-0.15915 -0.280275 0)
(-0.152271 -0.285584 0)
(-0.143674 -0.288392 0)
(-0.133825 -0.28919 0)
(-0.123721 -0.288045 0)
(-0.113074 -0.284808 0)
(-0.102012 -0.280577 0)
(-0.80333 0.183817 0)
(-0.795215 0.180624 0)
(-0.787648 0.176719 0)
(-0.780555 0.173002 0)
(-0.773856 0.169752 0)
(-0.767487 0.16677 0)
(-0.761602 0.163819 0)
(-0.755856 0.161254 0)
(-0.750428 0.158788 0)
(-0.745179 0.156263 0)
(-0.740126 0.153551 0)
(-0.735211 0.150656 0)
(-0.730356 0.147758 0)
(-0.7256 0.144786 0)
(-0.720743 0.141576 0)
(-0.715627 0.137848 0)
(-0.71018 0.133617 0)
(-0.704394 0.128735 0)
(-0.698335 0.123445 0)
(-0.691993 0.117795 0)
(-0.685665 0.11165 0)
(-0.679293 0.104797 0)
(-0.672933 0.0971417 0)
(-0.666493 0.0888414 0)
(-0.660026 0.0799666 0)
(-0.653383 0.0707306 0)
(-0.646562 0.0612227 0)
(-0.639673 0.0513876 0)
(-0.632747 0.0412652 0)
(-0.625832 0.030913 0)
(-0.619021 0.020396 0)
(-0.612218 0.00983817 0)
(-0.6053 -0.000675057 0)
(-0.598159 -0.0110843 0)
(-0.59069 -0.021157 0)
(-0.582913 -0.0305804 0)
(-0.574849 -0.0393544 0)
(-0.566453 -0.047462 0)
(-0.557662 -0.0549564 0)
(-0.548568 -0.0618941 0)
(-0.539318 -0.0682214 0)
(-0.530016 -0.0740077 0)
(-0.520708 -0.079322 0)
(-0.511483 -0.0842851 0)
(-0.502299 -0.0888575 0)
(-0.493183 -0.0931921 0)
(-0.484037 -0.0973797 0)
(-0.474784 -0.101457 0)
(-0.465318 -0.105467 0)
(-0.455546 -0.109496 0)
(-0.445472 -0.113643 0)
(-0.435127 -0.118001 0)
(-0.424673 -0.122753 0)
(-0.414033 -0.127846 0)
(-0.403274 -0.133352 0)
(-0.392159 -0.139055 0)
(-0.380609 -0.144902 0)
(-0.36853 -0.150706 0)
(-0.356281 -0.156592 0)
(-0.344363 -0.162645 0)
(-0.333628 -0.169216 0)
(-0.325071 -0.176849 0)
(-0.320562 -0.187247 0)
(-0.321305 -0.201364 0)
(-0.324287 -0.216922 0)
(-0.325505 -0.230441 0)
(-0.323206 -0.240179 0)
(-0.316402 -0.247013 0)
(-0.304476 -0.250749 0)
(-0.29088 -0.251367 0)
(-0.276799 -0.251455 0)
(-0.262644 -0.251128 0)
(-0.248435 -0.250354 0)
(-0.234887 -0.250135 0)
(-0.22229 -0.251146 0)
(-0.21124 -0.253338 0)
(-0.201499 -0.257466 0)
(-0.193202 -0.263305 0)
(-0.1863 -0.270864 0)
(-0.180071 -0.279162 0)
(-0.173405 -0.286739 0)
(-0.165538 -0.292609 0)
(-0.155927 -0.296589 0)
(-0.144618 -0.298867 0)
(-0.132918 -0.299415 0)
(-0.120763 -0.298227 0)
(-0.108631 -0.295162 0)
(-0.0964687 -0.290976 0)
(-0.804175 0.199235 0)
(-0.795929 0.195665 0)
(-0.788095 0.191612 0)
(-0.780607 0.187955 0)
(-0.773695 0.184521 0)
(-0.767079 0.181308 0)
(-0.761045 0.177979 0)
(-0.755205 0.174901 0)
(-0.74964 0.172105 0)
(-0.744497 0.169435 0)
(-0.73943 0.166705 0)
(-0.734375 0.163424 0)
(-0.729314 0.159736 0)
(-0.724518 0.155482 0)
(-0.719927 0.150839 0)
(-0.715403 0.145953 0)
(-0.710741 0.14068 0)
(-0.705822 0.134914 0)
(-0.700856 0.128297 0)
(-0.695758 0.120886 0)
(-0.690597 0.112661 0)
(-0.684995 0.103942 0)
(-0.67903 0.0947054 0)
(-0.67276 0.0850662 0)
(-0.666274 0.0750614 0)
(-0.659652 0.0646645 0)
(-0.653038 0.0539689 0)
(-0.646411 0.0431442 0)
(-0.639744 0.0322389 0)
(-0.632953 0.0213301 0)
(-0.626053 0.0106639 0)
(-0.619102 0.000345319 0)
(-0.611993 -0.00951932 0)
(-0.604639 -0.018881 0)
(-0.596767 -0.0276545 0)
(-0.588332 -0.0358117 0)
(-0.57952 -0.0432578 0)
(-0.570421 -0.0499953 0)
(-0.561164 -0.0559982 0)
(-0.551762 -0.0614676 0)
(-0.542312 -0.0665863 0)
(-0.532881 -0.0714269 0)
(-0.523506 -0.0759888 0)
(-0.514284 -0.0804274 0)
(-0.505153 -0.0847767 0)
(-0.496106 -0.089063 0)
(-0.487081 -0.0932593 0)
(-0.477948 -0.0972952 0)
(-0.468654 -0.101134 0)
(-0.459224 -0.104874 0)
(-0.449649 -0.108688 0)
(-0.439903 -0.112629 0)
(-0.430078 -0.116842 0)
(-0.420061 -0.121312 0)
(-0.409817 -0.126179 0)
(-0.399105 -0.131288 0)
(-0.387845 -0.136693 0)
(-0.376066 -0.142449 0)
(-0.364328 -0.148892 0)
(-0.353389 -0.156255 0)
(-0.344271 -0.165074 0)
(-0.338582 -0.176602 0)
(-0.337912 -0.191838 0)
(-0.340554 -0.208435 0)
(-0.342005 -0.223134 0)
(-0.339708 -0.234991 0)
(-0.332838 -0.243902 0)
(-0.320757 -0.248924 0)
(-0.306132 -0.250591 0)
(-0.29134 -0.2514 0)
(-0.276563 -0.25197 0)
(-0.262099 -0.2524 0)
(-0.248269 -0.253062 0)
(-0.235893 -0.254653 0)
(-0.224992 -0.257385 0)
(-0.215578 -0.26173 0)
(-0.20769 -0.267618 0)
(-0.201267 -0.2752 0)
(-0.195372 -0.283456 0)
(-0.188633 -0.291005 0)
(-0.180202 -0.296827 0)
(-0.169699 -0.301188 0)
(-0.157626 -0.304102 0)
(-0.144789 -0.305499 0)
(-0.131637 -0.305644 0)
(-0.118209 -0.304689 0)
(-0.10483 -0.30249 0)
(-0.0917576 -0.299321 0)
(-0.803943 0.216176 0)
(-0.795591 0.212222 0)
(-0.787632 0.208162 0)
(-0.780254 0.204293 0)
(-0.773412 0.200288 0)
(-0.766984 0.19632 0)
(-0.760636 0.192555 0)
(-0.754765 0.188582 0)
(-0.748833 0.184383 0)
(-0.743784 0.179533 0)
(-0.739312 0.174285 0)
(-0.735146 0.168782 0)
(-0.731064 0.162978 0)
(-0.727081 0.156944 0)
(-0.722946 0.150828 0)
(-0.718825 0.144442 0)
(-0.714671 0.137689 0)
(-0.71032 0.130467 0)
(-0.705772 0.122659 0)
(-0.700929 0.114236 0)
(-0.695845 0.105197 0)
(-0.690409 0.0956213 0)
(-0.684651 0.0856834 0)
(-0.67865 0.0754473 0)
(-0.672545 0.0649856 0)
(-0.666301 0.0544127 0)
(-0.659884 0.0438763 0)
(-0.653319 0.0335494 0)
(-0.646661 0.0236285 0)
(-0.639774 0.014056 0)
(-0.632421 0.00477727 0)
(-0.624781 -0.00414695 0)
(-0.61685 -0.0125462 0)
(-0.608677 -0.0204183 0)
(-0.600223 -0.0278289 0)
(-0.591448 -0.0347497 0)
(-0.582272 -0.0411444 0)
(-0.572837 -0.0470926 0)
(-0.563313 -0.0527132 0)
(-0.553704 -0.0579624 0)
(-0.544067 -0.0629412 0)
(-0.534509 -0.0677932 0)
(-0.525055 -0.0724548 0)
(-0.515804 -0.0770544 0)
(-0.506674 -0.0815904 0)
(-0.497612 -0.0860291 0)
(-0.488603 -0.090388 0)
(-0.479605 -0.0946842 0)
(-0.470583 -0.0989629 0)
(-0.461412 -0.103156 0)
(-0.452071 -0.107034 0)
(-0.442795 -0.110837 0)
(-0.433529 -0.114798 0)
(-0.424106 -0.11882 0)
(-0.41439 -0.123015 0)
(-0.404106 -0.127306 0)
(-0.393447 -0.131902 0)
(-0.382646 -0.13712 0)
(-0.372379 -0.143416 0)
(-0.363539 -0.151248 0)
(-0.357729 -0.162101 0)
(-0.356699 -0.177223 0)
(-0.358981 -0.194609 0)
(-0.360597 -0.211502 0)
(-0.358335 -0.226121 0)
(-0.351535 -0.236918 0)
(-0.339585 -0.243927 0)
(-0.323925 -0.247394 0)
(-0.30798 -0.249537 0)
(-0.292585 -0.251523 0)
(-0.277619 -0.253203 0)
(-0.263444 -0.255206 0)
(-0.250667 -0.257976 0)
(-0.239458 -0.261629 0)
(-0.229968 -0.26648 0)
(-0.222131 -0.272627 0)
(-0.21576 -0.280077 0)
(-0.210081 -0.288008 0)
(-0.203521 -0.295082 0)
(-0.194867 -0.300348 0)
(-0.183989 -0.304109 0)
(-0.171573 -0.306334 0)
(-0.15836 -0.307816 0)
(-0.144584 -0.308829 0)
(-0.13043 -0.309069 0)
(-0.11624 -0.308569 0)
(-0.102189 -0.307324 0)
(-0.0884974 -0.305493 0)
(-0.804205 0.233494 0)
(-0.795827 0.229074 0)
(-0.787996 0.224923 0)
(-0.780811 0.220737 0)
(-0.774482 0.215642 0)
(-0.768347 0.209657 0)
(-0.762571 0.2027 0)
(-0.757447 0.195385 0)
(-0.752531 0.187948 0)
(-0.747728 0.180371 0)
(-0.742915 0.172861 0)
(-0.738663 0.165339 0)
(-0.734556 0.157814 0)
(-0.730564 0.150236 0)
(-0.726674 0.14245 0)
(-0.722799 0.134421 0)
(-0.718916 0.126168 0)
(-0.714846 0.117733 0)
(-0.710612 0.109013 0)
(-0.706155 0.0999843 0)
(-0.701383 0.0907787 0)
(-0.696238 0.0815358 0)
(-0.690779 0.072322 0)
(-0.685098 0.0631146 0)
(-0.679135 0.0540902 0)
(-0.67288 0.0454216 0)
(-0.666269 0.0371355 0)
(-0.65922 0.0291106 0)
(-0.651896 0.021134 0)
(-0.644428 0.0132718 0)
(-0.636812 0.00554533 0)
(-0.629008 -0.00200764 0)
(-0.620794 -0.00924421 0)
(-0.61218 -0.0160928 0)
(-0.603209 -0.0225657 0)
(-0.593847 -0.028736 0)
(-0.584182 -0.0346965 0)
(-0.574306 -0.0404895 0)
(-0.564317 -0.0462339 0)
(-0.554404 -0.0518895 0)
(-0.544675 -0.0575124 0)
(-0.535164 -0.06314 0)
(-0.525777 -0.0686462 0)
(-0.516617 -0.074063 0)
(-0.507612 -0.0794911 0)
(-0.498638 -0.0848158 0)
(-0.489638 -0.0899715 0)
(-0.480581 -0.0948962 0)
(-0.471423 -0.0994314 0)
(-0.462238 -0.10357 0)
(-0.453247 -0.107681 0)
(-0.444325 -0.111817 0)
(-0.435391 -0.115835 0)
(-0.426296 -0.119716 0)
(-0.416909 -0.123396 0)
(-0.407179 -0.126986 0)
(-0.397318 -0.131008 0)
(-0.387826 -0.135606 0)
(-0.379593 -0.141504 0)
(-0.373987 -0.150055 0)
(-0.373341 -0.162825 0)
(-0.376934 -0.179204 0)
(-0.380023 -0.197001 0)
(-0.378944 -0.212729 0)
(-0.372835 -0.224863 0)
(-0.361269 -0.233885 0)
(-0.345144 -0.239615 0)
(-0.327931 -0.243617 0)
(-0.311524 -0.247467 0)
(-0.295718 -0.251337 0)
(-0.280777 -0.255096 0)
(-0.267223 -0.259243 0)
(-0.255461 -0.264216 0)
(-0.245391 -0.270013 0)
(-0.237121 -0.276844 0)
(-0.230436 -0.284656 0)
(-0.224536 -0.292572 0)
(-0.217996 -0.29945 0)
(-0.209119 -0.304493 0)
(-0.197948 -0.307606 0)
(-0.185498 -0.30899 0)
(-0.172247 -0.30984 0)
(-0.15833 -0.310585 0)
(-0.143991 -0.311161 0)
(-0.129486 -0.311392 0)
(-0.115092 -0.311351 0)
(-0.100882 -0.311066 0)
(-0.0869373 -0.310605 0)
(-0.805463 0.253548 0)
(-0.797957 0.247619 0)
(-0.79079 0.240359 0)
(-0.784513 0.232214 0)
(-0.778939 0.223325 0)
(-0.773611 0.214052 0)
(-0.768414 0.204548 0)
(-0.763339 0.194779 0)
(-0.75823 0.185224 0)
(-0.75307 0.175831 0)
(-0.748102 0.166355 0)
(-0.743478 0.156603 0)
(-0.739274 0.146628 0)
(-0.735373 0.136617 0)
(-0.731732 0.12667 0)
(-0.728131 0.116989 0)
(-0.724441 0.107649 0)
(-0.720525 0.0987296 0)
(-0.716291 0.0902838 0)
(-0.711715 0.082285 0)
(-0.706754 0.0746358 0)
(-0.701516 0.0672987 0)
(-0.695848 0.0604749 0)
(-0.689775 0.0540226 0)
(-0.683301 0.0478379 0)
(-0.676497 0.0418272 0)
(-0.669517 0.0358334 0)
(-0.662515 0.0296993 0)
(-0.655261 0.0234812 0)
(-0.647857 0.0172596 0)
(-0.640163 0.0111793 0)
(-0.63213 0.00512771 0)
(-0.623701 -0.000964819 0)
(-0.614797 -0.00708509 0)
(-0.6055 -0.0132588 0)
(-0.595882 -0.0195109 0)
(-0.586016 -0.0258107 0)
(-0.576005 -0.0321194 0)
(-0.565908 -0.0383422 0)
(-0.555872 -0.0446207 0)
(-0.545894 -0.0509091 0)
(-0.536361 -0.0574449 0)
(-0.527243 -0.0642955 0)
(-0.518123 -0.0712133 0)
(-0.50899 -0.0779394 0)
(-0.499789 -0.0844811 0)
(-0.490431 -0.0906887 0)
(-0.480992 -0.0965104 0)
(-0.471481 -0.101932 0)
(-0.462082 -0.106978 0)
(-0.452985 -0.111606 0)
(-0.444066 -0.11563 0)
(-0.435274 -0.119249 0)
(-0.426372 -0.122586 0)
(-0.41734 -0.125989 0)
(-0.408152 -0.129472 0)
(-0.399298 -0.133184 0)
(-0.391515 -0.137481 0)
(-0.385759 -0.143118 0)
(-0.384912 -0.152369 0)
(-0.389813 -0.166164 0)
(-0.395755 -0.182516 0)
(-0.397675 -0.198046 0)
(-0.394067 -0.210595 0)
(-0.384274 -0.22035 0)
(-0.368816 -0.227254 0)
(-0.351106 -0.232843 0)
(-0.333813 -0.238442 0)
(-0.317392 -0.244246 0)
(-0.301609 -0.250251 0)
(-0.286811 -0.256641 0)
(-0.273713 -0.263361 0)
(-0.262762 -0.270638 0)
(-0.253727 -0.278512 0)
(-0.246375 -0.28691 0)
(-0.23994 -0.295339 0)
(-0.232992 -0.30287 0)
(-0.223657 -0.308584 0)
(-0.211831 -0.311682 0)
(-0.199011 -0.312909 0)
(-0.185678 -0.313317 0)
(-0.171757 -0.313286 0)
(-0.15754 -0.313277 0)
(-0.143212 -0.313403 0)
(-0.128896 -0.313744 0)
(-0.114659 -0.314309 0)
(-0.100605 -0.315026 0)
(-0.0866681 -0.315744 0)
(-0.80941 0.268778 0)
(-0.802824 0.259508 0)
(-0.796312 0.249788 0)
(-0.790714 0.239451 0)
(-0.785718 0.228232 0)
(-0.780793 0.216455 0)
(-0.775984 0.204468 0)
(-0.771094 0.192221 0)
(-0.76618 0.179757 0)
(-0.761388 0.167196 0)
(-0.756593 0.154719 0)
(-0.751839 0.142419 0)
(-0.747205 0.130333 0)
(-0.742751 0.118589 0)
(-0.738334 0.107526 0)
(-0.733961 0.0974109 0)
(-0.729589 0.0883498 0)
(-0.725147 0.0803599 0)
(-0.720512 0.0734475 0)
(-0.715514 0.0676164 0)
(-0.709949 0.0627018 0)
(-0.704019 0.0582155 0)
(-0.697749 0.054049 0)
(-0.691286 0.0500092 0)
(-0.684683 0.0459144 0)
(-0.677957 0.041705 0)
(-0.671114 0.0373185 0)
(-0.664107 0.0328174 0)
(-0.65689 0.0282342 0)
(-0.649416 0.0235532 0)
(-0.641613 0.018779 0)
(-0.633437 0.0138672 0)
(-0.624939 0.00871976 0)
(-0.616125 0.00327796 0)
(-0.606985 -0.0024621 0)
(-0.597533 -0.00849866 0)
(-0.587873 -0.0148623 0)
(-0.578142 -0.0216054 0)
(-0.568433 -0.0287772 0)
(-0.558802 -0.0363594 0)
(-0.549201 -0.0442052 0)
(-0.539669 -0.0521457 0)
(-0.530147 -0.059966 0)
(-0.520689 -0.0675792 0)
(-0.511334 -0.0751562 0)
(-0.501881 -0.0825416 0)
(-0.492169 -0.0896781 0)
(-0.482208 -0.0965453 0)
(-0.472209 -0.103023 0)
(-0.462385 -0.109148 0)
(-0.452842 -0.114907 0)
(-0.443444 -0.120208 0)
(-0.434169 -0.12501 0)
(-0.424906 -0.129068 0)
(-0.415726 -0.132374 0)
(-0.406976 -0.135197 0)
(-0.399354 -0.138211 0)
(-0.393565 -0.141641 0)
(-0.391756 -0.147763 0)
(-0.396934 -0.158866 0)
(-0.405321 -0.173228 0)
(-0.410789 -0.187531 0)
(-0.410678 -0.199718 0)
(-0.404452 -0.209724 0)
(-0.391434 -0.216838 0)
(-0.374624 -0.221884 0)
(-0.357373 -0.227208 0)
(-0.340847 -0.233271 0)
(-0.325014 -0.240104 0)
(-0.30991 -0.24778 0)
(-0.295919 -0.256353 0)
(-0.283552 -0.265736 0)
(-0.273099 -0.275511 0)
(-0.264641 -0.285565 0)
(-0.257225 -0.295407 0)
(-0.249491 -0.303926 0)
(-0.239618 -0.310405 0)
(-0.227044 -0.314215 0)
(-0.213234 -0.316191 0)
(-0.199346 -0.317345 0)
(-0.185075 -0.317559 0)
(-0.170659 -0.317286 0)
(-0.156395 -0.317184 0)
(-0.142413 -0.317483 0)
(-0.12866 -0.318158 0)
(-0.114956 -0.319094 0)
(-0.101272 -0.320294 0)
(-0.0875351 -0.321835 0)
(-0.814326 0.284502 0)
(-0.809601 0.272263 0)
(-0.8054 0.258923 0)
(-0.801092 0.245042 0)
(-0.796522 0.230844 0)
(-0.791462 0.216475 0)
(-0.786524 0.201586 0)
(-0.781915 0.186106 0)
(-0.777528 0.170207 0)
(-0.773028 0.154464 0)
(-0.768249 0.139467 0)
(-0.763353 0.125616 0)
(-0.75818 0.113153 0)
(-0.752824 0.102002 0)
(-0.747151 0.092208 0)
(-0.741232 0.0837832 0)
(-0.735181 0.0766318 0)
(-0.729016 0.0706003 0)
(-0.722662 0.0655982 0)
(-0.716217 0.0615248 0)
(-0.709861 0.058123 0)
(-0.703599 0.0551042 0)
(-0.697328 0.0520783 0)
(-0.690881 0.0490548 0)
(-0.684312 0.0459057 0)
(-0.677612 0.0427189 0)
(-0.670816 0.0395272 0)
(-0.663973 0.0361994 0)
(-0.657044 0.0326257 0)
(-0.649939 0.0287771 0)
(-0.642553 0.0247332 0)
(-0.634806 0.0204245 0)
(-0.626661 0.0158185 0)
(-0.618101 0.0108666 0)
(-0.609108 0.00553735 0)
(-0.599751 -0.000198216 0)
(-0.590147 -0.00637384 0)
(-0.58049 -0.0130521 0)
(-0.570897 -0.0202223 0)
(-0.561493 -0.0278589 0)
(-0.552391 -0.035942 0)
(-0.543356 -0.0443872 0)
(-0.534217 -0.053154 0)
(-0.524862 -0.0621295 0)
(-0.51528 -0.0709937 0)
(-0.505362 -0.0794659 0)
(-0.495081 -0.0874118 0)
(-0.484595 -0.0948367 0)
(-0.474178 -0.101952 0)
(-0.46396 -0.108905 0)
(-0.453863 -0.115782 0)
(-0.443832 -0.122266 0)
(-0.433875 -0.128266 0)
(-0.423813 -0.133671 0)
(-0.414003 -0.138477 0)
(-0.405142 -0.142781 0)
(-0.398244 -0.146745 0)
(-0.394618 -0.151522 0)
(-0.398481 -0.16043 0)
(-0.408847 -0.173162 0)
(-0.417639 -0.186452 0)
(-0.420878 -0.19745 0)
(-0.418413 -0.205656 0)
(-0.409011 -0.212136 0)
(-0.394601 -0.216733 0)
(-0.37822 -0.220448 0)
(-0.362085 -0.224354 0)
(-0.347185 -0.22951 0)
(-0.332876 -0.236028 0)
(-0.319406 -0.244242 0)
(-0.307171 -0.254099 0)
(-0.296273 -0.265289 0)
(-0.286622 -0.277344 0)
(-0.277962 -0.289319 0)
(-0.26899 -0.299922 0)
(-0.258201 -0.308291 0)
(-0.244679 -0.313886 0)
(-0.22975 -0.317164 0)
(-0.214742 -0.319352 0)
(-0.199802 -0.321144 0)
(-0.184859 -0.322059 0)
(-0.17008 -0.322485 0)
(-0.155956 -0.323149 0)
(-0.142301 -0.32405 0)
(-0.128885 -0.325073 0)
(-0.115617 -0.326165 0)
(-0.102513 -0.327576 0)
(-0.0893727 -0.329756 0)
(-0.826954 0.294737 0)
(-0.823812 0.27893 0)
(-0.820329 0.262024 0)
(-0.816317 0.244307 0)
(-0.812292 0.225956 0)
(-0.808241 0.207549 0)
(-0.804367 0.189774 0)
(-0.799922 0.173083 0)
(-0.794718 0.157459 0)
(-0.788739 0.142992 0)
(-0.782062 0.129978 0)
(-0.774885 0.118476 0)
(-0.767552 0.108319 0)
(-0.760129 0.0992976 0)
(-0.752754 0.0912097 0)
(-0.745392 0.0839576 0)
(-0.737998 0.077498 0)
(-0.730603 0.0718046 0)
(-0.723272 0.0668279 0)
(-0.716088 0.0624855 0)
(-0.709243 0.0587861 0)
(-0.702675 0.0556078 0)
(-0.696323 0.0527202 0)
(-0.689885 0.0500004 0)
(-0.683294 0.0472431 0)
(-0.676583 0.044363 0)
(-0.66984 0.0413926 0)
(-0.663123 0.0383858 0)
(-0.65642 0.0352669 0)
(-0.649655 0.0317845 0)
(-0.642678 0.0279163 0)
(-0.635399 0.0237486 0)
(-0.627716 0.0192943 0)
(-0.619639 0.0145548 0)
(-0.611144 0.00947944 0)
(-0.60231 0.00395462 0)
(-0.593229 -0.00202124 0)
(-0.584014 -0.00844665 0)
(-0.574776 -0.015324 0)
(-0.565538 -0.0226244 0)
(-0.556359 -0.0303237 0)
(-0.547092 -0.0383209 0)
(-0.537917 -0.0466809 0)
(-0.528793 -0.0553401 0)
(-0.5194 -0.0641604 0)
(-0.509439 -0.0730368 0)
(-0.49901 -0.0818922 0)
(-0.488349 -0.0907152 0)
(-0.477638 -0.0994074 0)
(-0.466947 -0.107703 0)
(-0.456286 -0.115301 0)
(-0.445687 -0.122311 0)
(-0.435068 -0.129025 0)
(-0.424271 -0.135378 0)
(-0.413795 -0.141662 0)
(-0.404907 -0.147801 0)
(-0.398809 -0.154319 0)
(-0.39872 -0.164154 0)
(-0.407566 -0.178238 0)
(-0.41868 -0.192988 0)
(-0.424767 -0.205024 0)
(-0.424696 -0.212867 0)
(-0.418424 -0.217655 0)
(-0.40709 -0.21904 0)
(-0.392995 -0.220277 0)
(-0.378523 -0.222085 0)
(-0.364206 -0.224226 0)
(-0.351116 -0.228118 0)
(-0.339239 -0.233637 0)
(-0.328308 -0.241392 0)
(-0.31868 -0.251377 0)
(-0.310148 -0.263267 0)
(-0.301741 -0.276256 0)
(-0.29243 -0.289004 0)
(-0.281004 -0.300029 0)
(-0.266673 -0.308512 0)
(-0.250209 -0.314301 0)
(-0.233459 -0.318497 0)
(-0.217228 -0.321912 0)
(-0.201383 -0.324749 0)
(-0.185979 -0.327158 0)
(-0.170968 -0.328961 0)
(-0.156645 -0.330766 0)
(-0.142822 -0.33255 0)
(-0.129456 -0.33414 0)
(-0.11657 -0.335569 0)
(-0.104035 -0.337354 0)
(-0.0918634 -0.340032 0)
(-0.844609 0.289299 0)
(-0.842531 0.270185 0)
(-0.839606 0.250598 0)
(-0.836013 0.231013 0)
(-0.831989 0.212066 0)
(-0.827245 0.194476 0)
(-0.821484 0.178961 0)
(-0.814868 0.165463 0)
(-0.807575 0.153553 0)
(-0.799842 0.142831 0)
(-0.79189 0.13306 0)
(-0.783692 0.124066 0)
(-0.775421 0.115628 0)
(-0.766961 0.107758 0)
(-0.75853 0.100311 0)
(-0.750218 0.0932184 0)
(-0.742005 0.0864813 0)
(-0.733877 0.0801022 0)
(-0.725877 0.0740648 0)
(-0.718106 0.0683621 0)
(-0.710552 0.0630686 0)
(-0.703046 0.0584277 0)
(-0.695902 0.0542756 0)
(-0.689067 0.0506442 0)
(-0.682299 0.0474839 0)
(-0.675575 0.0443725 0)
(-0.66893 0.0410758 0)
(-0.662397 0.037778 0)
(-0.655849 0.0344618 0)
(-0.649307 0.0309537 0)
(-0.642603 0.0273091 0)
(-0.635651 0.0234782 0)
(-0.628351 0.0194492 0)
(-0.620717 0.0150703 0)
(-0.612752 0.0102747 0)
(-0.604521 0.0050308 0)
(-0.596059 -0.000677781 0)
)
;

boundaryField
{
    inlet
    {
        type            fixedValue;
        value           nonuniform 0();
    }
    outlet
    {
        type            inletOutlet;
        inletValue      nonuniform 0();
        value           nonuniform 0();
    }
    bottom
    {
        type            symmetryPlane;
    }
    top
    {
        type            symmetryPlane;
    }
    obstacle
    {
        type            slip;
    }
    front
    {
        type            empty;
    }
    back
    {
        type            empty;
    }
    procBoundary4to3
    {
        type            processor;
        value           nonuniform List<vector> 
27
(
(-0.802946 0.0108183 0)
(-0.79973 0.0293127 0)
(-0.800609 0.0467443 0)
(-0.800998 0.0609217 0)
(-0.800917 0.071632 0)
(-0.800319 0.0791056 0)
(-0.800318 0.0837559 0)
(-0.801303 0.0875357 0)
(-0.803145 0.0933012 0)
(-0.804373 0.103667 0)
(-0.806883 0.11473 0)
(-0.805691 0.129009 0)
(-0.807971 0.141361 0)
(-0.810579 0.151038 0)
(-0.812536 0.155645 0)
(-0.814033 0.156439 0)
(-0.813887 0.158175 0)
(-0.81306 0.163567 0)
(-0.81229 0.173188 0)
(-0.811969 0.186485 0)
(-0.812742 0.202174 0)
(-0.812642 0.219279 0)
(-0.812687 0.236958 0)
(-0.813512 0.257707 0)
(-0.81665 0.276795 0)
(-0.820027 0.2954 0)
(-0.829528 0.309132 0)
)
;
    }
    procBoundary4to5
    {
        type            processor;
        value           nonuniform List<vector> 
27
(
(-0.0150456 -0.0136434 0)
(-0.0352475 -0.0293182 0)
(-0.0478342 -0.066675 0)
(-0.069039 -0.107201 0)
(-0.0823656 -0.147154 0)
(-0.0829089 -0.182472 0)
(-0.0777078 -0.202479 0)
(-0.0707512 -0.210474 0)
(-0.0645043 -0.212388 0)
(-0.0613507 -0.21303 0)
(-0.0613535 -0.213514 0)
(-0.0651637 -0.217002 0)
(-0.0734382 -0.224032 0)
(-0.0837485 -0.233835 0)
(-0.092305 -0.242699 0)
(-0.0974849 -0.249779 0)
(-0.0986712 -0.257288 0)
(-0.0959895 -0.266292 0)
(-0.0907896 -0.276335 0)
(-0.0845838 -0.286695 0)
(-0.0791253 -0.296164 0)
(-0.0753462 -0.303846 0)
(-0.0733649 -0.310385 0)
(-0.0729531 -0.316716 0)
(-0.0740672 -0.323885 0)
(-0.0767211 -0.33281 0)
(-0.0803497 -0.343729 0)
)
;
    }
    procBoundary4to11
    {
        type            processor;
        value           uniform (-0.845634 0.307044 0);
    }
    procBoundary4to12
    {
        type            processor;
        value           nonuniform List<vector> 
89
(
(-0.587418 -0.00685718 0)
(-0.57874 -0.0134936 0)
(-0.569962 -0.0205121 0)
(-0.561114 -0.0278608 0)
(-0.552132 -0.0354606 0)
(-0.542949 -0.0432867 0)
(-0.533465 -0.0512556 0)
(-0.523542 -0.0593457 0)
(-0.513359 -0.0676911 0)
(-0.502951 -0.0762987 0)
(-0.492366 -0.0850887 0)
(-0.48168 -0.0940047 0)
(-0.470905 -0.102972 0)
(-0.460037 -0.111924 0)
(-0.448791 -0.120581 0)
(-0.437289 -0.128653 0)
(-0.426007 -0.136137 0)
(-0.415752 -0.143351 0)
(-0.407392 -0.151005 0)
(-0.403839 -0.161596 0)
(-0.409154 -0.177196 0)
(-0.419692 -0.195109 0)
(-0.427066 -0.210383 0)
(-0.427911 -0.220953 0)
(-0.422824 -0.226871 0)
(-0.413085 -0.228889 0)
(-0.39956 -0.228252 0)
(-0.385992 -0.226263 0)
(-0.374077 -0.22557 0)
(-0.3629 -0.226405 0)
(-0.352275 -0.229058 0)
(-0.342963 -0.233679 0)
(-0.335135 -0.240703 0)
(-0.328661 -0.250325 0)
(-0.322816 -0.261888 0)
(-0.315796 -0.274349 0)
(-0.305866 -0.286338 0)
(-0.292109 -0.296757 0)
(-0.275059 -0.305106 0)
(-0.256868 -0.312048 0)
(-0.239 -0.318192 0)
(-0.221677 -0.32369 0)
(-0.204934 -0.328357 0)
(-0.188969 -0.332591 0)
(-0.173532 -0.336076 0)
(-0.158632 -0.339161 0)
(-0.14437 -0.342016 0)
(-0.130795 -0.344424 0)
(-0.118003 -0.346618 0)
(-0.10601 -0.348822 0)
(-0.09499 -0.352074 0)
(-0.86541 0.261387 0)
(-0.863917 0.243286 0)
(-0.860782 0.226663 0)
(-0.856242 0.211953 0)
(-0.850284 0.199352 0)
(-0.842989 0.188567 0)
(-0.83487 0.178541 0)
(-0.826463 0.169091 0)
(-0.818033 0.160275 0)
(-0.809545 0.151925 0)
(-0.800958 0.143802 0)
(-0.792053 0.13587 0)
(-0.78303 0.128073 0)
(-0.774027 0.120463 0)
(-0.76514 0.113092 0)
(-0.756458 0.105847 0)
(-0.74793 0.0986675 0)
(-0.739505 0.0915963 0)
(-0.731192 0.0847108 0)
(-0.722988 0.0780747 0)
(-0.714829 0.0717598 0)
(-0.706679 0.0657525 0)
(-0.69877 0.0599387 0)
(-0.69125 0.0544446 0)
(-0.684032 0.0495134 0)
(-0.677232 0.0449741 0)
(-0.670767 0.0405637 0)
(-0.664262 0.0361783 0)
(-0.657575 0.0318967 0)
(-0.650741 0.0277062 0)
(-0.643796 0.0236595 0)
(-0.636731 0.0196824 0)
(-0.629412 0.0157559 0)
(-0.621879 0.0117665 0)
(-0.614192 0.00761061 0)
(-0.60641 0.00312597 0)
(-0.587418 -0.00685718 0)
(-0.598544 -0.00181225 0)
)
;
    }
}


// ************************************************************************* //
