/*--------------------------------*- C++ -*----------------------------------*\
  =========                 |
  \\      /  F ield         | OpenFOAM: The Open Source CFD Toolbox
   \\    /   O peration     | Website:  https://openfoam.org
    \\  /    A nd           | Version:  7
     \\/     M anipulation  |
\*---------------------------------------------------------------------------*/
FoamFile
{
    version     2.0;
    format      ascii;
    class       volVectorField;
    location    "1.5";
    object      U;
}
// * * * * * * * * * * * * * * * * * * * * * * * * * * * * * * * * * * * * * //

dimensions      [0 1 -1 0 0 0 0];

internalField   nonuniform List<vector> 
2413
(
(1.52851 0.0361932 0)
(1.53017 0.0353941 0)
(1.53227 0.0330568 0)
(1.53473 0.0285671 0)
(1.53626 0.0257411 0)
(1.53743 0.0246388 0)
(1.53928 0.021817 0)
(1.54172 0.0175162 0)
(1.54326 0.0155682 0)
(1.54483 0.0141751 0)
(1.54738 0.0107197 0)
(1.54903 0.00725463 0)
(1.55014 0.00596797 0)
(1.55185 0.00304302 0)
(1.5539 -0.00113034 0)
(1.55519 -0.00291012 0)
(1.5565 -0.00464748 0)
(1.55897 -0.0081079 0)
(1.56068 -0.0117185 0)
(1.56197 -0.0128176 0)
(1.56352 -0.0150747 0)
(1.56571 -0.0192234 0)
(1.56701 -0.0220936 0)
(1.56803 -0.0232326 0)
(1.5696 -0.02586 0)
(1.57181 -0.029909 0)
(1.57312 -0.0318421 0)
(1.57446 -0.033111 0)
(1.57681 -0.0360788 0)
(1.57842 -0.0398193 0)
(1.57947 -0.0412235 0)
(1.58022 -0.0430787 0)
(1.58222 -0.046959 0)
(1.58339 -0.0496137 0)
(1.58443 -0.0508714 0)
(1.58669 -0.0532054 0)
(1.58872 -0.0568529 0)
(1.58993 -0.05843 0)
(1.59099 -0.0599981 0)
(1.59262 -0.0642959 0)
(1.59322 -0.0670298 0)
(1.5938 -0.06861 0)
(1.59577 -0.0708848 0)
(1.59792 -0.0741521 0)
(1.59921 -0.0760955 0)
(1.60065 -0.0773681 0)
(1.60225 -0.0808675 0)
(1.60262 -0.0838346 0)
(1.60266 -0.0855282 0)
(1.60372 -0.0878976 0)
(1.60573 -0.0903712 0)
(1.60697 -0.0921022 0)
(1.60867 -0.0937042 0)
(1.61022 -0.0963056 0)
(1.6109 -0.0983339 0)
(1.61078 -0.100116 0)
(1.61081 -0.103004 0)
(1.61228 -0.105379 0)
(1.61325 -0.106651 0)
(1.61522 -0.108505 0)
(1.61694 -0.111071 0)
(1.61806 -0.112898 0)
(1.61885 -0.114342 0)
(1.61928 -0.11781 0)
(1.61918 -0.120044 0)
(1.61979 -0.122095 0)
(1.62168 -0.124019 0)
(1.6235 -0.126688 0)
(1.62459 -0.128053 0)
(1.6265 -0.130258 0)
(1.62759 -0.133147 0)
(1.62802 -0.135007 0)
(1.62781 -0.137528 0)
(1.62889 -0.140206 0)
(1.62983 -0.141935 0)
(1.63091 -0.14353 0)
(1.63286 -0.145402 0)
(1.63438 -0.14799 0)
(1.63539 -0.149299 0)
(1.63646 -0.15082 0)
(1.63694 -0.153857 0)
(1.63663 -0.15579 0)
(1.63682 -0.157651 0)
(1.63829 -0.15918 0)
(1.6399 -0.161356 0)
(1.64085 -0.162715 0)
(1.64237 -0.164126 0)
(1.64377 -0.166728 0)
(1.64422 -0.168914 0)
(1.64421 -0.170562 0)
(1.64374 -0.173132 0)
(1.64488 -0.175195 0)
(1.6457 -0.176739 0)
(1.64681 -0.178003 0)
(1.64853 -0.179963 0)
(1.41682 0.158036 0)
(1.41905 0.155732 0)
(1.42248 0.153086 0)
(1.4261 0.149683 0)
(1.42897 0.147583 0)
(1.43119 0.146164 0)
(1.43387 0.142188 0)
(1.43623 0.138165 0)
(1.43811 0.13649 0)
(1.44073 0.134285 0)
(1.44419 0.130998 0)
(1.4471 0.127584 0)
(1.4494 0.126288 0)
(1.45122 0.124077 0)
(1.45412 0.119635 0)
(1.45645 0.116244 0)
(1.45839 0.115028 0)
(1.46084 0.112763 0)
(1.46406 0.108919 0)
(1.46655 0.105496 0)
(1.46856 0.104381 0)
(1.47038 0.102231 0)
(1.47333 0.0980652 0)
(1.47564 0.0943772 0)
(1.47754 0.0932223 0)
(1.47948 0.0912285 0)
(1.48249 0.0875952 0)
(1.48502 0.0836691 0)
(1.48699 0.0824754 0)
(1.48879 0.080833 0)
(1.4916 0.0770621 0)
(1.49379 0.0731118 0)
(1.49551 0.0718342 0)
(1.49718 0.0699497 0)
(1.50003 0.0665528 0)
(1.50242 0.0627854 0)
(1.50425 0.0617398 0)
(1.50613 0.0600106 0)
(1.50882 0.0560432 0)
(1.5106 0.0526483 0)
(1.51198 0.0514941 0)
(1.51372 0.0491432 0)
(1.5165 0.045245 0)
(1.51834 0.0427489 0)
(1.51992 0.0417046 0)
(1.52249 0.0386566 0)
(1.52438 0.0348404 0)
(1.52557 0.0334082 0)
(1.52703 0.0309846 0)
(1.52953 0.0270143 0)
(1.53114 0.0247402 0)
(1.53254 0.0235899 0)
(1.53496 0.0204384 0)
(1.53677 0.0164071 0)
(1.53799 0.015039 0)
(1.53922 0.0131357 0)
(1.54163 0.00964977 0)
(1.54335 0.00630335 0)
(1.54471 0.00548778 0)
(1.54621 0.00345074 0)
(1.54823 -0.000655487 0)
(1.5494 -0.00285591 0)
(1.55049 -0.00424524 0)
(1.55261 -0.00669796 0)
(1.55485 -0.010067 0)
(1.55645 -0.0123371 0)
(1.55764 -0.0132245 0)
(1.5591 -0.0162422 0)
(1.56057 -0.020329 0)
(1.56145 -0.0218922 0)
(1.56301 -0.0238739 0)
(1.56557 -0.0264612 0)
(1.56734 -0.0290574 0)
(1.56907 -0.0309428 0)
(1.5709 -0.0338161 0)
(1.57181 -0.0363492 0)
(1.57219 -0.0387515 0)
(1.57328 -0.0415334 0)
(1.57561 -0.044048 0)
(1.57758 -0.0466327 0)
(1.5792 -0.0482574 0)
(1.58115 -0.0504052 0)
(1.58235 -0.0524381 0)
(1.58255 -0.0548074 0)
(1.58311 -0.0581588 0)
(1.5841 -0.0602229 0)
(1.58579 -0.0618792 0)
(1.58789 -0.0637832 0)
(1.58953 -0.065643 0)
(1.59097 -0.0668866 0)
(1.59218 -0.0697589 0)
(1.59214 -0.072502 0)
(1.5918 -0.0746607 0)
(1.59315 -0.0766864 0)
(1.59524 -0.0784779 0)
(1.59675 -0.0803142 0)
(1.59861 -0.0822734 0)
(1.60008 -0.0847954 0)
(1.60081 -0.086751 0)
(1.60058 -0.0890545 0)
(1.60075 -0.0920413 0)
(1.60234 -0.094189 0)
(1.60339 -0.0956491 0)
(1.60541 -0.0974976 0)
(1.60718 -0.099964 0)
(1.60837 -0.101925 0)
(1.60919 -0.103159 0)
(1.60965 -0.106309 0)
(1.60971 -0.108746 0)
(1.61015 -0.110446 0)
(1.61179 -0.112098 0)
(1.61365 -0.114302 0)
(1.61481 -0.115904 0)
(1.61641 -0.117445 0)
(1.61783 -0.120048 0)
(1.61843 -0.122167 0)
(1.61853 -0.124182 0)
(1.61895 -0.126836 0)
(1.62046 -0.128788 0)
(1.62134 -0.130231 0)
(1.62314 -0.131974 0)
(1.62493 -0.134258 0)
(1.62602 -0.136462 0)
(1.62691 -0.137532 0)
(1.62745 -0.140087 0)
(1.62755 -0.142902 0)
(1.62768 -0.144355 0)
(1.62892 -0.145992 0)
(1.63048 -0.1476 0)
(1.6316 -0.14977 0)
(1.63257 -0.150559 0)
(1.63369 -0.152299 0)
(1.39601 0.172632 0)
(1.39962 0.169725 0)
(1.40274 0.167202 0)
(1.40517 0.165569 0)
(1.40676 0.162765 0)
(1.40976 0.158567 0)
(1.41214 0.156297 0)
(1.4147 0.15478 0)
(1.41816 0.152237 0)
(1.42124 0.148757 0)
(1.42356 0.146879 0)
(1.42532 0.144942 0)
(1.42737 0.141651 0)
(1.43043 0.138 0)
(1.43294 0.135905 0)
(1.43524 0.134772 0)
(1.43824 0.131962 0)
(1.44086 0.127873 0)
(1.4427 0.126033 0)
(1.44435 0.124334 0)
(1.44713 0.121357 0)
(1.44999 0.117746 0)
(1.45231 0.115645 0)
(1.45431 0.114425 0)
(1.45638 0.111697 0)
(1.45916 0.107464 0)
(1.46115 0.105333 0)
(1.46305 0.104215 0)
(1.46588 0.101614 0)
(1.46853 0.0977588 0)
(1.47048 0.0956965 0)
(1.47206 0.0942884 0)
(1.47391 0.0915381 0)
(1.47687 0.0878369 0)
(1.47906 0.0855959 0)
(1.48105 0.0845912 0)
(1.48382 0.0817935 0)
(1.48599 0.0780034 0)
(1.4875 0.0761789 0)
(1.48874 0.0741102 0)
(1.49129 0.0712282 0)
(1.494 0.0678049 0)
(1.49594 0.0666272 0)
(1.4984 0.0646698 0)
(1.50063 0.061127 0)
(1.50186 0.0586716 0)
(1.50271 0.0563824 0)
(1.50504 0.0535297 0)
(1.50767 0.0503805 0)
(1.5095 0.0491272 0)
(1.51196 0.0470601 0)
(1.51394 0.0435761 0)
(1.51485 0.0412662 0)
(1.51542 0.0390033 0)
(1.51743 0.0363984 0)
(1.52003 0.0336091 0)
(1.52208 0.0315454 0)
(1.524 0.0303538 0)
(1.52601 0.0276166 0)
(1.52689 0.0246589 0)
(1.52722 0.0223546 0)
(1.52881 0.0199389 0)
(1.53143 0.0176686 0)
(1.53379 0.015102 0)
(1.53569 0.0137011 0)
(1.53773 0.0114305 0)
(1.53887 0.00846952 0)
(1.53908 0.00582161 0)
(1.54002 0.0032142 0)
(1.5423 0.00117031 0)
(1.54483 -0.00125113 0)
(1.54701 -0.00356877 0)
(1.54902 -0.00547328 0)
(1.55065 -0.00756518 0)
(1.55112 -0.0100643 0)
(1.55147 -0.0132887 0)
(1.55328 -0.0157886 0)
(1.55512 -0.017728 0)
(1.55749 -0.0197277 0)
(1.55948 -0.021696 0)
(1.56118 -0.0232347 0)
(1.56275 -0.0260095 0)
(1.56313 -0.0287016 0)
(1.56309 -0.0312253 0)
(1.5648 -0.0332367 0)
(1.56689 -0.0349325 0)
(1.56887 -0.0369306 0)
(1.57089 -0.039131 0)
(1.57245 -0.0411692 0)
(1.57338 -0.0430115 0)
(1.57334 -0.0457722 0)
(1.57372 -0.0484468 0)
(1.57523 -0.0503293 0)
(1.57727 -0.0520995 0)
(1.57919 -0.0542834 0)
(1.58063 -0.0555212 0)
(1.58208 -0.0572517 0)
(1.58268 -0.0602279 0)
(1.58224 -0.0624763 0)
(1.5824 -0.0647052 0)
(1.58415 -0.0662446 0)
(1.58608 -0.0682167 0)
(1.58744 -0.0695836 0)
(1.5892 -0.0713891 0)
(1.59038 -0.0738461 0)
(1.59086 -0.0757582 0)
(1.5906 -0.0780211 0)
(1.59113 -0.0806824 0)
(1.59296 -0.0826786 0)
(1.59416 -0.084253 0)
(1.59601 -0.0859168 0)
(1.59796 -0.0884316 0)
(1.59914 -0.0909302 0)
(1.60001 -0.0925693 0)
(1.60011 -0.0951517 0)
(1.60144 -0.0981566 0)
(1.6022 -0.099684 0)
(1.60362 -0.101354 0)
(1.60549 -0.103055 0)
(1.607 -0.105688 0)
(1.60813 -0.106609 0)
(1.60938 -0.108231 0)
(1.61009 -0.111049 0)
(1.61024 -0.112735 0)
(1.61047 -0.114378 0)
(1.61177 -0.115832 0)
(1.61314 -0.117805 0)
(1.61415 -0.118638 0)
(1.6156 -0.11993 0)
(1.61673 -0.12228 0)
(1.61725 -0.124031 0)
(1.61724 -0.125506 0)
(1.37756 0.185467 0)
(1.38013 0.183397 0)
(1.38162 0.180893 0)
(1.38408 0.177497 0)
(1.38734 0.17461 0)
(1.38991 0.173308 0)
(1.39316 0.171389 0)
(1.39631 0.168207 0)
(1.39864 0.165882 0)
(1.40038 0.16399 0)
(1.40229 0.161226 0)
(1.40542 0.158192 0)
(1.4084 0.155623 0)
(1.4108 0.154684 0)
(1.41352 0.152498 0)
(1.41623 0.148592 0)
(1.41812 0.146311 0)
(1.41979 0.144642 0)
(1.42239 0.142128 0)
(1.42548 0.138914 0)
(1.42808 0.13647 0)
(1.43024 0.1354 0)
(1.43217 0.133095 0)
(1.43481 0.129045 0)
(1.43684 0.126642 0)
(1.43875 0.125506 0)
(1.44138 0.123403 0)
(1.44428 0.120206 0)
(1.4466 0.117641 0)
(1.4486 0.116168 0)
(1.45007 0.114029 0)
(1.4525 0.110782 0)
(1.45487 0.108098 0)
(1.45704 0.106368 0)
(1.45987 0.104257 0)
(1.4625 0.10159 0)
(1.46448 0.0993675 0)
(1.46567 0.0971559 0)
(1.46691 0.0941749 0)
(1.46956 0.091604 0)
(1.47225 0.0893777 0)
(1.47493 0.087386 0)
(1.47757 0.085173 0)
(1.47958 0.0828599 0)
(1.4805 0.0803634 0)
(1.48118 0.0772543 0)
(1.48353 0.0747566 0)
(1.48622 0.0726589 0)
(1.48887 0.0705904 0)
(1.49142 0.0684298 0)
(1.4934 0.0663002 0)
(1.49428 0.0639674 0)
(1.49449 0.0608552 0)
(1.49649 0.0582825 0)
(1.49908 0.0562763 0)
(1.50161 0.0542776 0)
(1.50405 0.0522564 0)
(1.50606 0.0500847 0)
(1.50703 0.0476829 0)
(1.50703 0.0446987 0)
(1.50868 0.0421152 0)
(1.5112 0.0401999 0)
(1.5137 0.0381841 0)
(1.51605 0.0362051 0)
(1.51808 0.0341575 0)
(1.51927 0.0319213 0)
(1.51921 0.0291347 0)
(1.52021 0.0263781 0)
(1.52252 0.024529 0)
(1.52489 0.0226084 0)
(1.52721 0.0206406 0)
(1.52925 0.0187264 0)
(1.53073 0.0168116 0)
(1.53127 0.0140704 0)
(1.53162 0.0111277 0)
(1.53331 0.00902796 0)
(1.53567 0.00738775 0)
(1.53807 0.00527655 0)
(1.54016 0.00322467 0)
(1.54198 0.00117174 0)
(1.5431 -0.00119451 0)
(1.54339 -0.00410432 0)
(1.54434 -0.00681636 0)
(1.54655 -0.00876494 0)
(1.5489 -0.0109385 0)
(1.55074 -0.0125708 0)
(1.55279 -0.0144881 0)
(1.55427 -0.0168156 0)
(1.55483 -0.0188876 0)
(1.55458 -0.0215348 0)
(1.55616 -0.0238252 0)
(1.5577 -0.0252536 0)
(1.55957 -0.0266434 0)
(1.56149 -0.0284305 0)
(1.56295 -0.0302082 0)
(1.56399 -0.0316983 0)
(1.56409 -0.0339114 0)
(1.56396 -0.0365281 0)
(1.56471 -0.038307 0)
(1.56663 -0.0397761 0)
(1.56862 -0.0417376 0)
(1.57026 -0.0438515 0)
(1.57158 -0.0450752 0)
(1.57254 -0.0474249 0)
(1.57283 -0.0508819 0)
(1.5729 -0.0529968 0)
(1.57422 -0.0550878 0)
(1.57618 -0.0568277 0)
(1.57822 -0.0595076 0)
(1.57961 -0.0610992 0)
(1.58103 -0.0627251 0)
(1.58216 -0.0659093 0)
(1.5825 -0.0681779 0)
(1.58288 -0.0700734 0)
(1.58417 -0.0720537 0)
(1.58598 -0.0739003 0)
(1.58734 -0.0755491 0)
(1.58876 -0.0765551 0)
(1.59043 -0.0783764 0)
(1.59139 -0.0804127 0)
(1.59202 -0.0817869 0)
(1.59205 -0.0836528 0)
(1.59326 -0.085696 0)
(1.59432 -0.0871343 0)
(1.59551 -0.0882711 0)
(1.59731 -0.0897405 0)
(1.59873 -0.0920704 0)
(1.59974 -0.0932504 0)
(1.6004 -0.0948488 0)
(1.60129 -0.0982542 0)
(1.60158 -0.0999394 0)
(1.6024 -0.101637 0)
(1.3582 0.197281 0)
(1.36019 0.194322 0)
(1.36339 0.191857 0)
(1.3664 0.190063 0)
(1.36949 0.188422 0)
(1.3725 0.186094 0)
(1.37476 0.183734 0)
(1.37638 0.181405 0)
(1.37852 0.178918 0)
(1.38148 0.176647 0)
(1.38481 0.174283 0)
(1.38754 0.172755 0)
(1.38994 0.171215 0)
(1.39241 0.16793 0)
(1.39425 0.165172 0)
(1.39614 0.163146 0)
(1.399 0.161058 0)
(1.40219 0.158497 0)
(1.40501 0.156131 0)
(1.40734 0.154581 0)
(1.40887 0.152459 0)
(1.41108 0.149113 0)
(1.41364 0.14639 0)
(1.4159 0.144912 0)
(1.4187 0.14313 0)
(1.42155 0.140477 0)
(1.42377 0.138061 0)
(1.42538 0.136163 0)
(1.42723 0.133706 0)
(1.42997 0.131133 0)
(1.43252 0.128873 0)
(1.43476 0.127237 0)
(1.43684 0.125247 0)
(1.43904 0.12263 0)
(1.4414 0.120183 0)
(1.44375 0.118216 0)
(1.44591 0.116317 0)
(1.44747 0.113953 0)
(1.44885 0.111188 0)
(1.45118 0.108923 0)
(1.45399 0.106891 0)
(1.45677 0.104675 0)
(1.45916 0.102593 0)
(1.46089 0.100523 0)
(1.46145 0.0977773 0)
(1.46275 0.0950094 0)
(1.46535 0.0931449 0)
(1.46817 0.0911241 0)
(1.47088 0.0889539 0)
(1.47315 0.086947 0)
(1.47467 0.0847751 0)
(1.47502 0.0817884 0)
(1.47647 0.0790249 0)
(1.47904 0.0771544 0)
(1.48176 0.0751051 0)
(1.48431 0.0729486 0)
(1.48643 0.0709061 0)
(1.48772 0.068674 0)
(1.48796 0.0657663 0)
(1.48941 0.0632084 0)
(1.49183 0.0615004 0)
(1.49433 0.0597018 0)
(1.49669 0.0578216 0)
(1.49868 0.0559883 0)
(1.4999 0.0539677 0)
(1.49998 0.0512773 0)
(1.50103 0.0487418 0)
(1.50328 0.0471355 0)
(1.5057 0.0454207 0)
(1.50799 0.0435721 0)
(1.50997 0.0417581 0)
(1.51135 0.0397035 0)
(1.51159 0.0369331 0)
(1.51249 0.0341178 0)
(1.51471 0.0323223 0)
(1.51718 0.0303563 0)
(1.51958 0.0281868 0)
(1.52163 0.0261173 0)
(1.52321 0.0239296 0)
(1.52381 0.0211947 0)
(1.52455 0.0181072 0)
(1.52664 0.0159757 0)
(1.52878 0.0141292 0)
(1.53096 0.012374 0)
(1.53301 0.0105564 0)
(1.53468 0.00875178 0)
(1.53583 0.00682963 0)
(1.53596 0.00462602 0)
(1.5363 0.00231442 0)
(1.53809 0.000709431 0)
(1.54006 -0.00065817 0)
(1.54195 -0.00208861 0)
(1.54374 -0.00363186 0)
(1.5452 -0.00526146 0)
(1.54591 -0.00702735 0)
(1.54532 -0.00971074 0)
(1.54655 -0.0123179 0)
(1.54815 -0.0139869 0)
(1.54986 -0.0154023 0)
(1.55207 -0.0174231 0)
(1.55368 -0.0199179 0)
(1.5548 -0.0219149 0)
(1.55485 -0.0242921 0)
(1.55536 -0.0274632 0)
(1.55684 -0.0296417 0)
(1.55817 -0.031212 0)
(1.56034 -0.0331026 0)
(1.56208 -0.0354445 0)
(1.56338 -0.0372008 0)
(1.56437 -0.038872 0)
(1.56422 -0.041011 0)
(1.56504 -0.0436673 0)
(1.56623 -0.0452724 0)
(1.56748 -0.0464868 0)
(1.56931 -0.0478426 0)
(1.57088 -0.0494729 0)
(1.57221 -0.0509859 0)
(1.5733 -0.0523074 0)
(1.57362 -0.0542226 0)
(1.57464 -0.0567139 0)
(1.57546 -0.0581541 0)
(1.57691 -0.0597775 0)
(1.57884 -0.0614439 0)
(1.58057 -0.0636279 0)
(1.58177 -0.0646559 0)
(1.58348 -0.0669689 0)
(1.58434 -0.0695609 0)
(1.58467 -0.0712777 0)
(1.58563 -0.0736491 0)
(1.58738 -0.0759132 0)
(1.5883 -0.0772386 0)
(1.58988 -0.0787005 0)
(1.34102 0.207396 0)
(1.34415 0.20557 0)
(1.34726 0.20386 0)
(1.35008 0.202033 0)
(1.35234 0.199925 0)
(1.35403 0.197515 0)
(1.35618 0.195166 0)
(1.35913 0.193203 0)
(1.36228 0.191348 0)
(1.36521 0.189657 0)
(1.36779 0.187929 0)
(1.3698 0.185561 0)
(1.37149 0.18274 0)
(1.37377 0.180403 0)
(1.37669 0.17853 0)
(1.37987 0.17649 0)
(1.3828 0.174398 0)
(1.38526 0.172605 0)
(1.38707 0.170417 0)
(1.38878 0.167496 0)
(1.39121 0.164916 0)
(1.39397 0.162965 0)
(1.39695 0.161117 0)
(1.39987 0.15894 0)
(1.40233 0.156739 0)
(1.40411 0.154584 0)
(1.40562 0.152049 0)
(1.40798 0.149678 0)
(1.41076 0.147709 0)
(1.41347 0.145967 0)
(1.41598 0.144299 0)
(1.41802 0.142345 0)
(1.41946 0.139858 0)
(1.4214 0.137448 0)
(1.42401 0.135544 0)
(1.42666 0.133699 0)
(1.42899 0.131841 0)
(1.43063 0.129748 0)
(1.43174 0.127096 0)
(1.43395 0.124816 0)
(1.43668 0.122916 0)
(1.43934 0.120942 0)
(1.44166 0.119043 0)
(1.44325 0.116962 0)
(1.44391 0.114213 0)
(1.44574 0.111815 0)
(1.44844 0.109994 0)
(1.45122 0.107927 0)
(1.4537 0.105847 0)
(1.45562 0.103749 0)
(1.4565 0.101031 0)
(1.45767 0.0981041 0)
(1.46011 0.0961302 0)
(1.46278 0.0942245 0)
(1.46532 0.092219 0)
(1.46749 0.0903252 0)
(1.46897 0.0882987 0)
(1.46945 0.0856845 0)
(1.47077 0.083258 0)
(1.47312 0.0816652 0)
(1.47558 0.0800366 0)
(1.47791 0.0783186 0)
(1.4799 0.0766441 0)
(1.48118 0.0747653 0)
(1.48137 0.0722173 0)
(1.48259 0.0698506 0)
(1.48492 0.0683078 0)
(1.48739 0.0665662 0)
(1.4897 0.0646805 0)
(1.49165 0.0627702 0)
(1.49281 0.0605037 0)
(1.49318 0.0574653 0)
(1.49489 0.0549765 0)
(1.49728 0.0531307 0)
(1.49976 0.0511109 0)
(1.50203 0.0490248 0)
(1.50388 0.0469893 0)
(1.50497 0.0447324 0)
(1.50542 0.0418454 0)
(1.50706 0.039466 0)
(1.50906 0.0378358 0)
(1.51123 0.0363325 0)
(1.51342 0.0345559 0)
(1.51516 0.0330674 0)
(1.51663 0.0315295 0)
(1.51735 0.0293352 0)
(1.51745 0.0272189 0)
(1.51866 0.0253969 0)
(1.5207 0.0240908 0)
(1.52291 0.0223191 0)
(1.5247 0.0208652 0)
(1.52646 0.019491 0)
(1.52781 0.0170564 0)
(1.52816 0.0146976 0)
(1.52838 0.0122274 0)
(1.53012 0.0101561 0)
(1.53232 0.00812452 0)
(1.53387 0.00673666 0)
(1.53593 0.00475403 0)
(1.53738 0.00198256 0)
(1.53799 -0.000112295 0)
(1.53801 -0.00240516 0)
(1.53921 -0.00493497 0)
(1.54114 -0.00706409 0)
(1.54246 -0.00825357 0)
(1.54435 -0.0098133 0)
(1.54587 -0.012031 0)
(1.54674 -0.0138157 0)
(1.54706 -0.0152967 0)
(1.54705 -0.0174316 0)
(1.54865 -0.0193858 0)
(1.54994 -0.0205759 0)
(1.55141 -0.021538 0)
(1.55328 -0.023156 0)
(1.55471 -0.0252446 0)
(1.5558 -0.0267857 0)
(1.55622 -0.0287244 0)
(1.55759 -0.0312854 0)
(1.55877 -0.0331992 0)
(1.56004 -0.03482 0)
(1.56206 -0.0364611 0)
(1.56417 -0.0389716 0)
(1.56541 -0.040253 0)
(1.56699 -0.0419112 0)
(1.56832 -0.0446907 0)
(1.56887 -0.0464901 0)
(1.56943 -0.0482718 0)
(1.57104 -0.0500447 0)
(1.5726 -0.051857 0)
(1.57369 -0.0527741 0)
(1.57539 -0.0541913 0)
(1.57662 -0.0560916 0)
(1.32668 0.218038 0)
(1.32944 0.216339 0)
(1.3317 0.214426 0)
(1.33343 0.21216 0)
(1.33556 0.209937 0)
(1.33841 0.208168 0)
(1.34146 0.206581 0)
(1.34436 0.205032 0)
(1.3469 0.203396 0)
(1.34877 0.201325 0)
(1.35029 0.198767 0)
(1.35268 0.196544 0)
(1.3557 0.194793 0)
(1.35884 0.193037 0)
(1.36173 0.191289 0)
(1.36416 0.189492 0)
(1.36591 0.187149 0)
(1.36767 0.184341 0)
(1.3703 0.181961 0)
(1.37331 0.179958 0)
(1.37634 0.178052 0)
(1.37913 0.176105 0)
(1.3815 0.174008 0)
(1.38335 0.171659 0)
(1.38521 0.169207 0)
(1.38764 0.167081 0)
(1.39037 0.165292 0)
(1.3931 0.163695 0)
(1.39563 0.162145 0)
(1.39776 0.16041 0)
(1.39926 0.158214 0)
(1.4008 0.155757 0)
(1.40319 0.153774 0)
(1.40592 0.152085 0)
(1.40857 0.150385 0)
(1.41088 0.148672 0)
(1.41253 0.146682 0)
(1.41347 0.144075 0)
(1.4154 0.141773 0)
(1.41807 0.140062 0)
(1.42078 0.138274 0)
(1.42321 0.136462 0)
(1.42507 0.134503 0)
(1.42599 0.131854 0)
(1.42753 0.129174 0)
(1.43014 0.127277 0)
(1.43288 0.125318 0)
(1.43538 0.12331 0)
(1.43737 0.121288 0)
(1.43847 0.118786 0)
(1.43961 0.116038 0)
(1.44193 0.114141 0)
(1.4445 0.112463 0)
(1.44699 0.110703 0)
(1.44915 0.10901 0)
(1.45072 0.107219 0)
(1.45134 0.104907 0)
(1.45256 0.102646 0)
(1.45487 0.10117 0)
(1.45732 0.0996662 0)
(1.45966 0.0980321 0)
(1.46167 0.0964022 0)
(1.46296 0.0944687 0)
(1.46341 0.091801 0)
(1.4651 0.0895353 0)
(1.46756 0.087879 0)
(1.4701 0.0859709 0)
(1.47237 0.0839855 0)
(1.47413 0.0819285 0)
(1.47501 0.0792837 0)
(1.47599 0.0763298 0)
(1.47816 0.074293 0)
(1.48059 0.0725358 0)
(1.48293 0.0707018 0)
(1.485 0.0688555 0)
(1.48655 0.0670166 0)
(1.4872 0.0647587 0)
(1.48803 0.062201 0)
(1.48986 0.0604736 0)
(1.49195 0.0591456 0)
(1.49416 0.0576484 0)
(1.49615 0.0560383 0)
(1.49778 0.0546673 0)
(1.49883 0.0529037 0)
(1.4992 0.0505021 0)
(1.50019 0.0484075 0)
(1.50215 0.0468946 0)
(1.50447 0.0452265 0)
(1.50651 0.0433946 0)
(1.50818 0.0421574 0)
(1.50974 0.0397572 0)
(1.51049 0.0370331 0)
(1.51099 0.0347947 0)
(1.51268 0.0328343 0)
(1.51491 0.0308716 0)
(1.51659 0.0294012 0)
(1.51839 0.0279094 0)
(1.5199 0.0254947 0)
(1.52056 0.0232545 0)
(1.52071 0.0210806 0)
(1.52199 0.0188656 0)
(1.52395 0.0167986 0)
(1.52537 0.0155942 0)
(1.52708 0.0144262 0)
(1.52857 0.0125442 0)
(1.52942 0.0107699 0)
(1.52959 0.00919343 0)
(1.52979 0.0070782 0)
(1.53159 0.00532357 0)
(1.53324 0.00372077 0)
(1.53476 0.00266951 0)
(1.5367 0.000928293 0)
(1.53821 -0.00147708 0)
(1.53926 -0.00322661 0)
(1.53965 -0.0053346 0)
(1.54108 -0.00780935 0)
(1.5427 -0.00997156 0)
(1.54393 -0.0114434 0)
(1.54593 -0.0129097 0)
(1.54798 -0.0151689 0)
(1.54935 -0.0167738 0)
(1.55054 -0.0177024 0)
(1.55193 -0.0200827 0)
(1.55271 -0.0220797 0)
(1.55331 -0.0232621 0)
(1.55451 -0.0247089 0)
(1.55623 -0.0263447 0)
(1.55745 -0.0274249 0)
(1.55893 -0.028337 0)
(1.56057 -0.0302025 0)
(1.56156 -0.0321163 0)
(1.56209 -0.0334331 0)
(1.31275 0.227822 0)
(1.31439 0.225627 0)
(1.31644 0.223468 0)
(1.31924 0.221819 0)
(1.32227 0.220378 0)
(1.3252 0.218982 0)
(1.32778 0.217571 0)
(1.32969 0.215854 0)
(1.33088 0.213559 0)
(1.33288 0.211373 0)
(1.33582 0.20979 0)
(1.33909 0.208165 0)
(1.34219 0.206467 0)
(1.34482 0.204826 0)
(1.34671 0.202792 0)
(1.34792 0.200014 0)
(1.3502 0.197567 0)
(1.35334 0.195696 0)
(1.35674 0.193673 0)
(1.35975 0.191767 0)
(1.36224 0.189974 0)
(1.36401 0.187805 0)
(1.36552 0.185286 0)
(1.36793 0.183278 0)
(1.37081 0.181692 0)
(1.37375 0.180148 0)
(1.37648 0.178679 0)
(1.37884 0.177205 0)
(1.3805 0.175396 0)
(1.38154 0.173025 0)
(1.38353 0.170917 0)
(1.38625 0.169337 0)
(1.38908 0.167714 0)
(1.39167 0.166089 0)
(1.39382 0.164436 0)
(1.39507 0.162323 0)
(1.39599 0.159682 0)
(1.39826 0.157696 0)
(1.401 0.156055 0)
(1.40369 0.154285 0)
(1.40602 0.152507 0)
(1.40767 0.150422 0)
(1.40857 0.147618 0)
(1.41046 0.145127 0)
(1.41312 0.143295 0)
(1.4158 0.141416 0)
(1.41819 0.139574 0)
(1.42005 0.137692 0)
(1.42107 0.135375 0)
(1.42232 0.132973 0)
(1.42462 0.131349 0)
(1.42711 0.129902 0)
(1.42951 0.128386 0)
(1.43161 0.126896 0)
(1.4331 0.125234 0)
(1.43375 0.123012 0)
(1.43525 0.120948 0)
(1.43765 0.119547 0)
(1.44017 0.118 0)
(1.44251 0.116331 0)
(1.44443 0.114581 0)
(1.44551 0.112245 0)
(1.44653 0.109392 0)
(1.44878 0.107326 0)
(1.45138 0.10547 0)
(1.45386 0.103485 0)
(1.45597 0.101575 0)
(1.45744 0.0994663 0)
(1.45816 0.0967992 0)
(1.45967 0.0944172 0)
(1.46195 0.0928124 0)
(1.46434 0.0912262 0)
(1.46657 0.0895686 0)
(1.46847 0.087964 0)
(1.46977 0.0862062 0)
(1.47027 0.0839416 0)
(1.47142 0.0818146 0)
(1.47346 0.0804397 0)
(1.47566 0.0791088 0)
(1.47779 0.0776039 0)
(1.47965 0.0761232 0)
(1.48105 0.0744811 0)
(1.48168 0.072216 0)
(1.48265 0.0697717 0)
(1.48457 0.0680135 0)
(1.48679 0.0663761 0)
(1.48895 0.0645402 0)
(1.49074 0.0628745 0)
(1.49213 0.0609189 0)
(1.49297 0.0583999 0)
(1.49382 0.056087 0)
(1.4955 0.0543568 0)
(1.49753 0.0528491 0)
(1.49949 0.0513057 0)
(1.50121 0.0498731 0)
(1.50262 0.048199 0)
(1.50329 0.0460224 0)
(1.50354 0.0436179 0)
(1.50475 0.041645 0)
(1.50665 0.0400864 0)
(1.50845 0.0386762 0)
(1.51014 0.0375036 0)
(1.51169 0.0361008 0)
(1.51271 0.034413 0)
(1.51284 0.0324412 0)
(1.51312 0.029925 0)
(1.51504 0.028183 0)
(1.51699 0.0263681 0)
(1.51884 0.0247437 0)
(1.52098 0.0227588 0)
(1.52262 0.020466 0)
(1.5237 0.0186843 0)
(1.52392 0.0165542 0)
(1.52536 0.0142103 0)
(1.52657 0.0125658 0)
(1.5281 0.0111179 0)
(1.53011 0.00976321 0)
(1.53198 0.00799859 0)
(1.53342 0.00692206 0)
(1.5349 0.00561947 0)
(1.53593 0.00404888 0)
(1.53639 0.00259391 0)
(1.53685 0.000804872 0)
(1.53846 -0.000476674 0)
(1.53973 -0.00167022 0)
(1.54141 -0.00295022 0)
(1.54327 -0.00450957 0)
(1.54486 -0.00631471 0)
(1.54602 -0.00744625 0)
(1.54704 -0.00980914 0)
(1.54765 -0.0124214 0)
(1.54823 -0.0144588 0)
(1.29868 0.23619 0)
(1.30115 0.23444 0)
(1.30419 0.233094 0)
(1.30728 0.231732 0)
(1.31008 0.230447 0)
(1.3124 0.229119 0)
(1.31381 0.227353 0)
(1.31485 0.225109 0)
(1.31727 0.223449 0)
(1.32039 0.222101 0)
(1.32375 0.220432 0)
(1.32671 0.218786 0)
(1.32911 0.21714 0)
(1.33054 0.214905 0)
(1.33175 0.212139 0)
(1.33437 0.210192 0)
(1.33771 0.208444 0)
(1.34117 0.206397 0)
(1.34399 0.204661 0)
(1.34619 0.202929 0)
(1.34755 0.200653 0)
(1.3493 0.198395 0)
(1.35203 0.196909 0)
(1.35507 0.195508 0)
(1.35804 0.194057 0)
(1.36067 0.192721 0)
(1.36282 0.191296 0)
(1.3641 0.189386 0)
(1.36528 0.187108 0)
(1.36766 0.185465 0)
(1.37047 0.18405 0)
(1.37326 0.182492 0)
(1.37571 0.180965 0)
(1.37759 0.179296 0)
(1.37845 0.176999 0)
(1.37969 0.174499 0)
(1.38221 0.172807 0)
(1.38499 0.171137 0)
(1.38759 0.169349 0)
(1.38973 0.167509 0)
(1.39102 0.165161 0)
(1.3921 0.16233 0)
(1.39437 0.160213 0)
(1.39703 0.158484 0)
(1.39958 0.156745 0)
(1.40178 0.155064 0)
(1.40337 0.15325 0)
(1.40431 0.151065 0)
(1.40592 0.149126 0)
(1.40827 0.147826 0)
(1.4107 0.146574 0)
(1.41298 0.145256 0)
(1.41491 0.143871 0)
(1.41609 0.142074 0)
(1.41697 0.139745 0)
(1.41908 0.137984 0)
(1.42167 0.136476 0)
(1.42427 0.134719 0)
(1.42653 0.132961 0)
(1.4282 0.130965 0)
(1.42913 0.128242 0)
(1.4308 0.125676 0)
(1.43331 0.123857 0)
(1.43595 0.121998 0)
(1.43832 0.120191 0)
(1.44028 0.118469 0)
(1.4415 0.116464 0)
(1.44223 0.114021 0)
(1.444 0.112125 0)
(1.4463 0.110734 0)
(1.44864 0.109232 0)
(1.45076 0.10772 0)
(1.45251 0.106226 0)
(1.45357 0.104445 0)
(1.45409 0.10226 0)
(1.45566 0.100513 0)
(1.4578 0.0992673 0)
(1.46 0.0978838 0)
(1.46203 0.0963774 0)
(1.46368 0.0947422 0)
(1.46473 0.0925467 0)
(1.46582 0.0900059 0)
(1.46766 0.087974 0)
(1.46981 0.0862347 0)
(1.4719 0.0844583 0)
(1.47372 0.0826882 0)
(1.47508 0.0808233 0)
(1.47592 0.078654 0)
(1.47702 0.0765158 0)
(1.47874 0.0749155 0)
(1.48072 0.0735833 0)
(1.48269 0.0722293 0)
(1.48448 0.0708567 0)
(1.48595 0.0693548 0)
(1.48663 0.067525 0)
(1.4868 0.065257 0)
(1.48789 0.0633435 0)
(1.48978 0.0620108 0)
(1.49175 0.0607319 0)
(1.4936 0.0594852 0)
(1.49533 0.0580338 0)
(1.49667 0.0563469 0)
(1.49725 0.0543657 0)
(1.49734 0.0514884 0)
(1.49905 0.0492961 0)
(1.50107 0.0473061 0)
(1.50307 0.0453765 0)
(1.50542 0.0433113 0)
(1.50724 0.0410156 0)
(1.50853 0.0394762 0)
(1.50913 0.0381209 0)
(1.51 0.0357777 0)
(1.51106 0.0342023 0)
(1.51231 0.0332045 0)
(1.51406 0.0321862 0)
(1.516 0.0306967 0)
(1.51752 0.0294932 0)
(1.51902 0.0285757 0)
(1.52041 0.0271056 0)
(1.5213 0.0256415 0)
(1.52178 0.024311 0)
(1.52252 0.0223868 0)
(1.52429 0.0211674 0)
(1.5258 0.0197644 0)
(1.52758 0.0182313 0)
(1.52976 0.0161993 0)
(1.53147 0.0137456 0)
(1.53258 0.0123267 0)
(1.53348 0.0097776 0)
(1.53444 0.00684318 0)
(1.53507 0.00542954 0)
(1.53645 0.00394416 0)
(1.28707 0.244953 0)
(1.29015 0.243698 0)
(1.29322 0.242334 0)
(1.29592 0.241103 0)
(1.2981 0.239819 0)
(1.29929 0.238046 0)
(1.30048 0.235973 0)
(1.30308 0.234646 0)
(1.30626 0.233345 0)
(1.30954 0.23172 0)
(1.31232 0.230215 0)
(1.31449 0.228616 0)
(1.31566 0.226355 0)
(1.31711 0.22389 0)
(1.31988 0.22231 0)
(1.32327 0.220587 0)
(1.32655 0.218657 0)
(1.32914 0.217074 0)
(1.33102 0.21528 0)
(1.33224 0.212944 0)
(1.3344 0.211086 0)
(1.3373 0.209818 0)
(1.34045 0.208402 0)
(1.34331 0.207047 0)
(1.34578 0.205832 0)
(1.34766 0.204401 0)
(1.34871 0.202418 0)
(1.35037 0.200479 0)
(1.35298 0.199173 0)
(1.35582 0.197798 0)
(1.3585 0.196328 0)
(1.36079 0.194897 0)
(1.36235 0.193176 0)
(1.36301 0.190756 0)
(1.3647 0.188547 0)
(1.36733 0.186966 0)
(1.37005 0.185216 0)
(1.37247 0.183384 0)
(1.37431 0.181338 0)
(1.37542 0.178717 0)
(1.37702 0.176159 0)
(1.37944 0.174331 0)
(1.38193 0.172727 0)
(1.38422 0.171172 0)
(1.38609 0.169619 0)
(1.38734 0.167879 0)
(1.38852 0.166028 0)
(1.39054 0.164659 0)
(1.3929 0.163606 0)
(1.39524 0.162473 0)
(1.39736 0.161224 0)
(1.39894 0.159688 0)
(1.3998 0.157485 0)
(1.40143 0.155313 0)
(1.40395 0.153755 0)
(1.40682 0.151958 0)
(1.40941 0.150069 0)
(1.41153 0.148284 0)
(1.4129 0.146042 0)
(1.41399 0.143276 0)
(1.41616 0.141211 0)
(1.41879 0.139508 0)
(1.4214 0.137722 0)
(1.42366 0.136095 0)
(1.42548 0.134497 0)
(1.4265 0.132544 0)
(1.42738 0.130336 0)
(1.42932 0.128784 0)
(1.43157 0.127551 0)
(1.43378 0.126258 0)
(1.43578 0.124997 0)
(1.43737 0.123693 0)
(1.43811 0.122005 0)
(1.43873 0.119921 0)
(1.44059 0.118421 0)
(1.4428 0.117089 0)
(1.44497 0.115522 0)
(1.44684 0.113831 0)
(1.44831 0.111662 0)
(1.44964 0.109156 0)
(1.45136 0.106954 0)
(1.4534 0.105073 0)
(1.45532 0.103332 0)
(1.45699 0.101637 0)
(1.45823 0.0997816 0)
(1.45919 0.0977459 0)
(1.46058 0.0959015 0)
(1.46239 0.0944748 0)
(1.46443 0.093229 0)
(1.46647 0.0919395 0)
(1.46827 0.0908215 0)
(1.46983 0.089521 0)
(1.4707 0.0878821 0)
(1.47083 0.0859553 0)
(1.47151 0.0840839 0)
(1.47333 0.0828435 0)
(1.47555 0.0815338 0)
(1.47735 0.0804066 0)
(1.47936 0.0790096 0)
(1.48111 0.0767759 0)
(1.48224 0.0746766 0)
(1.48266 0.072209 0)
(1.4839 0.0692235 0)
(1.48616 0.0666278 0)
(1.48761 0.0650442 0)
(1.48969 0.0635445 0)
(1.49167 0.0613896 0)
(1.49304 0.0598074 0)
(1.49404 0.0590783 0)
(1.49495 0.0573587 0)
(1.49622 0.0552207 0)
(1.49735 0.054462 0)
(1.49864 0.053775 0)
(1.50039 0.0525879 0)
(1.50195 0.0510421 0)
(1.5032 0.0504751 0)
(1.50449 0.0493741 0)
(1.50591 0.0474486 0)
(1.50694 0.0460511 0)
(1.50785 0.0444133 0)
(1.50953 0.0427048 0)
(1.51138 0.0409196 0)
(1.51283 0.0392819 0)
(1.51503 0.0373023 0)
(1.51722 0.0341807 0)
(1.51844 0.0324846 0)
(1.51958 0.0308191 0)
(1.52075 0.0277315 0)
(1.52139 0.0261412 0)
(1.52215 0.0252555 0)
(1.52371 0.0241014 0)
(1.52529 0.022427 0)
(1.27702 0.253806 0)
(1.28007 0.252403 0)
(1.28271 0.251163 0)
(1.2848 0.249879 0)
(1.28595 0.248097 0)
(1.2874 0.246198 0)
(1.29009 0.245047 0)
(1.29325 0.243777 0)
(1.29638 0.242294 0)
(1.29899 0.240982 0)
(1.30098 0.239504 0)
(1.30204 0.23738 0)
(1.30374 0.235306 0)
(1.30655 0.233964 0)
(1.3099 0.23229 0)
(1.31295 0.230517 0)
(1.31534 0.22901 0)
(1.31693 0.22713 0)
(1.31818 0.224826 0)
(1.32057 0.223265 0)
(1.32355 0.222016 0)
(1.3267 0.220564 0)
(1.32942 0.219314 0)
(1.33171 0.218165 0)
(1.33327 0.216682 0)
(1.33435 0.214743 0)
(1.33645 0.213237 0)
(1.33915 0.212113 0)
(1.34198 0.210794 0)
(1.34454 0.209463 0)
(1.34667 0.20813 0)
(1.34795 0.206358 0)
(1.3487 0.203937 0)
(1.35077 0.202009 0)
(1.35343 0.200377 0)
(1.35602 0.198517 0)
(1.35823 0.196527 0)
(1.35983 0.194195 0)
(1.36119 0.191564 0)
(1.36315 0.189375 0)
(1.36545 0.187723 0)
(1.36767 0.186274 0)
(1.36962 0.184902 0)
(1.37112 0.183506 0)
(1.3723 0.182004 0)
(1.37398 0.180665 0)
(1.3762 0.179686 0)
(1.37852 0.17872 0)
(1.38072 0.177589 0)
(1.38254 0.176208 0)
(1.38361 0.174229 0)
(1.38476 0.171808 0)
(1.38705 0.170022 0)
(1.38992 0.168312 0)
(1.39296 0.166253 0)
(1.39539 0.164435 0)
(1.39727 0.162571 0)
(1.39838 0.160053 0)
(1.39998 0.157571 0)
(1.40245 0.155874 0)
(1.4052 0.154178 0)
(1.40773 0.152532 0)
(1.40989 0.151138 0)
(1.41157 0.149752 0)
(1.41244 0.148066 0)
(1.41328 0.146254 0)
(1.41518 0.145065 0)
(1.41733 0.144108 0)
(1.41949 0.143054 0)
(1.42147 0.141982 0)
(1.42313 0.140867 0)
(1.424 0.139401 0)
(1.42423 0.137304 0)
(1.42577 0.135462 0)
(1.42798 0.133827 0)
(1.43034 0.131754 0)
(1.43263 0.129443 0)
(1.43467 0.127183 0)
(1.43646 0.125124 0)
(1.43804 0.123296 0)
(1.43939 0.121592 0)
(1.44036 0.11983 0)
(1.44109 0.117898 0)
(1.4423 0.116063 0)
(1.44409 0.114599 0)
(1.44614 0.113359 0)
(1.44834 0.112204 0)
(1.45048 0.111069 0)
(1.45242 0.110002 0)
(1.45411 0.108925 0)
(1.45531 0.107632 0)
(1.45544 0.105882 0)
(1.45571 0.103865 0)
(1.45743 0.102466 0)
(1.45968 0.101211 0)
(1.46217 0.0995954 0)
(1.4643 0.0980634 0)
(1.46617 0.0961733 0)
(1.46733 0.0936895 0)
(1.46792 0.0905626 0)
(1.46957 0.0877813 0)
(1.4719 0.0852201 0)
(1.4737 0.0835151 0)
(1.47548 0.082612 0)
(1.47715 0.0814216 0)
(1.47831 0.0802032 0)
(1.47885 0.0790673 0)
(1.47921 0.0775521 0)
(1.48076 0.0761689 0)
(1.4824 0.0749858 0)
(1.484 0.0740559 0)
(1.48577 0.0731668 0)
(1.48742 0.0721697 0)
(1.48888 0.0712348 0)
(1.49007 0.0702873 0)
(1.49087 0.0688773 0)
(1.4915 0.0670285 0)
(1.49245 0.0651063 0)
(1.49415 0.0632466 0)
(1.49624 0.0614862 0)
(1.4985 0.0591352 0)
(1.50105 0.0568662 0)
(1.50353 0.0542063 0)
(1.50508 0.0520322 0)
(1.50617 0.0507211 0)
(1.5069 0.0485661 0)
(1.50731 0.0466597 0)
(1.50806 0.0454394 0)
(1.50954 0.0444213 0)
(1.51121 0.0432626 0)
(1.5127 0.04206 0)
(1.51405 0.0411784 0)
(1.26793 0.261966 0)
(1.27054 0.260702 0)
(1.27259 0.259431 0)
(1.2738 0.257701 0)
(1.2754 0.255969 0)
(1.27807 0.254937 0)
(1.28117 0.253747 0)
(1.28419 0.252412 0)
(1.28671 0.251275 0)
(1.28862 0.249979 0)
(1.28968 0.248082 0)
(1.29143 0.246296 0)
(1.29419 0.245111 0)
(1.29744 0.243534 0)
(1.30035 0.241887 0)
(1.30263 0.240465 0)
(1.30407 0.238633 0)
(1.30529 0.236438 0)
(1.3077 0.235036 0)
(1.31066 0.233779 0)
(1.31369 0.232338 0)
(1.31624 0.231145 0)
(1.31831 0.229971 0)
(1.3196 0.228385 0)
(1.32091 0.226593 0)
(1.32327 0.22544 0)
(1.326 0.2244 0)
(1.32876 0.223191 0)
(1.33118 0.222029 0)
(1.33313 0.220736 0)
(1.33422 0.218816 0)
(1.33544 0.216473 0)
(1.3378 0.214681 0)
(1.34045 0.21286 0)
(1.34291 0.210824 0)
(1.34495 0.208622 0)
(1.34659 0.206173 0)
(1.3483 0.203794 0)
(1.35032 0.20189 0)
(1.35239 0.200389 0)
(1.3543 0.199092 0)
(1.35592 0.197876 0)
(1.35729 0.196665 0)
(1.35886 0.195522 0)
(1.36089 0.194606 0)
(1.36312 0.193789 0)
(1.36531 0.192841 0)
(1.36725 0.191661 0)
(1.36859 0.190029 0)
(1.36942 0.187738 0)
(1.3712 0.185642 0)
(1.37377 0.184052 0)
(1.37695 0.182114 0)
(1.37985 0.180024 0)
(1.38208 0.178287 0)
(1.38361 0.176248 0)
(1.38461 0.173647 0)
(1.38657 0.171661 0)
(1.38916 0.170244 0)
(1.39199 0.168689 0)
(1.39444 0.167359 0)
(1.39653 0.16632 0)
(1.39818 0.16527 0)
(1.399 0.163943 0)
(1.39961 0.162394 0)
(1.4014 0.161339 0)
(1.40356 0.160455 0)
(1.40581 0.15935 0)
(1.40797 0.158134 0)
(1.40987 0.15688 0)
(1.41122 0.155391 0)
(1.41153 0.153235 0)
(1.41212 0.150687 0)
(1.41408 0.148672 0)
(1.41656 0.146553 0)
(1.41927 0.144105 0)
(1.42168 0.14189 0)
(1.42372 0.140159 0)
(1.42538 0.138706 0)
(1.42641 0.1373 0)
(1.4263 0.135634 0)
(1.42608 0.133744 0)
(1.42755 0.13245 0)
(1.4296 0.131595 0)
(1.432 0.130615 0)
(1.43455 0.129482 0)
(1.43677 0.128458 0)
(1.43873 0.127471 0)
(1.44034 0.126337 0)
(1.44122 0.12486 0)
(1.44113 0.122744 0)
(1.44208 0.120724 0)
(1.44408 0.119382 0)
(1.44662 0.117752 0)
(1.44965 0.115533 0)
(1.45207 0.113315 0)
(1.45391 0.111298 0)
(1.45482 0.108939 0)
(1.45502 0.105971 0)
(1.4566 0.103924 0)
(1.45874 0.102539 0)
(1.46086 0.101263 0)
(1.46281 0.100261 0)
(1.46456 0.0993675 0)
(1.46601 0.0985564 0)
(1.46684 0.0976662 0)
(1.46652 0.0964287 0)
(1.46672 0.0951274 0)
(1.46826 0.094312 0)
(1.47008 0.0934324 0)
(1.47215 0.0922593 0)
(1.47428 0.0909141 0)
(1.47622 0.0895929 0)
(1.47796 0.0882442 0)
(1.47933 0.0867549 0)
(1.47989 0.0848838 0)
(1.47992 0.0824067 0)
(1.48103 0.0800616 0)
(1.4829 0.0781624 0)
(1.48525 0.0761416 0)
(1.48838 0.0735886 0)
(1.49091 0.0711857 0)
(1.49271 0.069768 0)
(1.49419 0.0686215 0)
(1.49496 0.0672784 0)
(1.49467 0.0656809 0)
(1.49507 0.0642112 0)
(1.49657 0.0632536 0)
(1.49822 0.0622693 0)
(1.49985 0.0612096 0)
(1.50143 0.0602119 0)
(1.5029 0.0592327 0)
(1.25924 0.270327 0)
(1.26127 0.269104 0)
(1.26256 0.267487 0)
(1.26419 0.265893 0)
(1.26676 0.264943 0)
(1.26978 0.263856 0)
(1.27276 0.262603 0)
(1.27525 0.261551 0)
(1.27719 0.260402 0)
(1.27828 0.258686 0)
(1.27991 0.256978 0)
(1.28256 0.255859 0)
(1.28572 0.25437 0)
(1.28859 0.252783 0)
(1.29083 0.251439 0)
(1.29226 0.249704 0)
(1.29348 0.247595 0)
(1.29586 0.246229 0)
(1.29873 0.24495 0)
(1.30155 0.243549 0)
(1.30392 0.24237 0)
(1.30574 0.241123 0)
(1.30681 0.23946 0)
(1.30841 0.237923 0)
(1.31087 0.237015 0)
(1.31357 0.236046 0)
(1.31616 0.234993 0)
(1.31841 0.233936 0)
(1.3201 0.232496 0)
(1.32122 0.230325 0)
(1.32307 0.228183 0)
(1.32558 0.226384 0)
(1.32812 0.224445 0)
(1.33044 0.222356 0)
(1.33247 0.22017 0)
(1.33433 0.217991 0)
(1.3362 0.216014 0)
(1.33806 0.214339 0)
(1.33981 0.212907 0)
(1.34139 0.211628 0)
(1.34293 0.21048 0)
(1.34468 0.209505 0)
(1.34671 0.208718 0)
(1.34888 0.20802 0)
(1.35105 0.207258 0)
(1.35304 0.206319 0)
(1.3546 0.205046 0)
(1.35546 0.203163 0)
(1.35667 0.200986 0)
(1.35891 0.199331 0)
(1.36174 0.197682 0)
(1.365 0.195571 0)
(1.36759 0.193608 0)
(1.36958 0.19184 0)
(1.3707 0.189606 0)
(1.37171 0.187149 0)
(1.37384 0.185653 0)
(1.37646 0.184487 0)
(1.3793 0.183187 0)
(1.38167 0.182186 0)
(1.38373 0.181405 0)
(1.38539 0.180541 0)
(1.38621 0.179342 0)
(1.3867 0.177782 0)
(1.38843 0.17663 0)
(1.39064 0.175635 0)
(1.39306 0.174319 0)
(1.39541 0.172828 0)
(1.39746 0.171336 0)
(1.39904 0.169699 0)
(1.39959 0.167502 0)
(1.39973 0.16473 0)
(1.40139 0.162611 0)
(1.40376 0.160838 0)
(1.40647 0.158801 0)
(1.4089 0.156934 0)
(1.41092 0.15552 0)
(1.41258 0.154311 0)
(1.41357 0.153084 0)
(1.41312 0.151557 0)
(1.41246 0.14982 0)
(1.41394 0.148773 0)
(1.41601 0.148047 0)
(1.41856 0.147027 0)
(1.42133 0.145796 0)
(1.42353 0.144849 0)
(1.42546 0.144 0)
(1.42696 0.142785 0)
(1.42761 0.140877 0)
(1.42807 0.138474 0)
(1.42958 0.136528 0)
(1.43166 0.134962 0)
(1.43421 0.133127 0)
(1.43727 0.13074 0)
(1.43985 0.128279 0)
(1.4418 0.126306 0)
(1.44309 0.124428 0)
(1.44345 0.122279 0)
(1.44429 0.120556 0)
(1.44597 0.119619 0)
(1.44781 0.118778 0)
(1.44972 0.117809 0)
(1.45155 0.116831 0)
(1.45325 0.11594 0)
(1.4548 0.115097 0)
(1.45609 0.114273 0)
(1.45683 0.113438 0)
(1.45679 0.112357 0)
(1.45719 0.110898 0)
(1.45875 0.109567 0)
(1.46074 0.108048 0)
(1.46321 0.106011 0)
(1.46574 0.103695 0)
(1.46777 0.101719 0)
(1.46941 0.100024 0)
(1.47038 0.0982628 0)
(1.47031 0.0961358 0)
(1.47072 0.0940429 0)
(1.47235 0.0926592 0)
(1.47438 0.0912509 0)
(1.47694 0.0894575 0)
(1.47917 0.0877371 0)
(1.48098 0.086496 0)
(1.48247 0.0854323 0)
(1.48348 0.0843849 0)
(1.48363 0.083214 0)
(1.48373 0.081939 0)
(1.48492 0.0809346 0)
(1.48645 0.0799991 0)
(1.48815 0.0788382 0)
(1.48992 0.0774925 0)
(1.4916 0.0761321 0)
(1.25088 0.278763 0)
(1.25218 0.2772 0)
(1.2539 0.275764 0)
(1.25642 0.274878 0)
(1.25932 0.273879 0)
(1.26223 0.272715 0)
(1.26469 0.271702 0)
(1.26664 0.270637 0)
(1.26772 0.269055 0)
(1.26906 0.267308 0)
(1.27155 0.2662 0)
(1.27459 0.2648 0)
(1.27748 0.263208 0)
(1.27972 0.261885 0)
(1.28119 0.2602 0)
(1.28243 0.258107 0)
(1.28478 0.256711 0)
(1.28754 0.25544 0)
(1.29014 0.25417 0)
(1.29233 0.253115 0)
(1.29395 0.251977 0)
(1.29491 0.2505 0)
(1.2966 0.249282 0)
(1.29902 0.248524 0)
(1.30168 0.247541 0)
(1.30421 0.24641 0)
(1.30634 0.245205 0)
(1.30783 0.243482 0)
(1.30904 0.241137 0)
(1.31118 0.239132 0)
(1.31377 0.237332 0)
(1.31636 0.235422 0)
(1.31875 0.233516 0)
(1.32092 0.231682 0)
(1.32287 0.229962 0)
(1.32455 0.22835 0)
(1.32596 0.226738 0)
(1.32732 0.225128 0)
(1.32903 0.223783 0)
(1.33107 0.222802 0)
(1.33327 0.222051 0)
(1.33552 0.221403 0)
(1.33774 0.220749 0)
(1.33983 0.219991 0)
(1.3416 0.219009 0)
(1.34271 0.217548 0)
(1.34351 0.215525 0)
(1.3453 0.213712 0)
(1.34779 0.212227 0)
(1.3509 0.210403 0)
(1.354 0.208274 0)
(1.35633 0.206499 0)
(1.35804 0.204751 0)
(1.35878 0.202575 0)
(1.35981 0.200548 0)
(1.36194 0.199534 0)
(1.36449 0.198652 0)
(1.36718 0.197647 0)
(1.36944 0.196871 0)
(1.37144 0.196185 0)
(1.37304 0.195344 0)
(1.3738 0.194091 0)
(1.37434 0.192444 0)
(1.37613 0.19123 0)
(1.3784 0.190126 0)
(1.38091 0.188667 0)
(1.3833 0.187045 0)
(1.38534 0.185455 0)
(1.38684 0.183716 0)
(1.38728 0.181421 0)
(1.38752 0.178714 0)
(1.38927 0.176827 0)
(1.39163 0.175284 0)
(1.39431 0.173503 0)
(1.39671 0.171848 0)
(1.39872 0.170522 0)
(1.40035 0.169314 0)
(1.40124 0.168014 0)
(1.40064 0.166345 0)
(1.40027 0.164611 0)
(1.40195 0.163737 0)
(1.40409 0.163064 0)
(1.40672 0.162078 0)
(1.40936 0.160915 0)
(1.4115 0.159903 0)
(1.4133 0.158837 0)
(1.41439 0.157365 0)
(1.41456 0.15513 0)
(1.41594 0.153285 0)
(1.41827 0.151865 0)
(1.42066 0.149938 0)
(1.42263 0.148083 0)
(1.42467 0.146017 0)
(1.42683 0.143752 0)
(1.42891 0.141546 0)
(1.43073 0.139746 0)
(1.43234 0.138347 0)
(1.4338 0.137314 0)
(1.43515 0.136594 0)
(1.43629 0.135909 0)
(1.43713 0.135011 0)
(1.43829 0.133999 0)
(1.43995 0.13311 0)
(1.4418 0.132124 0)
(1.44374 0.130913 0)
(1.44562 0.129578 0)
(1.44731 0.128231 0)
(1.44866 0.126881 0)
(1.44933 0.125371 0)
(1.44927 0.123282 0)
(1.45025 0.121173 0)
(1.45217 0.119469 0)
(1.45459 0.117384 0)
(1.45699 0.115148 0)
(1.45886 0.113485 0)
(1.46041 0.112205 0)
(1.46148 0.11105 0)
(1.46164 0.109818 0)
(1.4615 0.108289 0)
(1.46274 0.107055 0)
(1.46452 0.105983 0)
(1.46669 0.104543 0)
(1.46883 0.103018 0)
(1.47058 0.101872 0)
(1.47211 0.100909 0)
(1.47331 0.0999668 0)
(1.4739 0.0989284 0)
(1.47398 0.0975269 0)
(1.47492 0.0961025 0)
(1.47651 0.0949055 0)
(1.47842 0.0934626 0)
(1.48062 0.0916614 0)
(1.2425 0.286852 0)
(1.24437 0.285654 0)
(1.24686 0.284872 0)
(1.24965 0.283956 0)
(1.25238 0.282926 0)
(1.25473 0.281981 0)
(1.2566 0.280946 0)
(1.25759 0.279424 0)
(1.25867 0.277642 0)
(1.26101 0.276495 0)
(1.26393 0.275136 0)
(1.26681 0.273511 0)
(1.26902 0.272146 0)
(1.27044 0.270456 0)
(1.27157 0.268303 0)
(1.27385 0.266866 0)
(1.2766 0.265578 0)
(1.27916 0.264383 0)
(1.28131 0.263539 0)
(1.28292 0.262671 0)
(1.28391 0.261483 0)
(1.28555 0.26043 0)
(1.28789 0.259677 0)
(1.29054 0.258563 0)
(1.2932 0.257044 0)
(1.29545 0.255431 0)
(1.2971 0.253602 0)
(1.2982 0.251328 0)
(1.29994 0.249294 0)
(1.30235 0.247672 0)
(1.305 0.245959 0)
(1.30764 0.244218 0)
(1.31007 0.242645 0)
(1.3122 0.241259 0)
(1.31393 0.239975 0)
(1.315 0.238601 0)
(1.31572 0.237077 0)
(1.31738 0.235975 0)
(1.31962 0.235293 0)
(1.32206 0.234585 0)
(1.32452 0.233843 0)
(1.3268 0.233124 0)
(1.32887 0.232317 0)
(1.33052 0.23124 0)
(1.33142 0.229609 0)
(1.33247 0.22763 0)
(1.33457 0.226118 0)
(1.33725 0.224642 0)
(1.34047 0.222707 0)
(1.34318 0.220795 0)
(1.34524 0.219251 0)
(1.34656 0.217555 0)
(1.34721 0.215592 0)
(1.34872 0.214211 0)
(1.35091 0.21353 0)
(1.35335 0.212792 0)
(1.35571 0.212011 0)
(1.35782 0.21129 0)
(1.35967 0.210465 0)
(1.36096 0.209328 0)
(1.36148 0.207619 0)
(1.36269 0.205878 0)
(1.36483 0.204648 0)
(1.3673 0.203298 0)
(1.36982 0.201728 0)
(1.37204 0.2002 0)
(1.37385 0.198669 0)
(1.37492 0.196844 0)
(1.37495 0.194404 0)
(1.37568 0.192013 0)
(1.3777 0.190507 0)
(1.38019 0.189043 0)
(1.38295 0.187348 0)
(1.38529 0.185841 0)
(1.38724 0.1846 0)
(1.38877 0.183395 0)
(1.38939 0.182026 0)
(1.38864 0.180277 0)
(1.38889 0.17876 0)
(1.39074 0.178135 0)
(1.39296 0.177497 0)
(1.39566 0.176556 0)
(1.39812 0.175536 0)
(1.40017 0.174609 0)
(1.40186 0.173493 0)
(1.40274 0.17188 0)
(1.40287 0.169565 0)
(1.40428 0.167727 0)
(1.4065 0.16638 0)
(1.40956 0.164392 0)
(1.4122 0.162231 0)
(1.41407 0.160793 0)
(1.4153 0.159247 0)
(1.41619 0.157307 0)
(1.41789 0.155842 0)
(1.41999 0.154595 0)
(1.42217 0.153323 0)
(1.42409 0.152365 0)
(1.42579 0.151627 0)
(1.42717 0.150899 0)
(1.42782 0.149979 0)
(1.42804 0.148689 0)
(1.42934 0.147511 0)
(1.4312 0.146466 0)
(1.43339 0.145097 0)
(1.43585 0.143355 0)
(1.43801 0.141605 0)
(1.43977 0.140062 0)
(1.44102 0.138539 0)
(1.44112 0.136748 0)
(1.44047 0.134497 0)
(1.44155 0.132717 0)
(1.44346 0.131333 0)
(1.44591 0.129525 0)
(1.44828 0.127653 0)
(1.45013 0.126319 0)
(1.45166 0.125231 0)
(1.4526 0.124127 0)
(1.45235 0.122841 0)
(1.45219 0.121433 0)
(1.4536 0.120512 0)
(1.45539 0.119672 0)
(1.45758 0.118518 0)
(1.45981 0.117224 0)
(1.4616 0.116202 0)
(1.46315 0.115297 0)
(1.46428 0.114279 0)
(1.46451 0.112907 0)
(1.46447 0.111062 0)
(1.46574 0.109494 0)
(1.46757 0.10799 0)
(1.46998 0.105978 0)
(1.23557 0.295289 0)
(1.23808 0.294522 0)
(1.24074 0.293633 0)
(1.24322 0.292721 0)
(1.24538 0.291821 0)
(1.247 0.290725 0)
(1.24779 0.289122 0)
(1.24897 0.287392 0)
(1.25129 0.286232 0)
(1.25413 0.284867 0)
(1.25694 0.283249 0)
(1.25914 0.281852 0)
(1.26058 0.28031 0)
(1.26123 0.278247 0)
(1.26298 0.276727 0)
(1.26558 0.275663 0)
(1.26847 0.274359 0)
(1.27083 0.273426 0)
(1.27275 0.272741 0)
(1.27392 0.271736 0)
(1.2752 0.270587 0)
(1.2775 0.269921 0)
(1.28019 0.268861 0)
(1.28269 0.267535 0)
(1.28485 0.265947 0)
(1.28679 0.263842 0)
(1.28865 0.261639 0)
(1.29048 0.259748 0)
(1.29233 0.258097 0)
(1.29434 0.256522 0)
(1.29661 0.255048 0)
(1.29899 0.25362 0)
(1.30125 0.25228 0)
(1.30322 0.251134 0)
(1.30478 0.250105 0)
(1.3058 0.24904 0)
(1.30708 0.248137 0)
(1.30907 0.247626 0)
(1.31125 0.247099 0)
(1.31348 0.246357 0)
(1.31559 0.245432 0)
(1.31742 0.244279 0)
(1.31885 0.242701 0)
(1.32028 0.240766 0)
(1.32234 0.239044 0)
(1.32492 0.237515 0)
(1.32781 0.235804 0)
(1.33034 0.234173 0)
(1.33236 0.232781 0)
(1.33379 0.231237 0)
(1.33472 0.229469 0)
(1.33623 0.228072 0)
(1.33834 0.227296 0)
(1.34071 0.226634 0)
(1.34314 0.225871 0)
(1.34535 0.2251 0)
(1.34732 0.224256 0)
(1.34886 0.223192 0)
(1.3495 0.221613 0)
(1.34991 0.219538 0)
(1.35165 0.217971 0)
(1.35401 0.216709 0)
(1.35676 0.215183 0)
(1.3593 0.21365 0)
(1.36142 0.212339 0)
(1.3631 0.21101 0)
(1.36384 0.209361 0)
(1.36343 0.207135 0)
(1.36421 0.205181 0)
(1.36625 0.204047 0)
(1.36879 0.202744 0)
(1.37162 0.201175 0)
(1.37389 0.199845 0)
(1.37577 0.198756 0)
(1.37718 0.197622 0)
(1.37757 0.196207 0)
(1.37694 0.194374 0)
(1.37786 0.193009 0)
(1.37984 0.192346 0)
(1.3823 0.191446 0)
(1.38525 0.190223 0)
(1.38769 0.18905 0)
(1.38969 0.188018 0)
(1.39123 0.186747 0)
(1.39183 0.184914 0)
(1.39227 0.182693 0)
(1.39398 0.181193 0)
(1.39624 0.179954 0)
(1.39921 0.178312 0)
(1.40186 0.176573 0)
(1.40377 0.175329 0)
(1.40515 0.174026 0)
(1.40567 0.172214 0)
(1.40668 0.170546 0)
(1.40855 0.169557 0)
(1.41074 0.168447 0)
(1.41295 0.167246 0)
(1.41485 0.16628 0)
(1.41651 0.165426 0)
(1.41767 0.164455 0)
(1.41784 0.163101 0)
(1.41814 0.161557 0)
(1.41974 0.1605 0)
(1.4217 0.159457 0)
(1.42405 0.15808 0)
(1.42651 0.156416 0)
(1.42859 0.154794 0)
(1.43028 0.153267 0)
(1.43139 0.151625 0)
(1.43119 0.149505 0)
(1.43062 0.147064 0)
(1.43197 0.145517 0)
(1.43395 0.14423 0)
(1.43639 0.142584 0)
(1.43849 0.141057 0)
(1.4402 0.139966 0)
(1.44159 0.138998 0)
(1.44228 0.137929 0)
(1.4418 0.136607 0)
(1.44206 0.135469 0)
(1.4436 0.134879 0)
(1.44537 0.134251 0)
(1.44754 0.133359 0)
(1.44982 0.132233 0)
(1.45171 0.131167 0)
(1.45333 0.130107 0)
(1.45454 0.128816 0)
(1.45477 0.126923 0)
(1.45469 0.12444 0)
(1.45605 0.122539 0)
(1.45801 0.120851 0)
(1.46063 0.11879 0)
(1.22967 0.303506 0)
(1.23229 0.302561 0)
(1.23461 0.301709 0)
(1.23659 0.300863 0)
(1.23791 0.299772 0)
(1.23841 0.298175 0)
(1.23964 0.296604 0)
(1.24194 0.295546 0)
(1.24476 0.294229 0)
(1.24762 0.292653 0)
(1.24989 0.291292 0)
(1.25152 0.289964 0)
(1.25207 0.288218 0)
(1.25288 0.286487 0)
(1.25506 0.28558 0)
(1.25785 0.284533 0)
(1.26077 0.2833 0)
(1.26301 0.282503 0)
(1.26475 0.28172 0)
(1.26583 0.280472 0)
(1.26754 0.279338 0)
(1.27 0.278435 0)
(1.273 0.276968 0)
(1.27556 0.275462 0)
(1.27741 0.27414 0)
(1.27871 0.272191 0)
(1.28057 0.270202 0)
(1.28306 0.268454 0)
(1.28554 0.266782 0)
(1.28766 0.265561 0)
(1.28945 0.264551 0)
(1.29086 0.263422 0)
(1.29218 0.262199 0)
(1.29383 0.261135 0)
(1.29575 0.260251 0)
(1.29782 0.259491 0)
(1.29997 0.258819 0)
(1.30209 0.258127 0)
(1.30403 0.257327 0)
(1.30561 0.256273 0)
(1.30662 0.254715 0)
(1.30775 0.252783 0)
(1.30971 0.251073 0)
(1.31223 0.249524 0)
(1.31532 0.247788 0)
(1.31824 0.246034 0)
(1.32045 0.244767 0)
(1.32216 0.243652 0)
(1.323 0.242343 0)
(1.32352 0.240935 0)
(1.3252 0.240112 0)
(1.32737 0.239627 0)
(1.32999 0.238917 0)
(1.33277 0.237966 0)
(1.3351 0.237072 0)
(1.33711 0.236167 0)
(1.33864 0.235031 0)
(1.33909 0.233362 0)
(1.33907 0.231172 0)
(1.3407 0.229622 0)
(1.34307 0.228371 0)
(1.34603 0.226739 0)
(1.34879 0.225063 0)
(1.35096 0.223771 0)
(1.35268 0.22255 0)
(1.35346 0.221069 0)
(1.35297 0.2191 0)
(1.35365 0.217455 0)
(1.35564 0.216617 0)
(1.35809 0.21558 0)
(1.3608 0.214289 0)
(1.36298 0.213191 0)
(1.36482 0.212228 0)
(1.36616 0.211121 0)
(1.36645 0.209587 0)
(1.36623 0.207602 0)
(1.36762 0.206218 0)
(1.36973 0.205245 0)
(1.37249 0.203936 0)
(1.37565 0.202341 0)
(1.37799 0.201036 0)
(1.37988 0.199989 0)
(1.38117 0.198731 0)
(1.38155 0.197027 0)
(1.38237 0.195387 0)
(1.38421 0.194467 0)
(1.38644 0.193565 0)
(1.3893 0.192311 0)
(1.39181 0.190941 0)
(1.3937 0.189864 0)
(1.39512 0.188675 0)
(1.39557 0.186942 0)
(1.39605 0.184951 0)
(1.39778 0.183716 0)
(1.39995 0.182486 0)
(1.40226 0.181077 0)
(1.40422 0.17993 0)
(1.40589 0.178992 0)
(1.4071 0.17799 0)
(1.40728 0.176628 0)
(1.40722 0.174972 0)
(1.40867 0.173863 0)
(1.4106 0.172932 0)
(1.41291 0.171689 0)
(1.41532 0.170192 0)
(1.41736 0.168722 0)
(1.41903 0.16727 0)
(1.42014 0.165629 0)
(1.42009 0.163447 0)
(1.41984 0.16093 0)
(1.42123 0.159357 0)
(1.4232 0.158129 0)
(1.42549 0.156683 0)
(1.42743 0.155454 0)
(1.42907 0.154552 0)
(1.43041 0.153715 0)
(1.43112 0.152763 0)
(1.43078 0.151507 0)
(1.43112 0.150331 0)
(1.43267 0.149706 0)
(1.43447 0.149063 0)
(1.43664 0.148165 0)
(1.43912 0.146962 0)
(1.44126 0.14565 0)
(1.44305 0.144338 0)
(1.44444 0.142824 0)
(1.44494 0.140751 0)
(1.44473 0.137964 0)
(1.44582 0.135812 0)
(1.44767 0.13434 0)
(1.45008 0.132755 0)
(1.45223 0.131421 0)
(1.22371 0.31085 0)
(1.22617 0.309842 0)
(1.22821 0.308988 0)
(1.22964 0.307981 0)
(1.23008 0.306504 0)
(1.23093 0.304935 0)
(1.23309 0.303943 0)
(1.23583 0.302757 0)
(1.23882 0.301234 0)
(1.24124 0.299908 0)
(1.24308 0.29876 0)
(1.244 0.297332 0)
(1.24437 0.295618 0)
(1.24608 0.294563 0)
(1.24853 0.293775 0)
(1.25154 0.292637 0)
(1.25412 0.291564 0)
(1.25612 0.290799 0)
(1.25751 0.289697 0)
(1.25872 0.288257 0)
(1.26079 0.287229 0)
(1.26345 0.286133 0)
(1.26652 0.284579 0)
(1.26892 0.283212 0)
(1.27064 0.281981 0)
(1.27167 0.280221 0)
(1.2733 0.278596 0)
(1.27568 0.277302 0)
(1.27833 0.275776 0)
(1.28057 0.27453 0)
(1.28237 0.27368 0)
(1.28354 0.272794 0)
(1.28414 0.271644 0)
(1.28563 0.270691 0)
(1.2878 0.269985 0)
(1.29029 0.269028 0)
(1.29275 0.267939 0)
(1.29489 0.266955 0)
(1.29662 0.265925 0)
(1.29757 0.264521 0)
(1.29799 0.262608 0)
(1.29955 0.261 0)
(1.30189 0.259698 0)
(1.30491 0.258055 0)
(1.30799 0.256225 0)
(1.31022 0.254955 0)
(1.31194 0.253984 0)
(1.31279 0.252877 0)
(1.31307 0.251621 0)
(1.31459 0.250881 0)
(1.31672 0.250453 0)
(1.31929 0.24977 0)
(1.32231 0.24877 0)
(1.32491 0.247696 0)
(1.32705 0.246706 0)
(1.32875 0.245527 0)
(1.32947 0.243868 0)
(1.32935 0.241607 0)
(1.3307 0.239843 0)
(1.33297 0.238567 0)
(1.33588 0.236938 0)
(1.3388 0.235155 0)
(1.341 0.233836 0)
(1.34274 0.232749 0)
(1.34365 0.23152 0)
(1.34329 0.229954 0)
(1.34384 0.228693 0)
(1.34574 0.228183 0)
(1.34801 0.2275 0)
(1.35051 0.226562 0)
(1.35263 0.225694 0)
(1.35446 0.224839 0)
(1.35582 0.223767 0)
(1.35619 0.222177 0)
(1.35629 0.220132 0)
(1.35785 0.218698 0)
(1.36005 0.217511 0)
(1.36296 0.215984 0)
(1.36607 0.214261 0)
(1.36826 0.213022 0)
(1.37002 0.212049 0)
(1.37108 0.210857 0)
(1.37143 0.209337 0)
(1.37266 0.208178 0)
(1.37457 0.207546 0)
(1.37688 0.206757 0)
(1.37972 0.205632 0)
(1.38212 0.204414 0)
(1.38401 0.203355 0)
(1.38542 0.202105 0)
(1.3858 0.200276 0)
(1.38601 0.198051 0)
(1.38763 0.196611 0)
(1.38977 0.195287 0)
(1.3921 0.193746 0)
(1.39407 0.192457 0)
(1.3957 0.191418 0)
(1.39686 0.19034 0)
(1.39691 0.188906 0)
(1.39667 0.187188 0)
(1.39808 0.18611 0)
(1.40002 0.185249 0)
(1.40235 0.184057 0)
(1.40464 0.182705 0)
(1.40654 0.181469 0)
(1.40808 0.180207 0)
(1.40897 0.178692 0)
(1.40873 0.17662 0)
(1.40893 0.17448 0)
(1.41051 0.17323 0)
(1.41255 0.172034 0)
(1.41497 0.170546 0)
(1.417 0.16922 0)
(1.41867 0.168221 0)
(1.42 0.167269 0)
(1.42058 0.166133 0)
(1.42033 0.164666 0)
(1.42114 0.163483 0)
(1.4228 0.162837 0)
(1.42475 0.162079 0)
(1.42718 0.161071 0)
(1.42978 0.159821 0)
(1.43184 0.158602 0)
(1.43354 0.157405 0)
(1.43479 0.155995 0)
(1.43504 0.154061 0)
(1.43454 0.151543 0)
(1.43557 0.149828 0)
(1.43733 0.14876 0)
(1.43967 0.147488 0)
(1.4417 0.146355 0)
(1.44328 0.145645 0)
(1.21791 0.317013 0)
(1.22013 0.316052 0)
(1.22186 0.315108 0)
(1.2227 0.313798 0)
(1.22324 0.312177 0)
(1.22508 0.311111 0)
(1.2276 0.310141 0)
(1.23054 0.308836 0)
(1.23303 0.307637 0)
(1.23497 0.306713 0)
(1.2362 0.305612 0)
(1.23669 0.304163 0)
(1.23811 0.30309 0)
(1.24034 0.302439 0)
(1.24312 0.301479 0)
(1.24583 0.300346 0)
(1.24791 0.299481 0)
(1.24944 0.298428 0)
(1.25049 0.296914 0)
(1.25225 0.295674 0)
(1.25465 0.294704 0)
(1.25764 0.293402 0)
(1.26038 0.291996 0)
(1.2624 0.29096 0)
(1.26374 0.28967 0)
(1.26467 0.287954 0)
(1.26652 0.286707 0)
(1.26891 0.285589 0)
(1.27145 0.284277 0)
(1.27357 0.283211 0)
(1.27526 0.282333 0)
(1.27621 0.28123 0)
(1.27681 0.279847 0)
(1.27854 0.278888 0)
(1.28082 0.278006 0)
(1.28339 0.276812 0)
(1.28572 0.275624 0)
(1.28765 0.274574 0)
(1.28897 0.273342 0)
(1.2894 0.271596 0)
(1.29039 0.269852 0)
(1.29248 0.26867 0)
(1.29513 0.267304 0)
(1.2981 0.265642 0)
(1.30037 0.264326 0)
(1.30215 0.263375 0)
(1.30321 0.262341 0)
(1.30351 0.261066 0)
(1.30475 0.260142 0)
(1.3068 0.259645 0)
(1.30925 0.258963 0)
(1.31227 0.257986 0)
(1.31508 0.256843 0)
(1.31729 0.255851 0)
(1.3191 0.254758 0)
(1.32008 0.253268 0)
(1.32008 0.25119 0)
(1.32115 0.249407 0)
(1.32326 0.248239 0)
(1.32594 0.246822 0)
(1.32882 0.245188 0)
(1.331 0.24395 0)
(1.33274 0.243021 0)
(1.3338 0.242033 0)
(1.33364 0.240764 0)
(1.33401 0.239651 0)
(1.33583 0.239225 0)
(1.33804 0.238666 0)
(1.34059 0.237792 0)
(1.34283 0.236908 0)
(1.34475 0.23606 0)
(1.34624 0.234997 0)
(1.34681 0.233421 0)
(1.34709 0.231394 0)
)
;

boundaryField
{
    inlet
    {
        type            fixedValue;
        value           nonuniform 0();
    }
    outlet
    {
        type            inletOutlet;
        inletValue      nonuniform 0();
        value           nonuniform 0();
    }
    bottom
    {
        type            symmetryPlane;
    }
    top
    {
        type            symmetryPlane;
    }
    obstacle
    {
        type            slip;
    }
    front
    {
        type            empty;
    }
    back
    {
        type            empty;
    }
    procBoundary14to6
    {
        type            processor;
        value           nonuniform List<vector> 
133
(
(1.55094 0.0142613 0)
(1.55361 0.0101823 0)
(1.55545 0.00677757 0)
(1.55714 0.00602712 0)
(1.55926 0.00387655 0)
(1.56166 -0.000656583 0)
(1.56301 -0.00411879 0)
(1.56411 -0.00526695 0)
(1.56522 -0.00787857 0)
(1.56764 -0.012223 0)
(1.56914 -0.0150095 0)
(1.57062 -0.0161643 0)
(1.57307 -0.0190829 0)
(1.57496 -0.0232185 0)
(1.57618 -0.024893 0)
(1.57731 -0.0272802 0)
(1.57924 -0.0316623 0)
(1.58037 -0.034108 0)
(1.58155 -0.0357807 0)
(1.58389 -0.0386681 0)
(1.58594 -0.0426295 0)
(1.58732 -0.0441917 0)
(1.58869 -0.0459261 0)
(1.59072 -0.0501442 0)
(1.59172 -0.053358 0)
(1.59241 -0.0549191 0)
(1.59425 -0.0577017 0)
(1.59637 -0.0612427 0)
(1.59754 -0.0626607 0)
(1.59947 -0.0648323 0)
(1.60158 -0.0686745 0)
(1.60263 -0.0711814 0)
(1.60306 -0.0726438 0)
(1.60434 -0.0760639 0)
(1.6059 -0.0798542 0)
(1.6068 -0.0810817 0)
(1.60853 -0.0829445 0)
(1.61078 -0.0862021 0)
(1.612 -0.089045 0)
(1.61275 -0.0900076 0)
(1.61407 -0.0935593 0)
(1.61466 -0.0969617 0)
(1.61484 -0.0985849 0)
(1.61678 -0.101021 0)
(1.61843 -0.103762 0)
(1.61953 -0.105043 0)
(1.62145 -0.107854 0)
(1.62235 -0.110837 0)
(1.62248 -0.112265 0)
(1.62284 -0.115217 0)
(1.62421 -0.118696 0)
(1.62495 -0.119801 0)
(1.62666 -0.12159 0)
(1.6285 -0.124683 0)
(1.62935 -0.126763 0)
(1.62982 -0.12776 0)
(1.63065 -0.131482 0)
(1.63088 -0.134109 0)
(1.63121 -0.135407 0)
(1.633 -0.137392 0)
(1.63458 -0.140337 0)
(1.63552 -0.141518 0)
(1.63681 -0.14302 0)
(1.63792 -0.14648 0)
(1.63803 -0.14856 0)
(1.63791 -0.150346 0)
(1.63918 -0.152834 0)
(1.6406 -0.155314 0)
(1.64136 -0.156563 0)
(1.64324 -0.158578 0)
(1.64479 -0.16165 0)
(1.64555 -0.163506 0)
(1.64591 -0.164882 0)
(1.6467 -0.168372 0)
(1.64717 -0.170875 0)
(1.64763 -0.172327 0)
(1.64922 -0.174296 0)
(1.65098 -0.176755 0)
(1.65204 -0.178897 0)
(1.65313 -0.179995 0)
(1.65453 -0.18251 0)
(1.65481 -0.18499 0)
(1.65438 -0.186701 0)
(1.65437 -0.189045 0)
(1.65563 -0.190665 0)
(1.65697 -0.192506 0)
(1.65812 -0.194253 0)
(1.6593 -0.195671 0)
(1.66056 -0.197625 0)
(1.66109 -0.199535 0)
(1.66093 -0.201281 0)
(1.66002 -0.20389 0)
(1.66069 -0.205997 0)
(1.66203 -0.207635 0)
(1.66276 -0.20905 0)
(1.44125 0.143647 0)
(1.44357 0.139615 0)
(1.44514 0.13716 0)
(1.44703 0.134307 0)
(1.45046 0.131101 0)
(1.45393 0.127459 0)
(1.45658 0.126076 0)
(1.45922 0.124121 0)
(1.46214 0.119535 0)
(1.46413 0.11601 0)
(1.46577 0.114125 0)
(1.46811 0.11138 0)
(1.47153 0.107815 0)
(1.47446 0.104302 0)
(1.4768 0.103129 0)
(1.47904 0.100772 0)
(1.48191 0.0959631 0)
(1.48394 0.0925994 0)
(1.48568 0.0910185 0)
(1.48799 0.0883196 0)
(1.49126 0.0844438 0)
(1.49384 0.0808909 0)
(1.49594 0.0797718 0)
(1.49797 0.0774622 0)
(1.50084 0.0728198 0)
(1.50286 0.0692272 0)
(1.50456 0.0678983 0)
(1.50656 0.0654633 0)
(1.50966 0.0616 0)
(1.51201 0.0578949 0)
(1.51392 0.0569088 0)
(1.51587 0.0548366 0)
(1.51862 0.0504349 0)
(1.52044 0.0469456 0)
(1.52192 0.0457568 0)
(1.52371 0.0433483 0)
(1.52655 0.0393661 0)
(1.52655 0.0393661 0)
)
;
    }
    procBoundary14to7
    {
        type            processor;
        value           uniform (1.64949 -0.182577 0);
    }
    procBoundary14to13
    {
        type            processor;
        value           nonuniform List<vector> 
14
(
(1.41505 0.160763 0)
(1.39256 0.174847 0)
(1.37443 0.187809 0)
(1.35644 0.199823 0)
(1.33826 0.209685 0)
(1.32364 0.219716 0)
(1.31054 0.229615 0)
(1.29731 0.238489 0)
(1.28451 0.246431 0)
(1.27397 0.255057 0)
(1.26487 0.263419 0)
(1.25667 0.271582 0)
(1.24897 0.27999 0)
(1.2413 0.288364 0)
)
;
    }
    procBoundary14to15
    {
        type            processor;
        value           nonuniform List<vector> 
17
(
(1.63398 -0.15487 0)
(1.61725 -0.127835 0)
(1.60408 -0.103515 0)
(1.59141 -0.0809343 0)
(1.57734 -0.0573986 0)
(1.56222 -0.0357386 0)
(1.54973 -0.0164428 0)
(1.53835 0.00225088 0)
(1.52646 0.0215764 0)
(1.51529 0.0401881 0)
(1.50414 0.0582837 0)
(1.49309 0.0748403 0)
(1.48258 0.0898741 0)
(1.47268 0.103545 0)
(1.46316 0.116652 0)
(1.45383 0.130737 0)
(1.44458 0.144909 0)
)
;
    }
    procBoundary14to21
    {
        type            processor;
        value           nonuniform List<vector> 4((1.2335 0.296289 0) (1.22709 0.304366 0) (1.22092 0.311967 0) (1.21521 0.318184 0));
    }
    procBoundary14to22
    {
        type            processor;
        value           nonuniform List<vector> 
133
(
(1.34867 0.229953 0)
(1.35085 0.228765 0)
(1.35374 0.227273 0)
(1.35674 0.225622 0)
(1.35884 0.224471 0)
(1.3605 0.223521 0)
(1.36144 0.222294 0)
(1.36192 0.220775 0)
(1.3634 0.219765 0)
(1.3654 0.219114 0)
(1.36786 0.218249 0)
(1.37068 0.217119 0)
(1.37291 0.216054 0)
(1.37474 0.215094 0)
(1.37606 0.213919 0)
(1.37629 0.212223 0)
(1.37626 0.210135 0)
(1.37774 0.208768 0)
(1.37975 0.207559 0)
(1.38199 0.206066 0)
(1.38394 0.204676 0)
(1.38553 0.203481 0)
(1.38662 0.202231 0)
(1.38656 0.200582 0)
(1.38636 0.19871 0)
(1.38784 0.197638 0)
(1.38984 0.196758 0)
(1.39217 0.195572 0)
(1.39424 0.194413 0)
(1.39598 0.19341 0)
(1.39735 0.192322 0)
(1.39795 0.190926 0)
(1.39777 0.189051 0)
(1.39859 0.187415 0)
(1.40029 0.186383 0)
(1.40242 0.185168 0)
(1.40501 0.183578 0)
(1.40718 0.182013 0)
(1.40889 0.180759 0)
(1.41016 0.179537 0)
(1.41058 0.178081 0)
(1.41056 0.176462 0)
(1.41177 0.175476 0)
(1.4135 0.174935 0)
(1.41555 0.174284 0)
(1.41813 0.173461 0)
(1.42056 0.172509 0)
(1.42243 0.171667 0)
(1.42402 0.17076 0)
(1.42517 0.169623 0)
(1.42525 0.168006 0)
(1.42439 0.165738 0)
(1.42527 0.16407 0)
(1.42704 0.162915 0)
(1.42953 0.161262 0)
(1.43182 0.159505 0)
(1.43344 0.158335 0)
(1.43462 0.15718 0)
(1.21226 0.322652 0)
(1.21419 0.321722 0)
(1.21545 0.320536 0)
(1.2161 0.318918 0)
(1.2177 0.317691 0)
(1.22006 0.316808 0)
(1.22286 0.315669 0)
(1.22532 0.314623 0)
(1.22724 0.313873 0)
(1.22859 0.312974 0)
(1.22933 0.311749 0)
(1.23083 0.310797 0)
(1.23301 0.310192 0)
(1.23567 0.309296 0)
(1.23833 0.308172 0)
(1.24042 0.307211 0)
(1.24196 0.306096 0)
(1.24289 0.304501 0)
(1.2444 0.303074 0)
(1.24666 0.302094 0)
(1.24951 0.300906 0)
(1.25239 0.29954 0)
(1.25452 0.298543 0)
(1.25608 0.297536 0)
(1.25687 0.296074 0)
(1.25814 0.29472 0)
(1.26024 0.293851 0)
(1.26273 0.29279 0)
(1.26511 0.291664 0)
(1.26706 0.290782 0)
(1.26853 0.289877 0)
(1.26915 0.288563 0)
(1.26992 0.287045 0)
(1.27186 0.286004 0)
(1.27432 0.284785 0)
(1.2769 0.283325 0)
(1.279 0.282132 0)
(1.28061 0.281056 0)
(1.28137 0.279658 0)
(1.2819 0.278011 0)
(1.28364 0.276935 0)
(1.28593 0.275953 0)
(1.28862 0.274649 0)
(1.29094 0.27341 0)
(1.29278 0.272468 0)
(1.2941 0.271484 0)
(1.29457 0.270176 0)
(1.29541 0.268897 0)
(1.2973 0.268146 0)
(1.29962 0.267348 0)
(1.30257 0.266293 0)
(1.30555 0.265056 0)
(1.3078 0.264076 0)
(1.30964 0.263155 0)
(1.31077 0.261929 0)
(1.31097 0.260208 0)
(1.31192 0.258657 0)
(1.31389 0.257699 0)
(1.31633 0.256566 0)
(1.3191 0.255154 0)
(1.32135 0.253917 0)
(1.32315 0.252959 0)
(1.32442 0.251948 0)
(1.32458 0.250592 0)
(1.32474 0.249137 0)
(1.32646 0.248404 0)
(1.32867 0.247725 0)
(1.33142 0.246752 0)
(1.33392 0.245757 0)
(1.33594 0.245018 0)
(1.3376 0.244219 0)
(1.33852 0.243101 0)
(1.33861 0.241513 0)
(1.34867 0.229953 0)
(1.33972 0.240186 0)
)
;
    }
}


// ************************************************************************* //
