/*--------------------------------*- C++ -*----------------------------------*\
  =========                 |
  \\      /  F ield         | OpenFOAM: The Open Source CFD Toolbox
   \\    /   O peration     | Website:  https://openfoam.org
    \\  /    A nd           | Version:  7
     \\/     M anipulation  |
\*---------------------------------------------------------------------------*/
FoamFile
{
    version     2.0;
    format      ascii;
    class       volVectorField;
    location    "15.5";
    object      U;
}
// * * * * * * * * * * * * * * * * * * * * * * * * * * * * * * * * * * * * * //

dimensions      [0 1 -1 0 0 0 0];

internalField   nonuniform List<vector> 
2413
(
(1.98263 0.0134194 0)
(1.9828 0.0141469 0)
(1.9829 0.0144911 0)
(1.98307 0.0152436 0)
(1.98323 0.0161361 0)
(1.98337 0.0165787 0)
(1.98362 0.0171399 0)
(1.98382 0.0177472 0)
(1.98407 0.0180091 0)
(1.98438 0.0183016 0)
(1.9848 0.0188773 0)
(1.98529 0.0191898 0)
(1.98569 0.0197971 0)
(1.98585 0.0203974 0)
(1.98635 0.0212788 0)
(1.98682 0.0218418 0)
(1.98739 0.0226858 0)
(1.9875 0.0234049 0)
(1.98822 0.0242391 0)
(1.98896 0.0249127 0)
(1.98918 0.0257808 0)
(1.99008 0.0267743 0)
(1.99123 0.0276668 0)
(1.99191 0.0285526 0)
(1.99286 0.0293235 0)
(1.99374 0.0299501 0)
(1.99423 0.0308086 0)
(1.99434 0.0319896 0)
(1.99467 0.0326162 0)
(1.99503 0.0329777 0)
(1.99473 0.0338868 0)
(1.99439 0.0349059 0)
(1.99398 0.0356247 0)
(1.99318 0.0359855 0)
(1.99198 0.0362641 0)
(1.99007 0.0370745 0)
(1.98701 0.0376702 0)
(1.98193 0.037371 0)
(1.97398 0.0380646 0)
(1.96331 0.0400411 0)
(1.9521 0.0402031 0)
(1.94491 0.0405432 0)
(1.94366 0.0420855 0)
(1.94389 0.0435454 0)
(1.94502 0.0447857 0)
(1.94674 0.046496 0)
(1.94778 0.0474979 0)
(1.94991 0.0480327 0)
(1.95294 0.048739 0)
(1.9566 0.0497078 0)
(1.96061 0.0508701 0)
(1.96487 0.0516183 0)
(1.96938 0.0518472 0)
(1.97385 0.0523797 0)
(1.97823 0.0537537 0)
(1.98194 0.0551638 0)
(1.98532 0.0557788 0)
(1.98897 0.0553208 0)
(1.92711 -0.00710619 0)
(1.92983 -0.00962382 0)
(1.93221 -0.0117446 0)
(1.93498 -0.0112268 0)
(1.93756 -0.010696 0)
(1.94057 -0.012244 0)
(1.94328 -0.0136787 0)
(1.9463 -0.0133291 0)
(1.94905 -0.0129403 0)
(1.95162 -0.0142921 0)
(1.95372 -0.0155464 0)
(1.95593 -0.0150336 0)
(1.95787 -0.0145069 0)
(1.95975 -0.0157182 0)
(1.96156 -0.0168038 0)
(1.96396 -0.016272 0)
(1.96637 -0.0156197 0)
(1.96905 -0.0161252 0)
(1.97153 -0.0167715 0)
(1.974 -0.0166977 0)
(1.97624 -0.0162605 0)
(1.97809 -0.0164122 0)
(1.97966 -0.0171392 0)
(1.98104 -0.0175909 0)
(1.98237 -0.0172702 0)
(1.98378 -0.0169277 0)
(1.98563 -0.0170537 0)
(1.98777 -0.01743 0)
(1.98998 -0.0175266 0)
(1.99217 -0.0172649 0)
(1.99405 -0.0170263 0)
(1.99569 -0.0170382 0)
(1.99718 -0.0167225 0)
(1.99892 -0.0161531 0)
(2.00014 -0.0159498 0)
(2.00101 -0.0153396 0)
(2.00189 -0.0148511 0)
(2.00248 -0.0135596 0)
(2.00277 -0.0117544 0)
(2.00315 -0.0108314 0)
(2.00238 -0.00892437 0)
(2.00111 -0.00725702 0)
(1.99921 -0.00669982 0)
(1.99556 -0.00398071 0)
(1.99219 0.0001412 0)
(1.98958 0.000971207 0)
(1.98765 0.00102785 0)
(1.98582 0.00277373 0)
(1.98498 0.00462089 0)
(1.98463 0.0053389 0)
(1.98451 0.00539428 0)
(1.98465 0.00538566 0)
(1.9848 0.00547792 0)
(1.98491 0.00555155 0)
(1.98497 0.00573755 0)
(1.98491 0.00604163 0)
(1.98474 0.0063471 0)
(1.98451 0.00669368 0)
(1.98418 0.00706786 0)
(1.98381 0.00757518 0)
(1.98349 0.00812281 0)
(1.98333 0.00832984 0)
(1.9833 0.00804549 0)
(1.98318 0.00785169 0)
(1.98315 0.00841812 0)
(1.98311 0.00926747 0)
(1.98307 0.00956546 0)
(1.98294 0.00952862 0)
(1.98282 0.0101995 0)
(1.98272 0.0113784 0)
(1.9827 0.0118601 0)
(1.98284 0.0119684 0)
(1.98312 0.0125631 0)
(1.98324 0.013326 0)
(1.9833 0.0138965 0)
(1.98357 0.0145007 0)
(1.98378 0.0150135 0)
(1.98402 0.0158028 0)
(1.98422 0.0164648 0)
(1.98439 0.0166858 0)
(1.98468 0.0172013 0)
(1.98496 0.0177234 0)
(1.98531 0.0178663 0)
(1.98575 0.0181567 0)
(1.98634 0.0186466 0)
(1.98677 0.0190929 0)
(1.9871 0.0197358 0)
(1.98735 0.0203769 0)
(1.988 0.0210581 0)
(1.98858 0.0215952 0)
(1.98894 0.0223603 0)
(1.98921 0.0232116 0)
(1.99003 0.0238739 0)
(1.99084 0.0246523 0)
(1.99112 0.0256114 0)
(1.99218 0.0265003 0)
(1.99334 0.0274045 0)
(1.99406 0.0279394 0)
(1.99524 0.0285624 0)
(1.99603 0.0291972 0)
(1.99627 0.0301302 0)
(1.99638 0.0311523 0)
(1.99666 0.0316703 0)
(1.99674 0.0321596 0)
(1.99636 0.0330268 0)
(1.99593 0.0339169 0)
(1.99532 0.0345533 0)
(1.99431 0.0347451 0)
(1.99295 0.034874 0)
(1.99094 0.0356804 0)
(1.9879 0.0364899 0)
(1.98302 0.0362116 0)
(1.97551 0.0364151 0)
(1.96505 0.0389429 0)
(1.95412 0.0403591 0)
(1.94701 0.0404358 0)
(1.94571 0.0414402 0)
(1.94614 0.0426527 0)
(1.94682 0.0438031 0)
(1.94849 0.0451755 0)
(1.94961 0.0467308 0)
(1.95131 0.0474681 0)
(1.95406 0.0482917 0)
(1.95755 0.0495086 0)
(1.96143 0.0504592 0)
(1.96591 0.0502172 0)
(1.97047 0.0496037 0)
(1.97475 0.0500301 0)
(1.97912 0.051692 0)
(1.98267 0.0532181 0)
(1.98614 0.053765 0)
(1.98991 0.0532611 0)
(1.92554 -0.00628057 0)
(1.92843 -0.00888139 0)
(1.93102 -0.0110276 0)
(1.9339 -0.0105811 0)
(1.93656 -0.0102252 0)
(1.93972 -0.012134 0)
(1.94244 -0.0140252 0)
(1.94536 -0.0138887 0)
(1.94799 -0.0135093 0)
(1.95062 -0.015106 0)
(1.95276 -0.01686 0)
(1.95501 -0.0166023 0)
(1.95707 -0.0160639 0)
(1.95915 -0.0174208 0)
(1.96109 -0.0188103 0)
(1.96357 -0.0184806 0)
(1.96606 -0.017865 0)
(1.96885 -0.0185402 0)
(1.9714 -0.0195157 0)
(1.97389 -0.019591 0)
(1.97616 -0.0191603 0)
(1.9781 -0.0194419 0)
(1.97977 -0.0205048 0)
(1.98116 -0.0212512 0)
(1.98269 -0.0209935 0)
(1.98437 -0.0205848 0)
(1.98646 -0.0207326 0)
(1.98866 -0.0211094 0)
(1.99088 -0.021239 0)
(1.99317 -0.0209448 0)
(1.99517 -0.0204785 0)
(1.99699 -0.0204013 0)
(1.99872 -0.0205212 0)
(2.00034 -0.0202061 0)
(2.0019 -0.0197406 0)
(2.00314 -0.0193062 0)
(2.00391 -0.0186481 0)
(2.00486 -0.0178408 0)
(2.00513 -0.0162252 0)
(2.00563 -0.015296 0)
(2.00566 -0.014296 0)
(2.00472 -0.0125131 0)
(2.0033 -0.0116335 0)
(2.00057 -0.00966849 0)
(1.99721 -0.00555988 0)
(1.99435 -0.00356347 0)
(1.99168 -0.00326685 0)
(1.98913 -0.000799126 0)
(1.98742 0.00234199 0)
(1.98673 0.00371262 0)
(1.98644 0.00389053 0)
(1.98648 0.00385821 0)
(1.98654 0.0040817 0)
(1.98625 0.00452898 0)
(1.98589 0.00472976 0)
(1.98555 0.00501283 0)
(1.98529 0.00559386 0)
(1.98468 0.00626808 0)
(1.98418 0.00693239 0)
(1.98369 0.00759681 0)
(1.98328 0.00821124 0)
(1.98308 0.00853776 0)
(1.983 0.00854552 0)
(1.98287 0.00862233 0)
(1.98279 0.00922218 0)
(1.98276 0.00992599 0)
(1.98277 0.0101565 0)
(1.98273 0.0104217 0)
(1.98284 0.0113401 0)
(1.98289 0.0121585 0)
(1.9831 0.0122949 0)
(1.98337 0.012434 0)
(1.98369 0.0131637 0)
(1.98383 0.0138651 0)
(1.98401 0.0142644 0)
(1.98434 0.0147913 0)
(1.98461 0.0154139 0)
(1.98486 0.0160097 0)
(1.98516 0.0164056 0)
(1.98542 0.0165913 0)
(1.98573 0.0170095 0)
(1.98612 0.0174451 0)
(1.98652 0.0175885 0)
(1.98702 0.0179732 0)
(1.98759 0.0184931 0)
(1.98808 0.0190535 0)
(1.98835 0.019562 0)
(1.98885 0.0201843 0)
(1.98961 0.0207155 0)
(1.99026 0.021397 0)
(1.99047 0.0220974 0)
(1.99114 0.0229262 0)
(1.9919 0.0234947 0)
(1.99269 0.0244279 0)
(1.99304 0.0251883 0)
(1.99422 0.0259652 0)
(1.99522 0.0267052 0)
(1.99614 0.027222 0)
(1.99727 0.0277834 0)
(1.99788 0.0284663 0)
(1.99808 0.0293693 0)
(1.9981 0.0303138 0)
(1.99826 0.0308955 0)
(1.99814 0.0313965 0)
(1.99772 0.0320873 0)
(1.99713 0.0328411 0)
(1.99632 0.0334184 0)
(1.99514 0.033468 0)
(1.99368 0.0334593 0)
(1.99162 0.034327 0)
(1.98876 0.0353895 0)
(1.98428 0.0350427 0)
(1.97727 0.0351033 0)
(1.96704 0.0382895 0)
(1.95635 0.040192 0)
(1.94925 0.0401561 0)
(1.94779 0.0412457 0)
(1.9482 0.0420515 0)
(1.94854 0.0426912 0)
(1.94979 0.0438259 0)
(1.95112 0.0459785 0)
(1.95242 0.0470993 0)
(1.95492 0.0479902 0)
(1.95829 0.0491202 0)
(1.96231 0.0495533 0)
(1.96707 0.0485858 0)
(1.97151 0.0475338 0)
(1.97569 0.0480636 0)
(1.97986 0.0498731 0)
(1.98324 0.0513383 0)
(1.98685 0.0516037 0)
(1.99065 0.0510645 0)
(1.9243 -0.00570995 0)
(1.92739 -0.00836546 0)
(1.93007 -0.0105142 0)
(1.933 -0.010052 0)
(1.93561 -0.00967832 0)
(1.93867 -0.0119284 0)
(1.94128 -0.0142239 0)
(1.94412 -0.0140829 0)
(1.94669 -0.0135454 0)
(1.94945 -0.0153175 0)
(1.9517 -0.0175376 0)
(1.95404 -0.0175478 0)
(1.95616 -0.0170083 0)
(1.95845 -0.0183948 0)
(1.9606 -0.0201375 0)
(1.96317 -0.0200824 0)
(1.96563 -0.019535 0)
(1.96842 -0.0204523 0)
(1.97092 -0.0217757 0)
(1.97338 -0.022051 0)
(1.97565 -0.0217923 0)
(1.97769 -0.0223455 0)
(1.97948 -0.0235989 0)
(1.98094 -0.0243462 0)
(1.9825 -0.0240518 0)
(1.98427 -0.0235272 0)
(1.98639 -0.0234672 0)
(1.98858 -0.0237463 0)
(1.99074 -0.0238204 0)
(1.99306 -0.0234838 0)
(1.99518 -0.0229292 0)
(1.99708 -0.0227295 0)
(1.9989 -0.022942 0)
(2.00064 -0.02295 0)
(2.00228 -0.0224235 0)
(2.00377 -0.0219603 0)
(2.00492 -0.0214752 0)
(2.00599 -0.0210334 0)
(2.00684 -0.0201743 0)
(2.00719 -0.0190113 0)
(2.00772 -0.0182707 0)
(2.00718 -0.0166177 0)
(2.00642 -0.0153382 0)
(2.00483 -0.0141329 0)
(2.00179 -0.010316 0)
(1.99913 -0.00723254 0)
(1.99643 -0.00695399 0)
(1.99291 -0.00378777 0)
(1.98993 0.0013435 0)
(1.98851 0.00336153 0)
(1.98745 0.00336224 0)
(1.98716 0.00320986 0)
(1.98713 0.00360548 0)
(1.98683 0.00437915 0)
(1.98643 0.00479221 0)
(1.98595 0.00527907 0)
(1.98567 0.00613978 0)
(1.98504 0.00703591 0)
(1.98439 0.00753384 0)
(1.98375 0.00804879 0)
(1.98326 0.00866418 0)
(1.98292 0.00915475 0)
(1.98274 0.00947585 0)
(1.98256 0.00970598 0)
(1.98246 0.0101649 0)
(1.98251 0.0106082 0)
(1.98263 0.0108488 0)
(1.98283 0.0113298 0)
(1.98305 0.0121402 0)
(1.98327 0.0126207 0)
(1.98361 0.0126509 0)
(1.98392 0.0129245 0)
(1.98423 0.0137409 0)
(1.9844 0.0143083 0)
(1.98463 0.0145545 0)
(1.98501 0.0150136 0)
(1.98539 0.0155911 0)
(1.98574 0.0159641 0)
(1.98613 0.0161293 0)
(1.98645 0.0163032 0)
(1.98684 0.0166897 0)
(1.98727 0.017175 0)
(1.98762 0.0174387 0)
(1.98811 0.0178979 0)
(1.98873 0.0183738 0)
(1.9893 0.0189313 0)
(1.98966 0.01938 0)
(1.99029 0.0199428 0)
(1.99114 0.0203975 0)
(1.99181 0.0210428 0)
(1.9922 0.0217307 0)
(1.99304 0.0223883 0)
(1.99384 0.0230909 0)
(1.99436 0.023904 0)
(1.99489 0.0245453 0)
(1.99611 0.0253714 0)
(1.99705 0.0260054 0)
(1.99805 0.0265435 0)
(1.99905 0.0270619 0)
(1.99944 0.0277513 0)
(1.99959 0.0285634 0)
(1.99951 0.0294566 0)
(1.99953 0.0301346 0)
(1.99931 0.0305825 0)
(1.99881 0.0311213 0)
(1.99807 0.0318361 0)
(1.99709 0.0323699 0)
(1.99575 0.032295 0)
(1.99422 0.0321667 0)
(1.9922 0.0330484 0)
(1.98961 0.0341873 0)
(1.9856 0.0339194 0)
(1.97914 0.0340432 0)
(1.96933 0.0375704 0)
(1.95886 0.0399743 0)
(1.95168 0.0398289 0)
(1.9497 0.0406584 0)
(1.94972 0.0411135 0)
(1.95012 0.0418606 0)
(1.9512 0.0431922 0)
(1.95234 0.0454312 0)
(1.95349 0.0466764 0)
(1.95581 0.047434 0)
(1.95915 0.0482905 0)
(1.96338 0.0483195 0)
(1.96825 0.0469991 0)
(1.97252 0.0458401 0)
(1.97667 0.046598 0)
(1.98048 0.0484498 0)
(1.98375 0.0495627 0)
(1.98746 0.0493748 0)
(1.99109 0.0487926 0)
(1.92271 -0.00423926 0)
(1.92576 -0.00678112 0)
(1.92832 -0.00890022 0)
(1.93101 -0.00850406 0)
(1.93345 -0.00834903 0)
(1.93663 -0.0110443 0)
(1.93929 -0.0138323 0)
(1.94215 -0.0139025 0)
(1.94483 -0.0134791 0)
(1.94774 -0.0153674 0)
(1.95013 -0.0179877 0)
(1.95258 -0.0182077 0)
(1.95476 -0.0175007 0)
(1.95726 -0.0191476 0)
(1.95956 -0.0212287 0)
(1.96233 -0.0212795 0)
(1.96515 -0.0206704 0)
(1.96809 -0.0216463 0)
(1.97055 -0.0232428 0)
(1.97285 -0.0235608 0)
(1.97501 -0.0233316 0)
(1.97709 -0.0242243 0)
(1.97898 -0.0255333 0)
(1.98073 -0.025996 0)
(1.98253 -0.0259326 0)
(1.98453 -0.0258667 0)
(1.98678 -0.0259207 0)
(1.98916 -0.0263421 0)
(1.99127 -0.0266152 0)
(1.99354 -0.0263962 0)
(1.99574 -0.0258828 0)
(1.9978 -0.0258159 0)
(1.9997 -0.0262883 0)
(2.00153 -0.0264736 0)
(2.0034 -0.0260308 0)
(2.00476 -0.0255089 0)
(2.00619 -0.0252555 0)
(2.00744 -0.0250802 0)
(2.0087 -0.0247181 0)
(2.00958 -0.0238709 0)
(2.01001 -0.0228972 0)
(2.01015 -0.0217126 0)
(2.00982 -0.0202529 0)
(2.00914 -0.0193985 0)
(2.00725 -0.0169347 0)
(2.00503 -0.0134944 0)
(2.0025 -0.0123878 0)
(1.99901 -0.00950208 0)
(1.99481 -0.00315433 0)
(1.99232 -0.000169777 0)
(1.99049 5.2908e-05 0)
(1.98935 0.000781639 0)
(1.98855 0.0020758 0)
(1.98766 0.0034659 0)
(1.98687 0.00430952 0)
(1.98601 0.00492436 0)
(1.98569 0.00584048 0)
(1.98518 0.00680982 0)
(1.98456 0.00714626 0)
(1.98394 0.00766727 0)
(1.9834 0.00839456 0)
(1.98286 0.008839 0)
(1.98241 0.00934491 0)
(1.9823 0.0101409 0)
(1.98236 0.0108143 0)
(1.98248 0.0111423 0)
(1.98274 0.0114179 0)
(1.98311 0.0120073 0)
(1.98342 0.0127027 0)
(1.98376 0.0129852 0)
(1.98413 0.0130266 0)
(1.98449 0.0134808 0)
(1.9848 0.0142785 0)
(1.98503 0.0146822 0)
(1.98535 0.0147542 0)
(1.98577 0.0150196 0)
(1.98625 0.0154065 0)
(1.98669 0.0156671 0)
(1.98712 0.0158057 0)
(1.98744 0.0160243 0)
(1.98785 0.0164687 0)
(1.98831 0.0170201 0)
(1.98869 0.0172955 0)
(1.98923 0.0177142 0)
(1.98992 0.0181277 0)
(1.99058 0.0186507 0)
(1.99106 0.0191212 0)
(1.99173 0.019664 0)
(1.99264 0.0200831 0)
(1.99336 0.020652 0)
(1.99394 0.0212835 0)
(1.99482 0.0218283 0)
(1.9956 0.0226299 0)
(1.99595 0.0231847 0)
(1.99677 0.02385 0)
(1.99791 0.0247572 0)
(1.99875 0.0252545 0)
(1.99966 0.0257858 0)
(2.00045 0.0262569 0)
(2.00061 0.0269486 0)
(2.00075 0.0277001 0)
(2.00064 0.028554 0)
(2.00047 0.0292705 0)
(2.00014 0.0295987 0)
(1.99954 0.0299928 0)
(1.99866 0.0306746 0)
(1.99754 0.0312686 0)
(1.99613 0.0311806 0)
(1.99461 0.030999 0)
(1.99275 0.0318364 0)
(1.99049 0.0330039 0)
(1.98698 0.0329935 0)
(1.98115 0.0332118 0)
(1.97196 0.0367081 0)
(1.96168 0.0396112 0)
(1.95422 0.0393759 0)
(1.95127 0.0398581 0)
(1.95128 0.0405637 0)
(1.95181 0.0414213 0)
(1.95246 0.0428486 0)
(1.95358 0.0448801 0)
(1.95474 0.0460715 0)
(1.95685 0.0466127 0)
(1.96006 0.0472205 0)
(1.96432 0.0469647 0)
(1.96909 0.0454678 0)
(1.97324 0.0444596 0)
(1.97747 0.0455179 0)
(1.98108 0.0472489 0)
(1.98444 0.0478719 0)
(1.98814 0.0473125 0)
(1.99156 0.0467617 0)
(1.92197 -0.00364071 0)
(1.92487 -0.00618099 0)
(1.92723 -0.00822474 0)
(1.9297 -0.00764176 0)
(1.93186 -0.00736227 0)
(1.93489 -0.0102711 0)
(1.93741 -0.0133055 0)
(1.94022 -0.0134145 0)
(1.94281 -0.0128658 0)
(1.94577 -0.0149444 0)
(1.94818 -0.017952 0)
(1.95064 -0.0185509 0)
(1.95307 -0.0179664 0)
(1.95587 -0.0195438 0)
(1.95834 -0.0218533 0)
(1.96112 -0.0220656 0)
(1.96397 -0.0212675 0)
(1.96693 -0.0221685 0)
(1.96945 -0.0239168 0)
(1.97184 -0.0241414 0)
(1.97404 -0.0238022 0)
(1.97613 -0.0248773 0)
(1.97805 -0.0263039 0)
(1.97997 -0.026526 0)
(1.98188 -0.026467 0)
(1.98409 -0.0269206 0)
(1.98645 -0.0271853 0)
(1.9889 -0.0275594 0)
(1.99121 -0.0281357 0)
(1.99344 -0.0282483 0)
(1.99566 -0.0279026 0)
(1.99775 -0.0279655 0)
(1.9997 -0.0286569 0)
(2.00149 -0.0290585 0)
(2.00341 -0.0286413 0)
(2.00505 -0.0281264 0)
(2.00672 -0.0282645 0)
(2.0082 -0.0283281 0)
(2.00966 -0.028217 0)
(2.01096 -0.0276816 0)
(2.01169 -0.0265478 0)
(2.01212 -0.0255533 0)
(2.01204 -0.0241559 0)
(2.01205 -0.0233304 0)
(2.01136 -0.022046 0)
(2.0096 -0.0186398 0)
(2.00783 -0.0169014 0)
(2.00505 -0.0145917 0)
(2.00013 -0.00753029 0)
(1.99679 -0.00321635 0)
(1.9943 -0.00249002 0)
(1.99159 0.000208613 0)
(1.9895 0.0029555 0)
(1.9885 0.00477276 0)
(1.98713 0.00586484 0)
(1.98622 0.00609309 0)
(1.98565 0.00655982 0)
(1.98516 0.00707781 0)
(1.98458 0.00742314 0)
(1.98407 0.00799032 0)
(1.98357 0.00862005 0)
(1.98302 0.00915601 0)
(1.98256 0.00983534 0)
(1.98266 0.010524 0)
(1.98283 0.011271 0)
(1.98287 0.0115981 0)
(1.98312 0.0119386 0)
(1.98355 0.0125579 0)
(1.98391 0.013103 0)
(1.98431 0.0132497 0)
(1.98469 0.013297 0)
(1.98509 0.0137645 0)
(1.98543 0.0144104 0)
(1.98576 0.0146947 0)
(1.98616 0.01472 0)
(1.98659 0.0149019 0)
(1.98708 0.0152384 0)
(1.98757 0.0155585 0)
(1.988 0.0157726 0)
(1.98833 0.0159789 0)
(1.9888 0.016395 0)
(1.98933 0.0168804 0)
(1.98983 0.0171171 0)
(1.99045 0.0175 0)
(1.9912 0.0178533 0)
(1.99193 0.0183794 0)
(1.99249 0.0187922 0)
(1.99322 0.019297 0)
(1.99415 0.0197202 0)
(1.99484 0.020235 0)
(1.99551 0.0207702 0)
(1.99639 0.021286 0)
(1.99714 0.0220269 0)
(1.99761 0.0224158 0)
(1.99847 0.0230714 0)
(1.99954 0.0240641 0)
(2.00027 0.0245941 0)
(2.00103 0.0251382 0)
(2.00155 0.0255694 0)
(2.00156 0.0262022 0)
(2.00163 0.0268778 0)
(2.00156 0.0276857 0)
(2.00135 0.0284323 0)
(2.00093 0.0286628 0)
(2.0002 0.0289197 0)
(1.99914 0.0295857 0)
(1.9979 0.0302519 0)
(1.99642 0.0301936 0)
(1.99495 0.029927 0)
(1.99332 0.030635 0)
(1.99138 0.0318224 0)
(1.98837 0.0320945 0)
(1.98322 0.0324127 0)
(1.97476 0.0357078 0)
(1.96475 0.0391083 0)
(1.95658 0.0388771 0)
(1.95303 0.0391129 0)
(1.95264 0.0400612 0)
(1.9534 0.0412003 0)
(1.95376 0.0424484 0)
(1.95482 0.0440529 0)
(1.95593 0.0452555 0)
(1.95774 0.0456509 0)
(1.96073 0.0460537 0)
(1.9649 0.0456513 0)
(1.96955 0.0441017 0)
(1.97371 0.043275 0)
(1.97803 0.0444688 0)
(1.98166 0.0459982 0)
(1.98519 0.0462371 0)
(1.98884 0.0454607 0)
(1.99211 0.044934 0)
(1.92002 -0.000772239 0)
(1.92308 -0.00380979 0)
(1.92533 -0.00629974 0)
(1.92777 -0.00598428 0)
(1.92984 -0.00555973 0)
(1.93241 -0.00819792 0)
(1.93465 -0.0112191 0)
(1.93732 -0.0114022 0)
(1.93995 -0.010944 0)
(1.94306 -0.0131087 0)
(1.94566 -0.0163139 0)
(1.94831 -0.0170965 0)
(1.9509 -0.016342 0)
(1.95381 -0.0177164 0)
(1.95662 -0.020564 0)
(1.95939 -0.0213487 0)
(1.96223 -0.0207737 0)
(1.9652 -0.0219274 0)
(1.96784 -0.0243518 0)
(1.97034 -0.0249623 0)
(1.97278 -0.0244483 0)
(1.97503 -0.0255991 0)
(1.97693 -0.0272744 0)
(1.97891 -0.0273267 0)
(1.98073 -0.027161 0)
(1.98329 -0.0280681 0)
(1.98583 -0.0284999 0)
(1.98851 -0.0285177 0)
(1.99099 -0.028936 0)
(1.99323 -0.029255 0)
(1.99559 -0.029095 0)
(1.99788 -0.0292047 0)
(1.99992 -0.0300947 0)
(2.00165 -0.0308358 0)
(2.00357 -0.0306959 0)
(2.00543 -0.0303404 0)
(2.0074 -0.0307114 0)
(2.00933 -0.0313568 0)
(2.01101 -0.0316561 0)
(2.01241 -0.0314198 0)
(2.01344 -0.030607 0)
(2.01424 -0.029777 0)
(2.01461 -0.0288651 0)
(2.01479 -0.0277282 0)
(2.01505 -0.0271268 0)
(2.01417 -0.0249317 0)
(2.01291 -0.02238 0)
(2.01117 -0.0206026 0)
(2.00691 -0.014571 0)
(2.0032 -0.00888528 0)
(2.00003 -0.00771435 0)
(1.9962 -0.00395883 0)
(1.99189 0.000927768 0)
(1.98981 0.00282784 0)
(1.98846 0.00392478 0)
(1.98743 0.00465367 0)
(1.98685 0.005235 0)
(1.98593 0.00584767 0)
(1.98482 0.00664924 0)
(1.98425 0.00763706 0)
(1.9837 0.0084438 0)
(1.98333 0.00923207 0)
(1.98315 0.00995074 0)
(1.98323 0.0106371 0)
(1.98354 0.0115306 0)
(1.98353 0.0120349 0)
(1.98367 0.0124011 0)
(1.98406 0.0129356 0)
(1.98444 0.0133596 0)
(1.98485 0.0134708 0)
(1.9852 0.0135858 0)
(1.98556 0.0140364 0)
(1.98594 0.0145117 0)
(1.9864 0.0146764 0)
(1.98689 0.0146824 0)
(1.98738 0.014842 0)
(1.98787 0.0151244 0)
(1.98842 0.0154512 0)
(1.98889 0.0157071 0)
(1.98928 0.0158372 0)
(1.98982 0.0161734 0)
(1.99041 0.0165592 0)
(1.99102 0.0167914 0)
(1.99173 0.0171732 0)
(1.99254 0.0174582 0)
(1.99327 0.0179543 0)
(1.99387 0.0183011 0)
(1.99467 0.0187607 0)
(1.99555 0.0192838 0)
(1.9962 0.0197124 0)
(1.99692 0.0201871 0)
(1.99784 0.0207292 0)
(1.99868 0.0215542 0)
(1.99921 0.0219294 0)
(1.99999 0.0224744 0)
(2.00094 0.0233609 0)
(2.00149 0.0240067 0)
(2.00219 0.0246141 0)
(2.00245 0.0251025 0)
(2.00239 0.0257272 0)
(2.00248 0.0262743 0)
(2.0024 0.0269025 0)
(2.00209 0.0275307 0)
(2.00149 0.0276939 0)
(2.0006 0.027824 0)
(1.9994 0.028456 0)
(1.9981 0.0292272 0)
(1.99668 0.0292904 0)
(1.99536 0.0289662 0)
(1.99398 0.0295435 0)
(1.99236 0.0307532 0)
(1.98984 0.0312265 0)
(1.98538 0.0316131 0)
(1.97773 0.0346479 0)
(1.96804 0.0384684 0)
(1.95909 0.038473 0)
(1.95469 0.0384411 0)
(1.95404 0.0395422 0)
(1.95482 0.041075 0)
(1.95508 0.0419682 0)
(1.95589 0.0431904 0)
(1.95691 0.0444164 0)
(1.95843 0.0447034 0)
(1.96121 0.0449778 0)
(1.96526 0.0445988 0)
(1.96984 0.0431083 0)
(1.97404 0.0423358 0)
(1.97843 0.043406 0)
(1.9822 0.0447016 0)
(1.98584 0.044701 0)
(1.98939 0.0437407 0)
(1.99254 0.0431406 0)
(1.91896 0.0015499 0)
(1.92136 -0.000949598 0)
(1.92309 -0.00348958 0)
(1.92518 -0.00331571 0)
(1.92728 -0.00327551 0)
(1.93019 -0.0063831 0)
(1.93255 -0.00988914 0)
(1.93525 -0.0104216 0)
(1.93792 -0.0098042 0)
(1.94114 -0.0118442 0)
(1.94393 -0.0152724 0)
(1.94668 -0.0162234 0)
(1.94944 -0.0155118 0)
(1.95255 -0.0169895 0)
(1.95549 -0.0202579 0)
(1.95811 -0.0214862 0)
(1.96095 -0.0208179 0)
(1.96374 -0.0217747 0)
(1.96621 -0.0243718 0)
(1.96854 -0.0252343 0)
(1.9709 -0.0245865 0)
(1.9733 -0.0258382 0)
(1.97539 -0.0279418 0)
(1.97762 -0.0282136 0)
(1.97989 -0.0279376 0)
(1.98272 -0.0288985 0)
(1.98523 -0.0296476 0)
(1.98804 -0.0294206 0)
(1.99064 -0.0293252 0)
(1.99283 -0.0299207 0)
(1.99501 -0.0300526 0)
(1.99729 -0.0298398 0)
(1.99942 -0.0305858 0)
(2.00121 -0.0316409 0)
(2.00314 -0.0317748 0)
(2.00519 -0.0315645 0)
(2.0074 -0.0321517 0)
(2.00937 -0.0331165 0)
(2.01123 -0.0334728 0)
(2.01301 -0.0336512 0)
(2.01429 -0.033442 0)
(2.01492 -0.0328669 0)
(2.016 -0.0321493 0)
(2.01688 -0.0312639 0)
(2.01737 -0.0306165 0)
(2.01752 -0.0295418 0)
(2.01663 -0.0268159 0)
(2.01582 -0.0251913 0)
(2.01327 -0.0213521 0)
(2.00972 -0.0152682 0)
(2.00654 -0.013076 0)
(2.00182 -0.0085453 0)
(1.99604 -0.00135663 0)
(1.9927 0.00121923 0)
(1.99035 0.0023699 0)
(1.98879 0.00408708 0)
(1.98782 0.0052715 0)
(1.98643 0.00697002 0)
(1.98569 0.00775081 0)
(1.98463 0.00811763 0)
(1.98419 0.00855204 0)
(1.98412 0.00908604 0)
(1.98408 0.00976095 0)
(1.98392 0.010667 0)
(1.9841 0.0115843 0)
(1.98434 0.0124342 0)
(1.98436 0.0127623 0)
(1.98463 0.0131003 0)
(1.98501 0.0134442 0)
(1.98535 0.0135677 0)
(1.98563 0.0137439 0)
(1.98602 0.0141347 0)
(1.98651 0.0144863 0)
(1.98709 0.0146584 0)
(1.98769 0.014715 0)
(1.98821 0.0148195 0)
(1.9887 0.0150509 0)
(1.98932 0.0153498 0)
(1.98982 0.0155686 0)
(1.99032 0.0156718 0)
(1.99091 0.0159062 0)
(1.99155 0.0161138 0)
(1.99222 0.0163495 0)
(1.99302 0.0167182 0)
(1.99386 0.0170081 0)
(1.99455 0.0174142 0)
(1.99521 0.0178126 0)
(1.9961 0.0182399 0)
(1.99676 0.0186943 0)
(1.99757 0.0191909 0)
(1.99831 0.0196806 0)
(1.99924 0.0203125 0)
(2.00002 0.021008 0)
(2.00061 0.021433 0)
(2.00146 0.0221607 0)
(2.002 0.022795 0)
(2.00256 0.0235642 0)
(2.003 0.024089 0)
(2.00309 0.0246402 0)
(2.00317 0.0252083 0)
(2.00324 0.0256144 0)
(2.00304 0.0261672 0)
(2.0026 0.0267913 0)
(2.00186 0.0269512 0)
(2.00082 0.026893 0)
(1.99953 0.0273923 0)
(1.9982 0.02821 0)
(1.99692 0.0283756 0)
(1.99583 0.0280577 0)
(1.99471 0.0285097 0)
(1.99337 0.0297188 0)
(1.99133 0.0302964 0)
(1.98755 0.0307371 0)
(1.98073 0.0335686 0)
(1.97155 0.0376123 0)
(1.96195 0.0379994 0)
(1.95643 0.0377743 0)
(1.95554 0.0391828 0)
(1.95612 0.0407921 0)
(1.9562 0.0414967 0)
(1.9568 0.0427832 0)
(1.9576 0.0436647 0)
(1.95894 0.0437365 0)
(1.96151 0.0438321 0)
(1.96535 0.0434979 0)
(1.96986 0.0420696 0)
(1.9741 0.0411991 0)
(1.97861 0.0421269 0)
(1.9826 0.0433862 0)
(1.98628 0.0434298 0)
(1.98981 0.0424045 0)
(1.99288 0.0416759 0)
(1.91649 0.00604348 0)
(1.91912 0.00309678 0)
(1.9208 -0.000133803 0)
(1.92281 -0.00041282 0)
(1.9248 -4.46804e-05 0)
(1.92753 -0.00272965 0)
(1.92992 -0.00616321 0)
(1.93264 -0.00683284 0)
(1.93552 -0.00650412 0)
(1.93894 -0.00859795 0)
(1.94177 -0.0119461 0)
(1.94448 -0.0129989 0)
(1.94734 -0.0122597 0)
(1.95028 -0.0134529 0)
(1.95307 -0.016769 0)
(1.9555 -0.0182175 0)
(1.95808 -0.0174867 0)
(1.96073 -0.01859 0)
(1.96336 -0.0218672 0)
(1.96571 -0.0232404 0)
(1.96817 -0.0228204 0)
(1.97083 -0.0239897 0)
(1.97349 -0.0263946 0)
(1.9762 -0.0269841 0)
(1.97902 -0.0266605 0)
(1.98209 -0.0275836 0)
(1.98461 -0.0289061 0)
(1.98735 -0.0288352 0)
(1.98984 -0.028489 0)
(1.99237 -0.0297144 0)
(1.99444 -0.0307704 0)
(1.99679 -0.0306204 0)
(1.99896 -0.0310292 0)
(2.00082 -0.0323601 0)
(2.00276 -0.0328324 0)
(2.00502 -0.032614 0)
(2.00725 -0.0328747 0)
(2.00942 -0.0339823 0)
(2.01135 -0.0345871 0)
(2.01324 -0.0345617 0)
(2.01473 -0.0343806 0)
(2.01593 -0.0349532 0)
(2.01684 -0.0350457 0)
(2.01831 -0.0344676 0)
(2.01932 -0.0336696 0)
(2.01988 -0.0330162 0)
(2.01966 -0.0312101 0)
(2.01937 -0.0293976 0)
(2.0184 -0.0271335 0)
(2.01594 -0.0225498 0)
(2.01348 -0.0198551 0)
(2.00901 -0.0154447 0)
(2.00273 -0.00733361 0)
(1.99836 -0.00353919 0)
(1.99521 -0.0024309 0)
(1.99242 0.00042751 0)
(1.98957 0.00295027 0)
(1.98774 0.00558518 0)
(1.98673 0.00669309 0)
(1.98604 0.00708441 0)
(1.98551 0.00791304 0)
(1.9853 0.00892817 0)
(1.9853 0.00980095 0)
(1.98501 0.0107039 0)
(1.98501 0.0114547 0)
(1.98519 0.012328 0)
(1.98522 0.0128246 0)
(1.98533 0.0131147 0)
(1.9856 0.0135122 0)
(1.98584 0.0137138 0)
(1.98615 0.0138362 0)
(1.98661 0.013996 0)
(1.98722 0.0141823 0)
(1.98788 0.0143184 0)
(1.98853 0.0144818 0)
(1.98906 0.0146015 0)
(1.98958 0.0148523 0)
(1.99021 0.0151318 0)
(1.99076 0.0152275 0)
(1.99137 0.0153232 0)
(1.99202 0.0154896 0)
(1.99271 0.0156379 0)
(1.99338 0.01591 0)
(1.99422 0.0162126 0)
(1.99505 0.0165002 0)
(1.99572 0.0167992 0)
(1.99654 0.0171908 0)
(1.99737 0.0176756 0)
(1.99797 0.0180612 0)
(1.99893 0.0186756 0)
(1.9998 0.0193534 0)
(2.00048 0.0198766 0)
(2.00124 0.0204994 0)
(2.00206 0.0213308 0)
(2.00268 0.0219618 0)
(2.00308 0.0225943 0)
(2.00358 0.0232219 0)
(2.00375 0.0237158 0)
(2.00378 0.0242814 0)
(2.0039 0.0247223 0)
(2.00385 0.025081 0)
(2.00352 0.0256024 0)
(2.00296 0.026187 0)
(2.0021 0.0263187 0)
(2.00095 0.0260941 0)
(1.99958 0.0264556 0)
(1.99829 0.0272802 0)
(1.99722 0.0275089 0)
(1.99638 0.0272754 0)
(1.99552 0.0276136 0)
(1.99443 0.0287363 0)
(1.99282 0.0293768 0)
(1.98971 0.0298002 0)
(1.98369 0.0325296 0)
(1.9752 0.0364805 0)
(1.96538 0.0372579 0)
(1.95862 0.03721 0)
(1.95707 0.0390174 0)
(1.95712 0.040236 0)
(1.95681 0.0411806 0)
(1.95738 0.0425557 0)
(1.95825 0.0428618 0)
(1.95939 0.042805 0)
(1.96174 0.0427617 0)
(1.96541 0.0425449 0)
(1.96987 0.0412969 0)
(1.97413 0.0402478 0)
(1.97866 0.0409026 0)
(1.98279 0.0421497 0)
(1.98644 0.0423519 0)
(1.98997 0.0413148 0)
(1.99298 0.0404616 0)
(1.91404 0.0109412 0)
(1.91617 0.00845367 0)
(1.91777 0.00473583 0)
(1.91978 0.00387569 0)
(1.92207 0.00409487 0)
(1.92502 0.00165249 0)
(1.92757 -0.00182869 0)
(1.93026 -0.00271278 0)
(1.93308 -0.00209871 0)
(1.93629 -0.00387631 0)
(1.93935 -0.00763906 0)
(1.94206 -0.00924134 0)
(1.94493 -0.00877626 0)
(1.94804 -0.0103192 0)
(1.95113 -0.0142223 0)
(1.95359 -0.0163124 0)
(1.95623 -0.0159102 0)
(1.95899 -0.017202 0)
(1.96182 -0.0209575 0)
(1.96419 -0.0229262 0)
(1.96692 -0.022438 0)
(1.96982 -0.0232305 0)
(1.97268 -0.0255343 0)
(1.97548 -0.025971 0)
(1.97841 -0.0253343 0)
(1.98158 -0.0262449 0)
(1.98429 -0.0283134 0)
(1.98682 -0.0288503 0)
(1.98946 -0.0286577 0)
(1.99206 -0.0299797 0)
(1.99402 -0.0314862 0)
(1.9962 -0.0315109 0)
(1.99832 -0.0313105 0)
(2.00035 -0.0325892 0)
(2.00222 -0.0334587 0)
(2.00445 -0.0331879 0)
(2.0067 -0.0332326 0)
(2.00895 -0.034276 0)
(2.01085 -0.0349905 0)
(2.0128 -0.0347771 0)
(2.0144 -0.0345381 0)
(2.01576 -0.0353869 0)
(2.01694 -0.0360603 0)
(2.01823 -0.0361609 0)
(2.01983 -0.035396 0)
(2.0211 -0.0349036 0)
(2.02162 -0.0339832 0)
(2.02193 -0.0327729 0)
(2.02199 -0.0314841 0)
(2.02069 -0.0285478 0)
(2.01931 -0.0261039 0)
(2.01585 -0.0219321 0)
(2.01075 -0.0152065 0)
(2.00667 -0.0121345 0)
(2.00151 -0.00749977 0)
(1.99639 -0.0023928 0)
(1.993 0.000590414 0)
(1.98987 0.00410252 0)
(1.98843 0.00637345 0)
(1.98749 0.00665314 0)
(1.98695 0.00741808 0)
(1.98646 0.00889734 0)
(1.98642 0.00981494 0)
(1.98627 0.0104977 0)
(1.98613 0.0111759 0)
(1.98621 0.0119386 0)
(1.9862 0.0125111 0)
(1.98607 0.0128448 0)
(1.98625 0.013352 0)
(1.98652 0.0137213 0)
(1.98686 0.0138493 0)
(1.9874 0.0138934 0)
(1.98803 0.0139263 0)
(1.9887 0.0140877 0)
(1.98934 0.0143027 0)
(1.98994 0.0144748 0)
(1.99052 0.0146715 0)
(1.99114 0.0147819 0)
(1.99178 0.0148348 0)
(1.99245 0.0149164 0)
(1.99314 0.0150311 0)
(1.99385 0.0152118 0)
(1.99448 0.0154823 0)
(1.99537 0.0157349 0)
(1.99614 0.0159742 0)
(1.99692 0.0163614 0)
(1.99783 0.0167001 0)
(1.99858 0.0171955 0)
(1.99925 0.0176605 0)
(2.00031 0.0183258 0)
(2.00115 0.0191016 0)
(2.00177 0.0195908 0)
(2.00257 0.0203552 0)
(2.0033 0.0211355 0)
(2.00381 0.0217019 0)
(2.00419 0.022523 0)
(2.00447 0.0229455 0)
(2.00454 0.0233479 0)
(2.00456 0.0239027 0)
(2.00457 0.0243089 0)
(2.00438 0.0246547 0)
(2.00393 0.0251551 0)
(2.00325 0.0257055 0)
(2.00226 0.0257839 0)
(2.00101 0.0254199 0)
(1.99961 0.025671 0)
(1.99838 0.0264435 0)
(1.99755 0.0266732 0)
(1.99697 0.026548 0)
(1.99634 0.0268853 0)
(1.9955 0.0277839 0)
(1.99427 0.0284606 0)
(1.9918 0.0289195 0)
(1.98658 0.0314782 0)
(1.9789 0.0352355 0)
(1.96939 0.0360883 0)
(1.96157 0.0367671 0)
(1.95816 0.0387653 0)
(1.95757 0.0398166 0)
(1.95725 0.041201 0)
(1.95783 0.0420165 0)
(1.95879 0.0420727 0)
(1.9599 0.0418409 0)
(1.96207 0.041745 0)
(1.96554 0.0416381 0)
(1.96987 0.040624 0)
(1.9741 0.0394488 0)
(1.97854 0.0398642 0)
(1.98277 0.0411381 0)
(1.98641 0.0415436 0)
(1.98997 0.0405734 0)
(1.99301 0.0395947 0)
(1.91137 0.0160247 0)
(1.9134 0.0139984 0)
(1.91516 0.00992799 0)
(1.91716 0.00862183 0)
(1.91957 0.00888107 0)
(1.92266 0.00672379 0)
(1.92534 0.00323774 0)
(1.92793 0.00212851 0)
(1.93076 0.00264497 0)
(1.93389 0.000949625 0)
(1.93673 -0.00273972 0)
(1.93923 -0.00428806 0)
(1.94192 -0.00371199 0)
(1.94488 -0.0051866 0)
(1.94802 -0.00922147 0)
(1.95055 -0.0115256 0)
(1.95331 -0.0111949 0)
(1.95619 -0.0123493 0)
(1.95931 -0.0160154 0)
(1.96189 -0.0180249 0)
(1.96486 -0.0175888 0)
(1.9679 -0.0183655 0)
(1.97145 -0.0212461 0)
(1.97427 -0.0228234 0)
(1.97746 -0.0224787 0)
(1.98063 -0.0234025 0)
(1.98332 -0.0258868 0)
(1.98571 -0.0266446 0)
(1.98825 -0.0260522 0)
(1.99075 -0.0272587 0)
(1.99278 -0.0296683 0)
(1.99486 -0.0301893 0)
(1.99695 -0.0297988 0)
(1.99923 -0.0311562 0)
(2.00126 -0.032957 0)
(2.00356 -0.0330992 0)
(2.00589 -0.0329165 0)
(2.00824 -0.0340883 0)
(2.01009 -0.0353428 0)
(2.01206 -0.0352344 0)
(2.01374 -0.0347707 0)
(2.01523 -0.035562 0)
(2.01647 -0.0365141 0)
(2.01791 -0.0365853 0)
(2.01968 -0.035789 0)
(2.02119 -0.0355173 0)
(2.02255 -0.0352804 0)
(2.02381 -0.0350457 0)
(2.02429 -0.0344261 0)
(2.02377 -0.0327509 0)
(2.02322 -0.0308872 0)
(2.02151 -0.0279996 0)
(2.01841 -0.0231495 0)
(2.01563 -0.0211964 0)
(2.00992 -0.0156153 0)
(2.00314 -0.00659509 0)
(1.99885 -0.00438965 0)
(1.99636 -0.00184678 0)
(1.99246 0.0032715 0)
(1.99039 0.00523261 0)
(1.98915 0.00616951 0)
(1.98817 0.0082329 0)
(1.9879 0.00960506 0)
(1.9877 0.0101587 0)
(1.98759 0.0108238 0)
(1.98765 0.0115412 0)
(1.98759 0.012125 0)
(1.9873 0.0126381 0)
(1.98721 0.0130988 0)
(1.98748 0.0134565 0)
(1.98777 0.0136111 0)
(1.98824 0.0136536 0)
(1.98882 0.0137412 0)
(1.98947 0.0139258 0)
(1.99011 0.0141358 0)
(1.9908 0.014348 0)
(1.9915 0.0144513 0)
(1.99219 0.0144342 0)
(1.99287 0.0144273 0)
(1.99355 0.0145096 0)
(1.99425 0.0146894 0)
(1.99491 0.0148895 0)
(1.99556 0.01508 0)
(1.9964 0.0153155 0)
(1.99716 0.015559 0)
(1.99805 0.015923 0)
(1.99897 0.016301 0)
(1.99968 0.0167944 0)
(2.00044 0.0173372 0)
(2.00153 0.0180335 0)
(2.00236 0.0188782 0)
(2.00305 0.0195459 0)
(2.00383 0.0203076 0)
(2.00446 0.0208275 0)
(2.0049 0.0215681 0)
(2.00519 0.0224341 0)
(2.00533 0.022687 0)
(2.00535 0.0230416 0)
(2.00528 0.0236051 0)
(2.00518 0.0239819 0)
(2.00488 0.0242776 0)
(2.00431 0.0247253 0)
(2.00349 0.0252059 0)
(2.00234 0.0251745 0)
(2.00102 0.0247184 0)
(1.99961 0.024968 0)
(1.9985 0.0256425 0)
(1.9979 0.0258243 0)
(1.99755 0.0258691 0)
(1.99712 0.0262418 0)
(1.99654 0.0269112 0)
(1.99565 0.0274807 0)
(1.99368 0.0282277 0)
(1.98943 0.030398 0)
(1.9826 0.0338487 0)
(1.97366 0.034828 0)
(1.96535 0.0360043 0)
(1.95921 0.0385075 0)
(1.95754 0.0400917 0)
(1.95772 0.0409596 0)
(1.95831 0.0411134 0)
(1.95941 0.0411358 0)
(1.96068 0.040925 0)
(1.96258 0.0408777 0)
(1.96574 0.040894 0)
(1.96983 0.0401389 0)
(1.97397 0.0389171 0)
(1.97829 0.0390813 0)
(1.98258 0.0403579 0)
(1.98629 0.0409175 0)
(1.98991 0.039966 0)
(1.99305 0.03885 0)
(1.90744 0.0224593 0)
(1.9101 0.0201334 0)
(1.91241 0.0158752 0)
(1.91452 0.0142509 0)
(1.91699 0.0149239 0)
(1.91971 0.0135201 0)
(1.92252 0.00982544 0)
(1.92503 0.00819099 0)
(1.92779 0.00844753 0)
(1.931 0.006556 0)
(1.93409 0.00250451 0)
(1.93664 0.00049565 0)
(1.93942 0.000810597 0)
(1.94245 -0.000729117 0)
(1.94556 -0.00475089 0)
(1.94808 -0.00704582 0)
(1.95085 -0.0066669 0)
(1.9537 -0.00768528 0)
(1.95733 -0.0114727 0)
(1.96017 -0.013891 0)
(1.9634 -0.0136739 0)
(1.96673 -0.0145134 0)
(1.97037 -0.0176265 0)
(1.97306 -0.0196088 0)
(1.97617 -0.0191144 0)
(1.97906 -0.0196016 0)
(1.98211 -0.0228044 0)
(1.98439 -0.0246685 0)
(1.98703 -0.0243185 0)
(1.98974 -0.0255273 0)
(1.99211 -0.0287778 0)
(1.99402 -0.0301618 0)
(1.9963 -0.0297541 0)
(1.99876 -0.030803 0)
(2.00087 -0.033063 0)
(2.00298 -0.033663 0)
(2.00548 -0.0331365 0)
(2.00775 -0.0338327 0)
(2.00937 -0.0352783 0)
(2.01112 -0.0354094 0)
(2.01298 -0.0347101 0)
(2.01463 -0.0353248 0)
(2.01593 -0.0365888 0)
(2.01753 -0.0366739 0)
(2.01945 -0.0357556 0)
(2.02103 -0.0353882 0)
(2.02257 -0.0354968 0)
(2.02415 -0.0359305 0)
(2.02524 -0.0360866 0)
(2.02579 -0.0352598 0)
(2.02545 -0.0337473 0)
(2.02528 -0.0325087 0)
(2.02389 -0.0297591 0)
(2.02211 -0.0274484 0)
(2.01818 -0.0232662 0)
(2.01259 -0.0155067 0)
(2.00837 -0.0125676 0)
(2.00355 -0.00784663 0)
(1.99776 0.000835434 0)
(1.99452 0.00355184 0)
(1.99265 0.00387491 0)
(1.99098 0.00654547 0)
(1.99011 0.00896521 0)
(1.9895 0.00979388 0)
(1.98914 0.0103855 0)
(1.98907 0.0110072 0)
(1.9889 0.0115065 0)
(1.98854 0.01221 0)
(1.98848 0.0126606 0)
(1.98868 0.013045 0)
(1.98883 0.0133356 0)
(1.98918 0.0136976 0)
(1.98977 0.0139106 0)
(1.99029 0.0141111 0)
(1.99091 0.0142216 0)
(1.99169 0.0143223 0)
(1.9925 0.0143642 0)
(1.99326 0.0143412 0)
(1.99395 0.0143226 0)
(1.99461 0.0143852 0)
(1.99527 0.0145304 0)
(1.99585 0.014665 0)
(1.99657 0.0149086 0)
(1.99735 0.0151244 0)
(1.99812 0.0153999 0)
(1.99905 0.0157513 0)
(1.99998 0.0162386 0)
(2.0007 0.0167265 0)
(2.00152 0.0173446 0)
(2.00257 0.0180957 0)
(2.00337 0.0189748 0)
(2.00411 0.0197067 0)
(2.0049 0.0203128 0)
(2.00553 0.0207348 0)
(2.00591 0.0215104 0)
(2.00605 0.0222155 0)
(2.00611 0.0224762 0)
(2.00605 0.022899 0)
(2.00591 0.0234183 0)
(2.00571 0.023685 0)
(2.00531 0.0238937 0)
(2.00462 0.024286 0)
(2.00366 0.0247059 0)
(2.00236 0.0245188 0)
(2.00098 0.0239791 0)
(1.99959 0.0242515 0)
(1.99863 0.0247459 0)
(1.99824 0.0249007 0)
(1.99806 0.0251437 0)
(1.99784 0.0256072 0)
(1.99756 0.0261155 0)
(1.99702 0.0265462 0)
(1.99553 0.0275116 0)
(1.99213 0.0296902 0)
(1.9864 0.0319766 0)
(1.97821 0.0333009 0)
(1.96875 0.0356561 0)
(1.96062 0.0389459 0)
(1.95792 0.0401286 0)
(1.95854 0.0401339 0)
(1.9592 0.0399582 0)
(1.96024 0.0399886 0)
(1.96135 0.0401038 0)
(1.96304 0.0401383 0)
(1.96585 0.0402846 0)
(1.96966 0.0398339 0)
(1.97375 0.0387214 0)
(1.97802 0.0387449 0)
(1.98238 0.0399531 0)
(1.98619 0.040546 0)
(1.98993 0.0394983 0)
(1.99306 0.0380911 0)
(1.90362 0.028996 0)
(1.9064 0.0270929 0)
(1.90929 0.0227271 0)
(1.91157 0.0206254 0)
(1.91417 0.0210419 0)
(1.91707 0.0195617 0)
(1.91991 0.0157172 0)
(1.92231 0.0139071 0)
(1.92492 0.014323 0)
(1.9279 0.0126693 0)
(1.93106 0.00854753 0)
(1.93364 0.00639695 0)
(1.93644 0.00660326 0)
(1.93961 0.00493207 0)
(1.94293 0.000805681 0)
(1.94558 -0.00158538 0)
(1.94848 -0.00131085 0)
(1.95153 -0.0024042 0)
(1.95522 -0.00607712 0)
(1.9581 -0.00844066 0)
(1.96139 -0.00813875 0)
(1.96456 -0.00870653 0)
(1.9684 -0.0121003 0)
(1.97114 -0.0149149 0)
(1.97424 -0.0149408 0)
(1.97723 -0.015613 0)
(1.98037 -0.0190538 0)
(1.98256 -0.0216364 0)
(1.98525 -0.0214917 0)
(1.98775 -0.0218496 0)
(1.99018 -0.0248057 0)
(1.99206 -0.0268003 0)
(1.99457 -0.0265229 0)
(1.99693 -0.0268412 0)
(1.99927 -0.0292873 0)
(2.00116 -0.0307171 0)
(2.00355 -0.0303052 0)
(2.0057 -0.0307245 0)
(2.00753 -0.0329146 0)
(2.00919 -0.033962 0)
(2.01116 -0.0334104 0)
(2.01303 -0.0337646 0)
(2.01473 -0.0352749 0)
(2.01645 -0.0357577 0)
(2.01859 -0.035046 0)
(2.02048 -0.0348515 0)
(2.02225 -0.035571 0)
(2.0238 -0.0359242 0)
(2.02525 -0.0359959 0)
(2.02612 -0.0359614 0)
(2.0268 -0.0354006 0)
(2.02713 -0.0348018 0)
(2.02718 -0.033706 0)
(2.02675 -0.0321198 0)
(2.02516 -0.0297327 0)
(2.02155 -0.024308 0)
(2.01799 -0.0207268 0)
(2.01302 -0.0163733 0)
(2.00603 -0.00638598 0)
(2.00187 -0.00170374 0)
(1.99895 -0.000877372 0)
(1.99529 0.00356762 0)
(1.99321 0.00851347 0)
(1.99187 0.00969751 0)
(1.99086 0.00980329 0)
(1.99064 0.0104188 0)
(1.99041 0.0110647 0)
(1.99011 0.0120076 0)
(1.98997 0.0123194 0)
(1.98998 0.0127757 0)
(1.99001 0.0132121 0)
(1.99043 0.0135914 0)
(1.99095 0.0139863 0)
(1.9913 0.0143153 0)
(1.99188 0.0143614 0)
(1.99267 0.0144223 0)
(1.99349 0.0144989 0)
(1.99425 0.0145483 0)
(1.99492 0.0145602 0)
(1.99554 0.0146043 0)
(1.99613 0.0146992 0)
(1.99666 0.0148479 0)
(1.99746 0.0151303 0)
(1.99821 0.0152946 0)
(1.999 0.0155398 0)
(1.99995 0.0158347 0)
(2.00087 0.016356 0)
(2.00162 0.0167957 0)
(2.00252 0.0174677 0)
(2.00348 0.0183283 0)
(2.00416 0.0190449 0)
(2.005 0.0197669 0)
(2.00577 0.0202857 0)
(2.00633 0.0207202 0)
(2.00668 0.0215071 0)
(2.0067 0.0221484 0)
(2.00673 0.0224869 0)
(2.00662 0.0229433 0)
(2.00642 0.0233591 0)
(2.0061 0.0234966 0)
(2.00559 0.0235898 0)
(2.00477 0.0238918 0)
(2.00367 0.0241865 0)
(2.00223 0.0238136 0)
(2.00081 0.0232323 0)
(1.99952 0.0235443 0)
(1.99881 0.0239404 0)
(1.99859 0.0240462 0)
(1.99852 0.0243576 0)
(1.9985 0.0248558 0)
(1.99848 0.0252456 0)
(1.99826 0.0256258 0)
(1.99718 0.0267743 0)
(1.9947 0.0288646 0)
(1.99017 0.0302733 0)
(1.98278 0.0315313 0)
(1.97226 0.0359788 0)
(1.96299 0.0397515 0)
(1.95872 0.0389805 0)
(1.95942 0.0387105 0)
(1.96004 0.0388396 0)
(1.96093 0.039059 0)
(1.96191 0.039531 0)
(1.96333 0.0397501 0)
(1.96584 0.040046 0)
(1.96938 0.0398946 0)
(1.97348 0.0388658 0)
(1.97774 0.038609 0)
(1.98213 0.0395885 0)
(1.98593 0.0400273 0)
(1.98987 0.0384684 0)
(1.9926 0.0375491 0)
(1.89973 0.0356692 0)
(1.90261 0.0343923 0)
(1.90566 0.0303285 0)
(1.90793 0.0280459 0)
(1.91043 0.0283699 0)
(1.91338 0.0266558 0)
(1.91666 0.022184 0)
(1.91923 0.019735 0)
(1.92198 0.0198991 0)
(1.92507 0.0182706 0)
(1.9283 0.0142723 0)
(1.93095 0.0122001 0)
(1.93377 0.0124315 0)
(1.93697 0.0107626 0)
(1.94042 0.0066007 0)
(1.94316 0.00416395 0)
(1.94614 0.00438223 0)
(1.94928 0.00325329 0)
(1.95313 -0.00048564 0)
(1.95606 -0.00309921 0)
(1.95938 -0.00293778 0)
(1.96262 -0.00358777 0)
(1.9664 -0.00720065 0)
(1.96902 -0.0103616 0)
(1.97198 -0.0104005 0)
(1.97468 -0.0105659 0)
(1.9779 -0.0140684 0)
(1.98016 -0.0175068 0)
(1.98282 -0.0177629 0)
(1.98534 -0.0179339 0)
(1.9884 -0.0211563 0)
(1.99045 -0.024235 0)
(1.99305 -0.0243598 0)
(1.99558 -0.0242189 0)
(1.99833 -0.026742 0)
(2.00012 -0.0291477 0)
(2.00238 -0.0290616 0)
(2.00461 -0.0291168 0)
(2.0067 -0.0316561 0)
(2.00813 -0.0335066 0)
(2.01011 -0.0331557 0)
(2.01214 -0.0331908 0)
(2.0142 -0.0348073 0)
(2.01584 -0.0355907 0)
(2.01802 -0.03495 0)
(2.01994 -0.034416 0)
(2.02179 -0.0354627 0)
(2.02324 -0.0363259 0)
(2.02483 -0.0360557 0)
(2.02604 -0.0355101 0)
(2.02704 -0.0361234 0)
(2.02791 -0.0362327 0)
(2.02915 -0.036025 0)
(2.02932 -0.0350089 0)
(2.02931 -0.0336844 0)
(2.0281 -0.0311247 0)
(2.0258 -0.0275487 0)
(2.02253 -0.0246246 0)
(2.0167 -0.0171657 0)
(2.01134 -0.00832207 0)
(2.00689 -0.00627169 0)
(2.00264 -0.00243117 0)
(1.99802 0.005072 0)
(1.99575 0.00832291 0)
(1.99372 0.00835789 0)
(1.99288 0.00930588 0)
(1.99223 0.0105051 0)
(1.99181 0.012073 0)
(1.9914 0.0123236 0)
(1.99129 0.0127384 0)
(1.99149 0.0132812 0)
(1.99182 0.013556 0)
(1.99223 0.0140951 0)
(1.99255 0.014677 0)
(1.99297 0.0147528 0)
(1.99364 0.014808 0)
(1.99437 0.0149492 0)
(1.99508 0.0151249 0)
(1.99571 0.0152498 0)
(1.9963 0.0153036 0)
(1.99684 0.0153109 0)
(1.99744 0.0154475 0)
(1.99819 0.0156004 0)
(1.99894 0.0157148 0)
(1.99981 0.0159095 0)
(2.00073 0.0162291 0)
(2.0016 0.0166692 0)
(2.00242 0.0171349 0)
(2.0034 0.0179091 0)
(2.00413 0.0187499 0)
(2.00486 0.0192854 0)
(2.00571 0.0199876 0)
(2.00635 0.0204132 0)
(2.00683 0.0209398 0)
(2.00718 0.0216549 0)
(2.00719 0.0222187 0)
(2.00724 0.0226081 0)
(2.00712 0.0230685 0)
(2.00684 0.0233762 0)
(2.00641 0.0233894 0)
(2.00575 0.0233852 0)
(2.00477 0.0235805 0)
(2.00351 0.0237509 0)
(2.00191 0.0232417 0)
(2.00044 0.0225041 0)
(1.99934 0.0226465 0)
(1.99889 0.0230859 0)
(1.99885 0.0232298 0)
(1.99894 0.0235249 0)
(1.99914 0.0240662 0)
(1.99944 0.0244442 0)
(1.99958 0.0248453 0)
(1.99894 0.0260057 0)
(1.99727 0.0278287 0)
(1.99382 0.0288029 0)
(1.98716 0.0302867 0)
(1.9765 0.0355898 0)
(1.96621 0.0394991 0)
(1.96036 0.0381111 0)
(1.96037 0.0379449 0)
(1.96078 0.0381241 0)
(1.96152 0.0385489 0)
(1.96238 0.0394439 0)
(1.96348 0.0398663 0)
(1.96571 0.0402599 0)
(1.96908 0.0401688 0)
(1.97315 0.039125 0)
(1.97734 0.0385141 0)
(1.98144 0.0386992 0)
(1.98475 0.0377188 0)
(1.98841 0.0353242 0)
(1.98942 0.0316524 0)
(1.89542 0.0429724 0)
(1.89847 0.0418291 0)
(1.90199 0.0375579 0)
(1.90441 0.0345411 0)
(1.90699 0.0345832 0)
(1.90994 0.0329658 0)
(1.91319 0.0285542 0)
(1.91577 0.0263525 0)
(1.91848 0.0265863 0)
(1.92185 0.0246384 0)
(1.9255 0.0203248 0)
(1.92836 0.0179764 0)
(1.93131 0.0180527 0)
(1.93455 0.01642 0)
(1.93796 0.0124942 0)
(1.94071 0.0102735 0)
(1.94369 0.0105042 0)
(1.9469 0.00930284 0)
(1.95081 0.00543762 0)
(1.95372 0.00255103 0)
(1.95701 0.00257935 0)
(1.96013 0.00205951 0)
(1.96383 -0.00160481 0)
(1.96639 -0.00517902 0)
(1.96927 -0.0055202 0)
(1.97198 -0.00561477 0)
(1.97523 -0.00903844 0)
(1.97752 -0.0129041 0)
(1.98013 -0.0135673 0)
(1.98271 -0.0133804 0)
(1.98577 -0.0160767 0)
(1.98798 -0.0194598 0)
(1.99051 -0.0199845 0)
(1.99311 -0.0195165 0)
(1.99588 -0.0216889 0)
(1.99782 -0.0247292 0)
(1.99997 -0.0251613 0)
(2.00208 -0.0247614 0)
(2.00435 -0.027073 0)
(2.00601 -0.0296329 0)
(2.00813 -0.0296499 0)
(2.01011 -0.0294342 0)
(2.01284 -0.0313256 0)
(2.0148 -0.0332494 0)
(2.01702 -0.0333175 0)
(2.01918 -0.0334184 0)
(2.02127 -0.0351013 0)
(2.02261 -0.0367584 0)
(2.02424 -0.036793 0)
(2.02581 -0.0357059 0)
(2.02692 -0.0355993 0)
(2.02813 -0.0367837 0)
(2.02942 -0.0370573 0)
(2.03125 -0.036612 0)
(2.03159 -0.0356872 0)
(2.03196 -0.0346544 0)
(2.03136 -0.032712 0)
(2.02968 -0.0298795 0)
(2.02716 -0.0269181 0)
(2.0221 -0.0191819 0)
(2.01719 -0.0134428 0)
(2.01236 -0.0104461 0)
(2.00545 -0.00133628 0)
(2.00168 0.00493651 0)
(1.99878 0.00518149 0)
(1.99661 0.007109 0)
(1.9947 0.00983114 0)
(1.99388 0.0122912 0)
(1.99306 0.0124185 0)
(1.99308 0.0125464 0)
(1.99327 0.013363 0)
(1.99349 0.0137934 0)
(1.99354 0.0143908 0)
(1.99386 0.0152162 0)
(1.99404 0.0154317 0)
(1.99451 0.0154953 0)
(1.99512 0.0156659 0)
(1.99574 0.015902 0)
(1.99635 0.0160812 0)
(1.99696 0.0161524 0)
(1.99752 0.0161819 0)
(1.99812 0.0162421 0)
(1.99878 0.0163169 0)
(1.99953 0.0164841 0)
(2.00043 0.0166977 0)
(2.00129 0.0169758 0)
(2.0022 0.0172111 0)
(2.00317 0.0176272 0)
(2.00407 0.0184078 0)
(2.00475 0.0189106 0)
(2.00554 0.019385 0)
(2.00626 0.0200364 0)
(2.00668 0.0205375 0)
(2.00729 0.021202 0)
(2.00755 0.0218074 0)
(2.00765 0.0222978 0)
(2.00773 0.0226963 0)
(2.00758 0.0231728 0)
(2.00723 0.0233549 0)
(2.00667 0.0232713 0)
(2.00584 0.0232285 0)
(2.00467 0.0232489 0)
(2.00321 0.0232421 0)
(2.00149 0.0227204 0)
(2.00005 0.0219106 0)
(1.99919 0.0218963 0)
(1.99894 0.0223695 0)
(1.9991 0.0226269 0)
(1.9994 0.0227346 0)
(1.99982 0.0231616 0)
(2.00035 0.0235212 0)
(2.00085 0.0239431 0)
(2.00058 0.0251823 0)
(1.99965 0.0268014 0)
(1.99717 0.0276622 0)
(1.99142 0.0293192 0)
(1.9813 0.0346679 0)
(1.97027 0.0385854 0)
(1.96288 0.0372741 0)
(1.96112 0.037211 0)
(1.96116 0.0376942 0)
(1.96185 0.0386494 0)
(1.96252 0.0399674 0)
(1.96345 0.0402507 0)
(1.96546 0.0404507 0)
(1.96869 0.0398243 0)
(1.97168 0.0388383 0)
(1.97599 0.0364402 0)
(1.97739 0.0326912 0)
(1.97926 0.0277547 0)
(1.97961 0.0200738 0)
(1.97777 0.00924664 0)
(1.89105 0.0504533 0)
(1.89379 0.0500063 0)
(1.89742 0.0456875 0)
(1.90007 0.0420191 0)
(1.90271 0.0415762 0)
(1.90607 0.0393652 0)
(1.90982 0.0345944 0)
(1.91268 0.0321818 0)
(1.91564 0.0324008 0)
(1.91915 0.0305496 0)
(1.92271 0.0264786 0)
(1.92559 0.0246452 0)
(1.92839 0.0248019 0)
(1.93178 0.022748 0)
(1.93539 0.0186409 0)
(1.93828 0.0162414 0)
(1.94131 0.016193 0)
(1.94453 0.0150221 0)
(1.94831 0.0113157 0)
(1.9511 0.0083551 0)
(1.95423 0.00829147 0)
(1.95724 0.00790556 0)
(1.96088 0.00423964 0)
(1.9634 0.000267498 0)
(1.96618 -0.000354497 0)
(1.96885 -0.000159417 0)
(1.9721 -0.00334238 0)
(1.97456 -0.00763973 0)
(1.97712 -0.00872234 0)
(1.97974 -0.00838205 0)
(1.98297 -0.010866 0)
(1.98554 -0.0147949 0)
(1.98801 -0.015909 0)
(1.99068 -0.0153874 0)
(1.9936 -0.0174396 0)
(1.99575 -0.0210037 0)
(1.9978 -0.0218825 0)
(1.99992 -0.021436 0)
(2.00253 -0.023756 0)
(2.00448 -0.0268113 0)
(2.00667 -0.0271503 0)
(2.00891 -0.02696 0)
(2.01173 -0.0289552 0)
(2.01371 -0.0311384 0)
(2.01584 -0.0312636 0)
(2.01775 -0.0307279 0)
(2.01975 -0.0322367 0)
(2.02133 -0.0345436 0)
(2.02309 -0.034967 0)
(2.02476 -0.0346084 0)
(2.02667 -0.0356907 0)
(2.02836 -0.0373045 0)
(2.0298 -0.0381462 0)
(2.03162 -0.0376241 0)
(2.03302 -0.0368298 0)
(2.03422 -0.0361179 0)
(2.03448 -0.0354943 0)
(2.03442 -0.0340149 0)
(2.03375 -0.0324571 0)
(2.03146 -0.0289725 0)
(2.02725 -0.0223845 0)
(2.023 -0.0189028 0)
(2.01626 -0.0111651 0)
(2.01046 -0.0019626 0)
(2.00651 -0.000564412 0)
(2.00282 0.00277073 0)
(1.99862 0.0084986 0)
(1.99701 0.0121213 0)
(1.99549 0.0119477 0)
(1.99534 0.0121514 0)
(1.99527 0.0134577 0)
(1.99527 0.0142441 0)
(1.99482 0.0150688 0)
(1.99496 0.0159669 0)
(1.99508 0.0164249 0)
(1.99535 0.0164808 0)
(1.99586 0.0167034 0)
(1.99636 0.0170172 0)
(1.99688 0.0171765 0)
(1.99747 0.0172122 0)
(1.99809 0.0172412 0)
(1.99872 0.0171684 0)
(1.99935 0.0171353 0)
(2.0001 0.0173282 0)
(2.00089 0.0175508 0)
(2.00174 0.0176268 0)
(2.00266 0.0177757 0)
(2.00362 0.0182055 0)
(2.00445 0.0189289 0)
(2.00515 0.0192864 0)
(2.00587 0.0197946 0)
(2.00639 0.0203206 0)
(2.00687 0.0209605 0)
(2.00767 0.0213978 0)
(2.00788 0.0219147 0)
(2.0081 0.0223853 0)
(2.00818 0.0228216 0)
(2.00803 0.0232109 0)
(2.00763 0.0233168 0)
(2.00694 0.0231925 0)
(2.00591 0.0229244 0)
(2.00454 0.0228768 0)
(2.00293 0.0228726 0)
(2.00111 0.0221379 0)
(1.99983 0.0212832 0)
(1.9991 0.0212714 0)
(1.99902 0.0216245 0)
(1.99939 0.0219642 0)
(2.00006 0.0220281 0)
(2.00067 0.0224092 0)
(2.0015 0.022995 0)
(2.00227 0.0235033 0)
(2.00221 0.0246447 0)
(2.00186 0.0260607 0)
(2.00026 0.0268626 0)
(1.99558 0.0285739 0)
(1.9865 0.0335962 0)
(1.97518 0.0373218 0)
(1.96622 0.0363248 0)
(1.96242 0.0370119 0)
(1.96131 0.0380295 0)
(1.96145 0.0394951 0)
(1.96229 0.0401142 0)
(1.96309 0.0397102 0)
(1.96422 0.0385044 0)
(1.96503 0.03519 0)
(1.96616 0.0301165 0)
(1.96651 0.0221336 0)
(1.96504 0.0105895 0)
(1.96335 -0.00108146 0)
(1.95989 -0.0160079 0)
(1.95854 -0.0270839 0)
(1.88659 0.057954 0)
(1.88966 0.0569564 0)
(1.89357 0.0522022 0)
(1.89629 0.048305 0)
(1.89895 0.0480508 0)
(1.90216 0.0462465 0)
(1.90614 0.0416041 0)
(1.90922 0.0393355 0)
(1.91231 0.0393606 0)
(1.91631 0.0369049 0)
(1.92002 0.0324511 0)
(1.923 0.0307443 0)
(1.92578 0.0308557 0)
(1.9293 0.0284198 0)
(1.93266 0.0247414 0)
(1.93553 0.0230208 0)
(1.9384 0.0227263 0)
(1.94165 0.0213205 0)
(1.94546 0.0177283 0)
(1.94833 0.0143333 0)
(1.95129 0.0137012 0)
(1.95424 0.0133777 0)
(1.95775 0.0100261 0)
(1.96028 0.0058148 0)
(1.96292 0.00478207 0)
(1.96565 0.00509721 0)
(1.96888 0.00234763 0)
(1.97147 -0.00206656 0)
(1.97393 -0.00350743 0)
(1.97663 -0.00299746 0)
(1.97973 -0.00501359 0)
(1.98249 -0.00908426 0)
(1.98487 -0.0106156 0)
(1.98746 -0.0100497 0)
(1.99039 -0.0119191 0)
(1.9929 -0.0159358 0)
(1.99499 -0.0173737 0)
(1.99723 -0.0169743 0)
(2.00004 -0.0191389 0)
(2.00224 -0.0224455 0)
(2.00448 -0.0229229 0)
(2.00677 -0.0225432 0)
(2.00976 -0.0248038 0)
(2.01196 -0.0277284 0)
(2.01405 -0.0282165 0)
(2.01601 -0.0282954 0)
(2.01857 -0.0307565 0)
(2.02051 -0.0337907 0)
(2.02242 -0.0347404 0)
(2.02441 -0.0342243 0)
(2.0263 -0.0346395 0)
(2.02824 -0.0361958 0)
(2.0299 -0.0370685 0)
(2.03186 -0.0362421 0)
(2.03323 -0.0356494 0)
(2.03457 -0.0363437 0)
(2.036 -0.0365648 0)
(2.03714 -0.0364452 0)
(2.03723 -0.0354999 0)
(2.03694 -0.0341343 0)
(2.0351 -0.030692 0)
(2.03264 -0.0274518 0)
(2.02805 -0.022119 0)
(2.02138 -0.0119098 0)
(2.01659 -0.00808987 0)
(2.01214 -0.00448569 0)
(2.00543 0.00464144 0)
(2.00219 0.00941327 0)
(2.00046 0.00947188 0)
(1.99847 0.0117006 0)
(1.99735 0.0137741 0)
(1.99685 0.0148556 0)
(1.99628 0.0158376 0)
(1.9962 0.0166025 0)
(1.99622 0.0172007 0)
(1.99617 0.0173874 0)
(1.99644 0.0178564 0)
(1.99673 0.0184349 0)
(1.99707 0.0186835 0)
(1.99764 0.0186072 0)
(1.99833 0.0184213 0)
(1.99903 0.0183001 0)
(1.99972 0.0183372 0)
(2.00041 0.0185303 0)
(2.00113 0.0186258 0)
(2.00198 0.0185102 0)
(2.00286 0.0184892 0)
(2.00376 0.0187815 0)
(2.00452 0.0192844 0)
(2.0052 0.0195626 0)
(2.00584 0.0198905 0)
(2.00629 0.0202773 0)
(2.00721 0.020917 0)
(2.0079 0.0212656 0)
(2.00817 0.0218661 0)
(2.00849 0.0223739 0)
(2.00861 0.0227839 0)
(2.00845 0.0231652 0)
(2.00801 0.0233116 0)
(2.00716 0.0230209 0)
(2.00593 0.0225837 0)
(2.00436 0.0225292 0)
(2.0026 0.0224049 0)
(2.00089 0.021562 0)
(1.99987 0.0209324 0)
(1.99927 0.0210177 0)
(1.99941 0.021179 0)
(1.99988 0.0212442 0)
(2.00071 0.0214958 0)
(2.00153 0.0220132 0)
(2.00266 0.0225358 0)
(2.00398 0.0231149 0)
(2.00417 0.0241486 0)
(2.00413 0.0255584 0)
(2.00334 0.0262504 0)
(1.99979 0.0279608 0)
(1.99223 0.0324732 0)
(1.9813 0.0353695 0)
(1.97114 0.0344103 0)
(1.96385 0.0369132 0)
(1.96158 0.038764 0)
(1.96047 0.0384605 0)
(1.95953 0.0364724 0)
(1.95814 0.0322933 0)
(1.95617 0.0257142 0)
(1.95271 0.0142927 0)
(1.94987 0.00175599 0)
(1.94569 -0.0144734 0)
(1.94515 -0.0261465 0)
(1.94131 -0.0422129 0)
(1.93606 -0.0632097 0)
(1.93581 -0.0683216 0)
(1.88192 0.0660695 0)
(1.88477 0.0651175 0)
(1.88908 0.0599157 0)
(1.8922 0.0555267 0)
(1.89514 0.0549523 0)
(1.89885 0.0527041 0)
(1.90302 0.0479694 0)
(1.90621 0.0458049 0)
(1.90938 0.0459953 0)
(1.91333 0.0435462 0)
(1.91682 0.0391767 0)
(1.91972 0.0380282 0)
(1.9223 0.0380628 0)
(1.9263 0.0346988 0)
(1.92964 0.0308719 0)
(1.93258 0.0298728 0)
(1.93561 0.0287196 0)
(1.93906 0.0265176 0)
(1.94254 0.0238471 0)
(1.94542 0.020846 0)
(1.94798 0.0196497 0)
(1.95074 0.0193893 0)
(1.95409 0.0165689 0)
(1.95689 0.0120121 0)
(1.95939 0.0102846 0)
(1.96217 0.0105278 0)
(1.96543 0.00818683 0)
(1.96831 0.00365719 0)
(1.97074 0.00175609 0)
(1.97352 0.00227487 0)
(1.97658 0.000580201 0)
(1.97947 -0.003612 0)
(1.98174 -0.00546809 0)
(1.98425 -0.00491943 0)
(1.98715 -0.00670773 0)
(1.9899 -0.010946 0)
(1.99205 -0.0126719 0)
(1.99434 -0.0123243 0)
(1.99736 -0.0144159 0)
(1.99998 -0.0181401 0)
(2.0023 -0.0191122 0)
(2.00476 -0.0188798 0)
(2.00775 -0.0212615 0)
(2.00984 -0.0244001 0)
(2.01184 -0.0248361 0)
(2.01368 -0.0245405 0)
(2.01618 -0.0268954 0)
(2.01821 -0.0298933 0)
(2.02029 -0.0304734 0)
(2.02213 -0.0300728 0)
(2.02481 -0.0314822 0)
(2.02748 -0.0342036 0)
(2.02944 -0.0356663 0)
(2.03154 -0.0353524 0)
(2.03318 -0.0355037 0)
(2.03485 -0.036993 0)
(2.03627 -0.0378826 0)
(2.03778 -0.0376567 0)
(2.03937 -0.0368525 0)
(2.03957 -0.0364513 0)
(2.03959 -0.0353452 0)
(2.03908 -0.0336031 0)
(2.03685 -0.0300692 0)
(2.0329 -0.023806 0)
(2.02927 -0.0203944 0)
(2.0234 -0.0141785 0)
(2.0148 -0.00139959 0)
(2.01008 0.0040275 0)
(2.00793 0.00476933 0)
(2.00367 0.0098725 0)
(2.00075 0.0140763 0)
(1.99926 0.0152683 0)
(1.99806 0.016146 0)
(1.9973 0.0170912 0)
(1.99739 0.0178676 0)
(1.99715 0.0181642 0)
(1.99707 0.0187513 0)
(1.99712 0.019567 0)
(1.99724 0.0200444 0)
(1.9976 0.0201026 0)
(1.9982 0.0199045 0)
(1.9989 0.0197178 0)
(1.99967 0.0197919 0)
(2.0004 0.0199371 0)
(2.00119 0.0197928 0)
(2.00204 0.0194394 0)
(2.00285 0.0192048 0)
(2.00368 0.0193312 0)
(2.00434 0.0196081 0)
(2.00487 0.0197657 0)
(2.00543 0.0200507 0)
(2.00608 0.0205224 0)
(2.00734 0.0210676 0)
(2.00798 0.0214096 0)
(2.00836 0.0218436 0)
(2.00872 0.0222364 0)
(2.00884 0.0226652 0)
(2.00868 0.0229912 0)
(2.00817 0.0230895 0)
(2.00718 0.02281 0)
(2.00578 0.0223664 0)
(2.0041 0.0222559 0)
(2.00228 0.0218388 0)
(2.0008 0.0209517 0)
(2 0.0207187 0)
(1.99966 0.0208301 0)
(1.99999 0.0207796 0)
(2.00062 0.0208159 0)
(2.00141 0.0212973 0)
(2.00236 0.0215135 0)
(2.00407 0.0221266 0)
(2.00604 0.0227855 0)
(2.0064 0.0236569 0)
(2.00638 0.0249452 0)
(2.00581 0.0254029 0)
(2.00305 0.0263973 0)
(1.99656 0.0298788 0)
(1.98607 0.0304494 0)
(1.97395 0.0315881 0)
(1.9646 0.0346203 0)
(1.95889 0.0331111 0)
(1.95365 0.0273763 0)
(1.94807 0.0173904 0)
(1.9427 0.00632765 0)
(1.93498 -0.0102637 0)
(1.93192 -0.0226904 0)
(1.92833 -0.0377413 0)
(1.92172 -0.0601259 0)
(1.92198 -0.068389 0)
(1.92558 -0.0696826 0)
(1.92705 -0.0762759 0)
(1.92599 -0.0838194 0)
(1.87756 0.0736511 0)
(1.88071 0.0722554 0)
(1.88516 0.0668845 0)
(1.88833 0.0628604 0)
(1.89137 0.0626279 0)
(1.89515 0.060518 0)
(1.8995 0.0556451 0)
(1.90278 0.0534007 0)
(1.90598 0.0533451 0)
(1.91015 0.0503205 0)
(1.9136 0.0456711 0)
(1.91651 0.0446773 0)
(1.91919 0.044519 0)
(1.92323 0.0407414 0)
(1.92624 0.0371686 0)
(1.92896 0.0372339 0)
(1.93212 0.0357557 0)
(1.93594 0.0320247 0)
(1.93914 0.0301462 0)
(1.94214 0.0279797 0)
(1.94482 0.0253138 0)
(1.94757 0.0243379 0)
(1.95072 0.0223948 0)
(1.95367 0.0181538 0)
(1.95594 0.0159139 0)
(1.95858 0.0161167 0)
(1.96169 0.0143117 0)
(1.96487 0.00984933 0)
(1.96728 0.00754557 0)
(1.97009 0.00797525 0)
(1.97315 0.00648926 0)
(1.97617 0.00218567 0)
(1.9784 -3.35824e-05 0)
(1.98084 0.000486332 0)
(1.98362 -0.0011678 0)
(1.98657 -0.00557925 0)
(1.98882 -0.00749524 0)
(1.99119 -0.0072504 0)
(1.99441 -0.00938079 0)
(1.99723 -0.0132695 0)
(1.99957 -0.0144564 0)
(2.00196 -0.0141493 0)
(2.00494 -0.0166134 0)
(2.00716 -0.0202593 0)
(2.0092 -0.0210126 0)
(2.01113 -0.0210168 0)
(2.01405 -0.0238604 0)
(2.01633 -0.0272096 0)
(2.01862 -0.0278921 0)
(2.0208 -0.0275706 0)
(2.02357 -0.029131 0)
(2.02608 -0.0317927 0)
(2.02811 -0.0331551 0)
(2.0301 -0.0324631 0)
(2.03156 -0.0324294 0)
(2.03385 -0.0348651 0)
(2.03553 -0.0364017 0)
(2.03744 -0.0360361 0)
(2.03896 -0.03624 0)
(2.04034 -0.0370863 0)
(2.04176 -0.0372731 0)
(2.04211 -0.03681 0)
(2.04201 -0.0352605 0)
(2.04097 -0.0326586 0)
(2.03898 -0.0300438 0)
(2.03374 -0.0234638 0)
(2.0275 -0.0137335 0)
(2.02371 -0.0100683 0)
(2.01876 -0.00406947 0)
(2.01044 0.00735894 0)
(2.00586 0.0133109 0)
(2.00378 0.0139774 0)
(2.00118 0.0162841 0)
(1.99966 0.0172142 0)
(1.99852 0.0182057 0)
(1.99792 0.0194265 0)
(1.99773 0.0198428 0)
(1.9978 0.0205181 0)
(1.99792 0.0210363 0)
(1.9982 0.0210991 0)
(1.99863 0.0209514 0)
(1.99916 0.0208245 0)
(1.99985 0.0209708 0)
(2.00053 0.0212479 0)
(2.0012 0.0211917 0)
(2.00188 0.0207584 0)
(2.00251 0.020323 0)
(2.00315 0.0200675 0)
(2.00373 0.0200191 0)
(2.00418 0.0199194 0)
(2.0049 0.0199726 0)
(2.00592 0.0203276 0)
(2.0072 0.0207126 0)
(2.00776 0.0212329 0)
(2.00824 0.0217731 0)
(2.00861 0.0222567 0)
(2.00871 0.0225515 0)
(2.00849 0.0228644 0)
(2.00793 0.022966 0)
(2.00679 0.0223858 0)
(2.00528 0.0218382 0)
(2.00358 0.0217872 0)
(2.0019 0.0212182 0)
(2.00076 0.0205496 0)
(2.00019 0.0206011 0)
(2.00014 0.0205881 0)
(2.0006 0.0204991 0)
(2.00137 0.020804 0)
(2.00201 0.0211651 0)
(2.00354 0.021393 0)
(2.00576 0.0217532 0)
)
;

boundaryField
{
    inlet
    {
        type            fixedValue;
        value           nonuniform 0();
    }
    outlet
    {
        type            inletOutlet;
        inletValue      nonuniform 0();
        value           nonuniform 0();
    }
    bottom
    {
        type            symmetryPlane;
    }
    top
    {
        type            symmetryPlane;
    }
    obstacle
    {
        type            slip;
    }
    front
    {
        type            empty;
    }
    back
    {
        type            empty;
    }
    procBoundary22to14
    {
        type            processor;
        value           nonuniform List<vector> 
133
(
(1.98185 0.0125364 0)
(1.98196 0.0135878 0)
(1.98214 0.0139407 0)
(1.98236 0.0144238 0)
(1.98248 0.0154009 0)
(1.98242 0.0161306 0)
(1.9825 0.0166896 0)
(1.98267 0.0173845 0)
(1.98284 0.017946 0)
(1.98306 0.018364 0)
(1.9832 0.0189532 0)
(1.98355 0.0194844 0)
(1.98402 0.0198903 0)
(1.98428 0.020424 0)
(1.98464 0.0212503 0)
(1.9851 0.022 0)
(1.9857 0.0227447 0)
(1.98586 0.0235447 0)
(1.98637 0.0244741 0)
(1.98711 0.025209 0)
(1.98734 0.0260348 0)
(1.98798 0.027089 0)
(1.98891 0.0278688 0)
(1.98984 0.0289732 0)
(1.9903 0.0300244 0)
(1.99121 0.0307556 0)
(1.99187 0.0315314 0)
(1.99203 0.0328039 0)
(1.99241 0.0336716 0)
(1.99295 0.0339974 0)
(1.99285 0.0348685 0)
(1.99257 0.0359017 0)
(1.99236 0.0367069 0)
(1.99177 0.0373357 0)
(1.99077 0.0377234 0)
(1.98902 0.0384819 0)
(1.98604 0.038951 0)
(1.98096 0.0386115 0)
(1.97275 0.0397197 0)
(1.96171 0.0412316 0)
(1.95036 0.0399922 0)
(1.94318 0.0406365 0)
(1.94164 0.0427496 0)
(1.94181 0.0446818 0)
(1.94306 0.0459524 0)
(1.94466 0.0476613 0)
(1.94574 0.0483624 0)
(1.94811 0.0488241 0)
(1.95136 0.0496295 0)
(1.95522 0.0503812 0)
(1.95941 0.0511552 0)
(1.96366 0.0524691 0)
(1.96804 0.0539074 0)
(1.97255 0.0549777 0)
(1.97701 0.0560534 0)
(1.98094 0.0571387 0)
(1.98439 0.0576594 0)
(1.98796 0.0572969 0)
(1.92843 -0.00779354 0)
(1.93099 -0.0100919 0)
(1.93323 -0.0119705 0)
(1.93587 -0.0114444 0)
(1.93839 -0.0109378 0)
(1.94117 -0.0121921 0)
(1.94381 -0.0131274 0)
(1.94681 -0.0125056 0)
(1.94951 -0.0120125 0)
(1.95201 -0.0130109 0)
(1.9542 -0.0137582 0)
(1.95647 -0.0130842 0)
(1.95839 -0.0125659 0)
(1.96019 -0.0135172 0)
(1.96198 -0.014359 0)
(1.96428 -0.0137728 0)
(1.96658 -0.0130768 0)
(1.96906 -0.0134112 0)
(1.97143 -0.0138588 0)
(1.97382 -0.0136701 0)
(1.97595 -0.0131927 0)
(1.97781 -0.0132543 0)
(1.97949 -0.0137776 0)
(1.98104 -0.0141755 0)
(1.98246 -0.0141298 0)
(1.98384 -0.0140627 0)
(1.98559 -0.0143577 0)
(1.98767 -0.0147214 0)
(1.98987 -0.014813 0)
(1.99198 -0.0147857 0)
(1.99383 -0.0148331 0)
(1.99542 -0.0146782 0)
(1.99692 -0.013938 0)
(1.99817 -0.013615 0)
(1.99893 -0.0132144 0)
(1.99961 -0.0126825 0)
(2.00047 -0.0122756 0)
(2.00063 -0.0105518 0)
(2.00087 -0.00893683 0)
(2.00082 -0.00760544 0)
(1.99959 -0.00501319 0)
(1.99782 -0.00349359 0)
(1.99555 -0.00295727 0)
(1.99189 -0.000418247 0)
(1.98907 0.00283236 0)
(1.9869 0.00337568 0)
(1.98565 0.00306284 0)
(1.98482 0.00364426 0)
(1.98428 0.00464275 0)
(1.98411 0.00547073 0)
(1.98391 0.00587394 0)
(1.98378 0.00613769 0)
(1.98377 0.0062885 0)
(1.98382 0.00629675 0)
(1.98395 0.00631864 0)
(1.98403 0.00646438 0)
(1.984 0.00653038 0)
(1.98394 0.00655664 0)
(1.98383 0.00665803 0)
(1.98373 0.00701991 0)
(1.98358 0.00758221 0)
(1.98343 0.0078544 0)
(1.98336 0.00754361 0)
(1.98321 0.00718704 0)
(1.98312 0.00751796 0)
(1.98304 0.00824797 0)
(1.98296 0.00852374 0)
(1.98291 0.00841075 0)
(1.98279 0.00881018 0)
(1.98264 0.0100066 0)
(1.98239 0.0108902 0)
(1.98233 0.0111733 0)
(1.98238 0.0116365 0)
(1.98247 0.0124814 0)
(1.98247 0.0124814 0)
)
;
    }
    procBoundary22to15
    {
        type            processor;
        value           uniform (1.99254 0.0545608 0);
    }
    procBoundary22to21
    {
        type            processor;
        value           nonuniform List<vector> 
15
(
(1.92475 -0.00717954 0)
(1.92326 -0.00629893 0)
(1.92175 -0.00551643 0)
(1.92007 -0.00417064 0)
(1.91928 -0.00355413 0)
(1.91709 -0.000216292 0)
(1.91647 0.00116377 0)
(1.91391 0.00604006 0)
(1.91193 0.0103148 0)
(1.9093 0.0154562 0)
(1.90533 0.0224932 0)
(1.90143 0.0292366 0)
(1.8972 0.0362913 0)
(1.8926 0.044021 0)
(1.88824 0.0513485 0)
)
;
    }
    procBoundary22to23
    {
        type            processor;
        value           nonuniform List<vector> 
17
(
(1.99342 0.0526142 0)
(1.99412 0.0507534 0)
(1.99451 0.0488613 0)
(1.99498 0.0471275 0)
(1.99549 0.0453866 0)
(1.99588 0.043574 0)
(1.99617 0.0420253 0)
(1.99621 0.0407347 0)
(1.9962 0.0397442 0)
(1.99624 0.0389208 0)
(1.9961 0.0379965 0)
(1.99505 0.0358592 0)
(1.99014 0.0267216 0)
(1.97502 -0.00196672 0)
(1.95291 -0.0437756 0)
(1.93842 -0.0689861 0)
(1.9251 -0.0905242 0)
)
;
    }
    procBoundary22to29
    {
        type            processor;
        value           nonuniform List<vector> 3((1.88354 0.0594109 0) (1.87894 0.0672706 0) (1.87438 0.0751459 0));
    }
    procBoundary22to30
    {
        type            processor;
        value           nonuniform List<vector> 
133
(
(2.00757 0.0222865 0)
(2.00768 0.0229461 0)
(2.00773 0.023671 0)
(2.00708 0.0238548 0)
(2.00446 0.0244628 0)
(1.99847 0.0249995 0)
(1.98841 0.0246994 0)
(1.97344 0.022921 0)
(1.95815 0.0173676 0)
(1.94584 0.00955992 0)
(1.93356 -0.00559407 0)
(1.92597 -0.0195909 0)
(1.92049 -0.0328233 0)
(1.91044 -0.0558888 0)
(1.90771 -0.0664584 0)
(1.91005 -0.0676555 0)
(1.91258 -0.0744144 0)
(1.91255 -0.0828684 0)
(1.91237 -0.0906144 0)
(1.91603 -0.0925564 0)
(1.91948 -0.0928311 0)
(1.87292 0.0821367 0)
(1.87619 0.0805371 0)
(1.88104 0.0749163 0)
(1.88445 0.0708357 0)
(1.88772 0.0705322 0)
(1.89184 0.0680828 0)
(1.89613 0.0629621 0)
(1.89936 0.0608128 0)
(1.90245 0.0608671 0)
(1.90652 0.0576308 0)
(1.90981 0.0529615 0)
(1.91269 0.0521688 0)
(1.91545 0.0517394 0)
(1.91963 0.0475808 0)
(1.92266 0.0438749 0)
(1.9255 0.0438302 0)
(1.92882 0.0421652 0)
(1.93254 0.0376898 0)
(1.93544 0.0359902 0)
(1.9381 0.0353963 0)
(1.94117 0.0320062 0)
(1.9439 0.0298776 0)
(1.94678 0.0288241 0)
(1.94991 0.0251489 0)
(1.95222 0.0220955 0)
(1.95479 0.0219313 0)
(1.95785 0.0204347 0)
(1.96136 0.0160193 0)
(1.96382 0.0133482 0)
(1.96659 0.0136073 0)
(1.96969 0.0121258 0)
(1.9728 0.00774199 0)
(1.97501 0.00536576 0)
(1.97738 0.0059017 0)
(1.98011 0.0042794 0)
(1.98309 -0.00020259 0)
(1.98537 -0.00211833 0)
(1.98772 -0.0017867 0)
(1.99095 -0.00390733 0)
(1.99402 -0.0080399 0)
(1.99639 -0.00951244 0)
(1.99879 -0.00947034 0)
(2.00191 -0.0121915 0)
(2.00423 -0.0160614 0)
(2.00635 -0.0168851 0)
(2.00831 -0.016738 0)
(2.01126 -0.0194871 0)
(2.01357 -0.0227868 0)
(2.01589 -0.0232756 0)
(2.01804 -0.0230816 0)
(2.02116 -0.0253167 0)
(2.02378 -0.0287277 0)
(2.02593 -0.0300887 0)
(2.02791 -0.0295111 0)
(2.02992 -0.0304033 0)
(2.03253 -0.0333032 0)
(2.03443 -0.0355319 0)
(2.03664 -0.0354726 0)
(2.03824 -0.0350467 0)
(2.04023 -0.0365467 0)
(2.04144 -0.0377048 0)
(2.04279 -0.0379463 0)
(2.04407 -0.0369995 0)
(2.04422 -0.0360903 0)
(2.044 -0.0349574 0)
(2.04223 -0.0320821 0)
(2.03941 -0.0273175 0)
(2.0363 -0.0228043 0)
(2.02868 -0.0124058 0)
(2.02146 -0.00288359 0)
(2.01872 -0.000957029 0)
(2.01297 0.00611203 0)
(2.00664 0.0155449 0)
(2.00348 0.0171947 0)
(2.00084 0.019141 0)
(1.99942 0.0210476 0)
(1.99847 0.0215148 0)
(1.99825 0.0218229 0)
(1.99816 0.0222769 0)
(1.99845 0.0227918 0)
(1.99868 0.0229162 0)
(1.99916 0.0228285 0)
(1.99986 0.0226855 0)
(2.00065 0.0226289 0)
(2.00145 0.0223398 0)
(2.00211 0.0217665 0)
(2.00254 0.0212367 0)
(2.00285 0.0207387 0)
(2.00306 0.0203949 0)
(2.00357 0.0202795 0)
(2.00449 0.0204663 0)
(2.00573 0.0208226 0)
(2.00693 0.0210618 0)
(2.00748 0.0213722 0)
(2.008 0.0216147 0)
(2.00826 0.0218623 0)
(2.00822 0.0222188 0)
(2.00786 0.0223614 0)
(2.00713 0.0224125 0)
(2.00599 0.0222252 0)
(2.00444 0.0217205 0)
(2.00275 0.0213041 0)
(2.00132 0.0206587 0)
(2.00054 0.0204767 0)
(2.00036 0.0206183 0)
(2.00061 0.0205347 0)
(2.00121 0.0204972 0)
(2.00178 0.0206635 0)
(2.00269 0.0208472 0)
(2.00444 0.0208132 0)
(2.00757 0.0222865 0)
(2.00702 0.0212679 0)
)
;
    }
}


// ************************************************************************* //
