/*--------------------------------*- C++ -*----------------------------------*\
  =========                 |
  \\      /  F ield         | OpenFOAM: The Open Source CFD Toolbox
   \\    /   O peration     | Website:  https://openfoam.org
    \\  /    A nd           | Version:  7
     \\/     M anipulation  |
\*---------------------------------------------------------------------------*/
FoamFile
{
    version     2.0;
    format      ascii;
    class       volScalarField;
    location    "1.775";
    object      p;
}
// * * * * * * * * * * * * * * * * * * * * * * * * * * * * * * * * * * * * * //

dimensions      [0 2 -2 0 0 0 0];

internalField   nonuniform List<scalar> 
6400
(
9.6282e-06
2.89266e-05
-0.000476953
-0.00151063
-0.00295434
-0.00469771
-0.00664033
-0.00869257
-0.0107771
-0.0128286
-0.0147917
-0.0166203
-0.018276
-0.0197269
-0.0209472
-0.0219163
-0.0226178
-0.0230398
-0.0231735
-0.0230137
-0.0225578
-0.021806
-0.0207606
-0.0194263
-0.0178095
-0.0159184
-0.0137629
-0.0113544
-0.00870537
-0.00582977
-0.00274261
0.00054006
0.00400123
0.00762302
0.0113868
0.0152731
0.0192619
0.0233327
0.0274643
0.0316352
0.0358236
0.0400073
0.0441642
0.0482719
0.0523081
0.0562509
0.0600783
0.0637689
0.0673018
0.0706567
0.0738142
0.0767558
0.0794642
0.0819232
0.0841181
0.086036
0.0876656
0.0889978
0.0900256
0.0907444
0.0911522
0.0912499
0.0910417
0.0905348
0.0897403
0.0886734
0.0873532
0.0858041
0.0840554
0.0821423
0.0801068
0.0779978
0.0758731
0.0737997
0.0718552
0.0701281
0.0687156
0.0677219
0.0672537
0.0672915
4.61998e-06
1.88136e-05
-0.000435009
-0.00131911
-0.00253409
-0.0040007
-0.00564297
-0.00738848
-0.00917191
-0.0109359
-0.0126309
-0.0142142
-0.0156497
-0.0169071
-0.0179614
-0.018792
-0.0193828
-0.0197213
-0.0197983
-0.0196078
-0.0191466
-0.0184137
-0.0174107
-0.0161412
-0.0146105
-0.0128257
-0.0107956
-0.00853039
-0.00604146
-0.00334154
-0.000444419
0.00263505
0.00588109
0.00927706
0.0128056
0.0164485
0.0201871
0.0240021
0.0278737
0.0317819
0.035706
0.0396255
0.0435195
0.0473671
0.0511477
0.0548405
0.0584253
0.0618821
0.0651915
0.0683348
0.071294
0.0740521
0.0765933
0.0789029
0.0809677
0.082776
0.0843179
0.0855855
0.0865729
0.0872766
0.0876956
0.0878316
0.0876893
0.0872764
0.0866044
0.0856881
0.0845466
0.0832034
0.0816865
0.0800292
0.0782705
0.0764552
0.074635
0.0728683
0.0712205
0.0697631
0.0685692
0.0677138
0.0672902
0.067329
0.000512487
0.000474488
2.02596e-05
-0.000796374
-0.00188809
-0.00319156
-0.00464553
-0.00618988
-0.00776893
-0.0093326
-0.0108366
-0.0122421
-0.0135159
-0.0146294
-0.015559
-0.0162849
-0.0167913
-0.0170659
-0.0170994
-0.0168854
-0.0164204
-0.0157028
-0.0147337
-0.0135156
-0.0120535
-0.0103534
-0.00842339
-0.00627263
-0.00391171
-0.00135237
0.00139254
0.00430917
0.00738274
0.0105976
0.0139375
0.0173852
0.0209231
0.024533
0.0281963
0.0318939
0.0356065
0.0393145
0.0429984
0.0466383
0.0502147
0.0537082
0.0570997
0.0603704
0.0635022
0.0664774
0.0692793
0.0718922
0.0743012
0.0764928
0.0784549
0.0801769
0.0816497
0.0828663
0.0838218
0.0845132
0.0849402
0.0851049
0.0850124
0.0846705
0.0840906
0.0832871
0.0822784
0.081087
0.0797391
0.078266
0.0767034
0.0750922
0.0734783
0.0719127
0.0704515
0.0691539
0.0680793
0.0672878
0.0668652
0.0668627
0.00154635
0.00136124
0.000837126
1.71725e-05
-0.00103189
-0.00225645
-0.00360472
-0.00502593
-0.00647242
-0.00790057
-0.00927115
-0.0105494
-0.011705
-0.0127119
-0.0135477
-0.0141941
-0.0146361
-0.0148616
-0.0148618
-0.0146303
-0.0141633
-0.0134591
-0.0125183
-0.0113431
-0.00993775
-0.00830787
-0.00646069
-0.00440479
-0.00215
0.000292697
0.00291126
0.00569265
0.00862294
0.0116874
0.0148704
0.018156
0.0215272
0.0249668
0.0284572
0.0319801
0.0355173
0.0390502
0.0425601
0.0460283
0.0494361
0.0527652
0.0559975
0.059115
0.0621008
0.0649381
0.0676112
0.0701052
0.0724061
0.0745014
0.0763797
0.0780312
0.0794476
0.0806224
0.0815513
0.0822317
0.0826638
0.0828498
0.0827947
0.0825065
0.0819958
0.0812768
0.0803667
0.0792865
0.0780609
0.0767185
0.075292
0.0738181
0.0723376
0.0708952
0.0695391
0.0683197
0.0672875
0.0664942
0.0660077
0.0658722
0.00299645
0.0025847
0.00193262
0.0010597
3.19607e-06
-0.00119203
-0.00248205
-0.00382454
-0.00517921
-0.00650852
-0.00777826
-0.00895769
-0.0100197
-0.0109405
-0.0117
-0.0122811
-0.0126698
-0.0128549
-0.0128278
-0.0125826
-0.0121154
-0.0114245
-0.0105102
-0.00937443
-0.00802098
-0.00645505
-0.0046833
-0.0027137
-0.00055545
0.00178115
0.00428476
0.00694311
0.00974302
0.0126705
0.015711
0.018849
0.0220686
0.0253534
0.0286867
0.032051
0.0354291
0.0388032
0.0421554
0.0454681
0.0487235
0.051904
0.0549925
0.057972
0.0608263
0.0635395
0.0660968
0.068484
0.070688
0.0726969
0.0745
0.0760882
0.0774537
0.0785907
0.0794949
0.0801645
0.0805993
0.080802
0.0807773
0.0805328
0.0800786
0.0794281
0.0785974
0.0776058
0.0764762
0.0752344
0.0739099
0.0725355
0.0711471
0.0697833
0.0684853
0.0672955
0.0662572
0.0654141
0.0648075
0.0644596
0.0047606
0.00407178
0.00324857
0.00228237
0.00117701
-3.04325e-05
-0.00130267
-0.00260498
-0.00390377
-0.00516718
-0.00636572
-0.00747263
-0.00846394
-0.0093186
-0.0100184
-0.0105479
-0.0108944
-0.0110476
-0.0109995
-0.0107445
-0.010279
-0.00960143
-0.00871191
-0.00761232
-0.00630605
-0.00479796
-0.00309428
-0.00120246
0.000868847
0.00310993
0.00551008
0.00805768
0.0107403
0.0135446
0.0164567
0.019462
0.0225454
0.0256911
0.0288833
0.0321053
0.0353406
0.0385724
0.0417835
0.0449572
0.0480763
0.0511243
0.0540846
0.0569412
0.0596785
0.0622815
0.0647359
0.0670284
0.0691465
0.0710789
0.0728154
0.0743474
0.0756676
0.0767704
0.0776521
0.0783105
0.078746
0.0789608
0.0789594
0.078749
0.0783391
0.0777419
0.0769723
0.0760481
0.0749898
0.0738208
0.0725675
0.0712587
0.0699256
0.0686015
0.0673212
0.0661199
0.0650348
0.0641024
0.0633327
0.0627216
0.00674801
0.00575387
0.0047297
0.0036386
0.00245043
0.00119576
-9.359e-05
-0.00138958
-0.00266462
-0.00389201
-0.00504666
-0.00610557
-0.00704791
-0.00785524
-0.00851145
-0.00900281
-0.0093179
-0.00944749
-0.00938445
-0.00912366
-0.00866189
-0.00799771
-0.00713135
-0.00606459
-0.00480067
-0.0033442
-0.00170105
0.000121722
0.00211594
0.00427239
0.0065809
0.00903045
0.0116092
0.0143045
0.0171031
0.0199911
0.022954
0.025977
0.0290445
0.0321411
0.0352507
0.0383571
0.0414442
0.0444957
0.0474954
0.0504272
0.0532754
0.0560246
0.0586598
0.0611668
0.0635317
0.0657419
0.0677854
0.0696513
0.07133
0.072813
0.0740935
0.0751661
0.0760271
0.0766746
0.0771086
0.0773311
0.0773464
0.0771609
0.0767833
0.0762248
0.0754989
0.0746218
0.0736118
0.0724899
0.0712792
0.070005
0.0686943
0.0673756
0.0660778
0.0648301
0.0636644
0.0626113
0.0616484
0.0607446
0.00887933
0.0075664
0.00632216
0.00508298
0.00378593
0.0024563
0.00112154
-0.000196122
-0.00147442
-0.00269124
-0.00382557
-0.00485789
-0.0057704
-0.00654717
-0.0071742
-0.00763951
-0.00793307
-0.00804679
-0.00797442
-0.0077115
-0.00725526
-0.00660456
-0.00575978
-0.00472275
-0.00349665
-0.00208593
-0.0004962
0.00126578
0.00319222
0.00527435
0.00750246
0.00986601
0.0123537
0.0149535
0.0176527
0.020438
0.0232956
0.0262112
0.02917
0.0321571
0.0351571
0.0381545
0.0411337
0.0440792
0.0469753
0.0498066
0.052558
0.0552145
0.0577619
0.0601863
0.0624744
0.0646141
0.0665937
0.0684027
0.0700318
0.0714728
0.0727191
0.0737653
0.0746077
0.0752444
0.0756751
0.0759015
0.0759274
0.0757585
0.0754026
0.0748698
0.0741722
0.0733242
0.0723423
0.0712449
0.0700522
0.0687862
0.0674702
0.0661281
0.0647841
0.0634618
0.0621891
0.0609918
0.0598161
0.0586052
0.0110875
0.00945181
0.00797642
0.00657296
0.00514757
0.00372148
0.00231875
0.000956616
-0.000347292
-0.00157496
-0.00270902
-0.0037332
-0.0046325
-0.00539341
-0.006004
-0.006454
-0.00673483
-0.00683956
-0.00676289
-0.00650109
-0.00605195
-0.00541469
-0.00458995
-0.00357968
-0.00238707
-0.00101649
0.000526583
0.00223564
0.00410318
0.00612079
0.00827917
0.0105682
0.0129771
0.0154942
0.0181074
0.020804
0.0235706
0.0263936
0.0292588
0.0321517
0.0350575
0.0379614
0.0408483
0.0437031
0.0465108
0.0492566
0.0519256
0.0545036
0.0569767
0.0593313
0.0615548
0.0636351
0.0655611
0.0673224
0.06891
0.0703157
0.0715331
0.0725566
0.0733827
0.074009
0.0744351
0.0746623
0.0746936
0.0745341
0.0741906
0.073672
0.0729892
0.0721548
0.0711833
0.0700909
0.0688952
0.0676151
0.0662704
0.0648815
0.0634679
0.0620489
0.0606492
0.059291
0.0578907
0.0563675
0.0133165
0.0113599
0.00964795
0.00806938
0.00650148
0.00496251
0.00347399
0.00204896
0.000701022
-0.000555375
-0.00170614
-0.00273793
-0.00363835
-0.00439617
-0.00500144
-0.00544557
-0.0057214
-0.00582318
-0.00574658
-0.00548868
-0.00504786
-0.00442381
-0.00361747
-0.00263098
-0.00146761
-0.000131744
0.00137124
0.00303497
0.00485218
0.00681474
0.00891369
0.0111393
0.0134811
0.015928
0.0184682
0.0210895
0.023779
0.0265236
0.0293096
0.032123
0.0349495
0.0377748
0.0405843
0.0433632
0.0460972
0.0487717
0.0513725
0.0538856
0.0562974
0.0585948
0.0607653
0.0627972
0.0646795
0.0664022
0.067956
0.0693332
0.0705269
0.0715318
0.072344
0.0729608
0.0733815
0.0736069
0.0736393
0.073483
0.0731439
0.0726297
0.0719499
0.0711155
0.0701393
0.0690353
0.0678186
0.0665056
0.065113
0.0636578
0.0621561
0.0606231
0.0590816
0.0575508
0.0559195
0.0540851
0.0155195
0.0132473
0.0112971
0.00953658
0.00781615
0.00615196
0.00456379
0.00306114
0.0016542
0.000354302
-0.00082735
-0.00188005
-0.00279379
-0.00355945
-0.00416896
-0.00461534
-0.00489281
-0.0049968
-0.00492398
-0.00467221
-0.00424054
-0.00362918
-0.00283942
-0.00187365
-0.000735294
0.000571221
0.00204053
0.00366635
0.00544157
0.00735828
0.00940777
0.0115806
0.0138667
0.0162554
0.0187351
0.0212941
0.02392
0.0265999
0.0293208
0.0320689
0.0348305
0.0375917
0.0403381
0.0430556
0.04573
0.0483473
0.0508934
0.0533547
0.0557179
0.0579702
0.0600992
0.0620934
0.0639419
0.0656346
0.0671626
0.0685178
0.0696934
0.0706839
0.0714849
0.0720936
0.0725087
0.0727304
0.0727605
0.0726023
0.0722608
0.0717426
0.0710558
0.0702101
0.0692162
0.0680865
0.0668339
0.0654722
0.0640157
0.0624787
0.060874
0.0592138
0.0575193
0.0558083
0.0539436
0.0518022
0.0176571
0.0150763
0.0128886
0.0109422
0.00906241
0.00726396
0.00556552
0.00397367
0.0024957
0.00114025
-8.39976e-05
-0.00116868
-0.00210596
-0.00288867
-0.00351048
-0.00396594
-0.00425062
-0.0043611
-0.00429501
-0.00405104
-0.00362891
-0.00302937
-0.00225413
-0.00130589
-0.000188251
0.00109425
0.00253621
0.00413141
0.0058728
0.00775263
0.0097624
0.0118929
0.0141344
0.0164764
0.0189078
0.0214172
0.0239924
0.0266211
0.0292904
0.0319871
0.0346978
0.0374088
0.0401062
0.0427762
0.0454049
0.0479784
0.0504831
0.0529055
0.0552326
0.0574516
0.0595503
0.0615173
0.0633417
0.0650134
0.0665233
0.0678634
0.0690265
0.0700069
0.0708
0.0714024
0.0718123
0.0720294
0.0720546
0.0718905
0.0715412
0.0710121
0.07031
0.0694432
0.0684209
0.0672537
0.0659526
0.0645293
0.062996
0.0613644
0.0596451
0.0578476
0.0559923
0.0540961
0.0519977
0.0495554
0.0196958
0.0168139
0.0143911
0.0122571
0.0102134
0.00827416
0.00645745
0.00476742
0.00320888
0.0017882
0.000511848
-0.000613903
-0.00158315
-0.00239051
-0.00303127
-0.00350143
-0.00379784
-0.00391818
-0.00386105
-0.00362593
-0.00321325
-0.00262429
-0.00186123
-0.00092711
0.000174224
0.0014381
0.00285903
0.0044308
0.00614641
0.00799818
0.00997777
0.0120762
0.0142839
0.0165906
0.0189855
0.0214576
0.0239949
0.0265853
0.0292163
0.031875
0.0345483
0.0372228
0.039885
0.0425211
0.0451175
0.0476605
0.0501368
0.0525329
0.054836
0.0570335
0.0591131
0.0610633
0.0628732
0.0645328
0.0660326
0.0673645
0.0685211
0.0694963
0.070285
0.0708835
0.0712894
0.0715016
0.0715204
0.0713476
0.0709862
0.0704406
0.0697164
0.0688206
0.0677611
0.0665466
0.0651867
0.0636912
0.0620705
0.0603344
0.0584913
0.0565488
0.0545272
0.0524428
0.050112
0.0473751
0.0216069
0.0184316
0.0157767
0.0134545
0.0112442
0.0091597
0.00721881
0.00542372
0.0037772
0.00228363
0.00094757
-0.000226554
-0.00123458
-0.00207273
-0.00273778
-0.0032271
-0.00353873
-0.00367144
-0.00362473
-0.00339892
-0.00299507
-0.00241506
-0.00166153
-0.000737883
0.00035174
0.00160248
0.00300875
0.00456426
0.00626205
0.00809448
0.0100533
0.0121296
0.0143141
0.0165966
0.0189668
0.0214135
0.0239253
0.0264902
0.0290959
0.0317298
0.0343791
0.0370305
0.0396707
0.0422862
0.0448636
0.0473893
0.0498499
0.0522323
0.0545235
0.0567109
0.0587824
0.0607263
0.0625316
0.064188
0.0656859
0.0670169
0.0681733
0.0691484
0.0699369
0.0705345
0.0709382
0.0711461
0.0711579
0.0709745
0.0705979
0.0700316
0.06928
0.068349
0.0672449
0.0659754
0.0645483
0.0629722
0.0612556
0.0594069
0.0574329
0.0553397
0.0531478
0.0508736
0.0483122
0.045287
0.0233653
0.0199037
0.0170202
0.0145103
0.0121319
0.00989905
0.00782971
0.00592444
0.00418425
0.00261185
0.00121014
-1.80908e-05
-0.00107024
-0.00194399
-0.00263748
-0.00314932
-0.00347871
-0.00362543
-0.00358989
-0.00337318
-0.00297704
-0.00240391
-0.00165691
-0.000739829
0.00034288
0.00158612
0.00298417
0.00453065
0.00621857
0.0080403
0.00998765
0.0120518
0.0142235
0.0164929
0.0188496
0.0212829
0.0237813
0.0263332
0.0289264
0.0315485
0.0341868
0.0368283
0.0394597
0.0420678
0.0446392
0.0471604
0.0496181
0.0519991
0.0542905
0.0564795
0.0585539
0.060502
0.0623125
0.0639749
0.0654794
0.066817
0.0679797
0.0689606
0.0697536
0.0703539
0.0707579
0.070963
0.0709681
0.0707732
0.0703796
0.0697895
0.0690067
0.0680354
0.0668813
0.0655505
0.0640497
0.062386
0.0605668
0.0585993
0.0564889
0.0542406
0.0518755
0.0494106
0.0466206
0.0433129
0.024949
0.0212075
0.0180987
0.015402
0.0128549
0.0104719
0.0082711
0.00625189
0.0044138
0.00275809
0.00128622
-4.85123e-07
-0.0011008
-0.00201375
-0.0027387
-0.00327543
-0.00362421
-0.00378577
-0.00376142
-0.003553
-0.0031629
-0.00259413
-0.00185029
-0.000935565
0.000145264
0.00138684
0.00278325
0.00432799
0.00601401
0.00783368
0.00977881
0.0118407
0.01401
0.0162771
0.0186317
0.0210631
0.0235602
0.0261114
0.0287046
0.0313277
0.033968
0.0366125
0.0392483
0.041862
0.0444403
0.0469699
0.0494373
0.0518292
0.0541327
0.056335
0.0584235
0.0603865
0.0622122
0.0638901
0.0654098
0.066762
0.0679382
0.068931
0.0697338
0.0703411
0.0707487
0.0709533
0.070953
0.0707469
0.0703353
0.0697198
0.0689028
0.067888
0.0666795
0.0652826
0.0637029
0.0619463
0.0600193
0.0579281
0.055677
0.0532703
0.0507298
0.0480737
0.0450569
0.0414713
0.026338
0.0223221
0.0189913
0.016109
0.0133932
0.0108588
0.00852462
0.00638886
0.00444981
0.00270753
0.00116219
-0.000186145
-0.00133751
-0.00229216
-0.00305058
-0.00361363
-0.00398256
-0.00415905
-0.0041452
-0.00394362
-0.00355735
-0.00298996
-0.00224552
-0.00132863
-0.000244388
0.00100156
0.00240306
0.00395349
0.00564567
0.00747194
0.00942409
0.0114934
0.0136707
0.0159463
0.0183099
0.0207511
0.0232588
0.0258214
0.0284272
0.0310639
0.0337189
0.0363795
0.0390325
0.0416648
0.044263
0.0468136
0.0493033
0.0517186
0.0540463
0.0562736
0.0583876
0.0603762
0.0622276
0.0639306
0.0654746
0.0668498
0.0680472
0.0690587
0.0698772
0.0704965
0.0709118
0.071119
0.0711153
0.0708992
0.07047
0.0698283
0.0689758
0.0679149
0.0666492
0.0651827
0.0635202
0.0616667
0.0596278
0.0574089
0.0550138
0.0524461
0.0497287
0.0468808
0.0436386
0.0397787
0.0275141
0.0232286
0.0196784
0.0166118
0.0137276
0.0110413
0.00857249
0.00631844
0.00427637
0.00244527
0.000824215
-0.000587865
-0.00179216
-0.00279
-0.00358296
-0.00417288
-0.00456194
-0.00475268
-0.004748
-0.00455121
-0.00416603
-0.00359655
-0.00284735
-0.00192341
-0.000830195
0.000426374
0.00183991
0.00340359
0.00511011
0.00695172
0.00892018
0.0110068
0.0132023
0.0154971
0.017881
0.0203434
0.0228735
0.0254598
0.0280904
0.0307533
0.0334358
0.0361252
0.0388084
0.0414722
0.0441031
0.0466876
0.0492122
0.0516633
0.0540276
0.0562918
0.0584429
0.0604683
0.062356
0.0640942
0.065672
0.067079
0.0683057
0.0693433
0.070184
0.0708212
0.071249
0.0714627
0.0714588
0.0712347
0.0707892
0.0701217
0.0692332
0.0681253
0.0668004
0.065262
0.0635139
0.0615605
0.0594067
0.0570572
0.0545154
0.0517844
0.0488886
0.0458484
0.0423816
0.0382497
0.0284604
0.0239088
0.0201417
0.016892
0.0138398
0.0110015
0.0083974
0.00602403
0.00387765
0.00195636
0.000258239
-0.0012188
-0.00247697
-0.00351864
-0.00434635
-0.00496288
-0.00537128
-0.00557491
-0.00557741
-0.0053828
-0.00499541
-0.00441991
-0.00366135
-0.00272513
-0.00161706
-0.000343357
0.00108935
0.00267402
0.0044032
0.006269
0.00826313
0.0103768
0.0126009
0.0149256
0.0173408
0.0198361
0.0224004
0.0250224
0.0276902
0.0303917
0.0331145
0.0358456
0.0385719
0.0412802
0.0439567
0.046588
0.0491603
0.0516599
0.054073
0.0563863
0.0585862
0.06066
0.0625949
0.064379
0.0660005
0.0674487
0.0687134
0.0697851
0.0706555
0.0713169
0.0717629
0.0719879
0.0719877
0.0717588
0.0712991
0.0706074
0.0696835
0.0685284
0.0671437
0.065532
0.0636966
0.0616411
0.05937
0.0568876
0.0541969
0.0513008
0.0482253
0.044992
0.0413005
0.0368977
0.0291606
0.0243459
0.0203635
0.0169318
0.0137122
0.0107219
0.00798232
0.00548915
0.00323787
0.00122573
-0.00055004
-0.00209246
-0.00340467
-0.00448999
-0.00535187
-0.00599399
-0.00642023
-0.0066347
-0.00664179
-0.00644616
-0.00605277
-0.00546683
-0.00469389
-0.00373977
-0.00261064
-0.00131301
0.000146234
0.00175983
0.00352013
0.00541913
0.0074484
0.00959912
0.011862
0.0142274
0.0166852
0.0192248
0.0218351
0.0245049
0.0272222
0.029975
0.0327507
0.0355364
0.0383188
0.0410845
0.0438198
0.0465109
0.0491438
0.0517046
0.0541793
0.056554
0.058815
0.0609489
0.0629426
0.0647834
0.0664592
0.0679585
0.0692705
0.0703851
0.071293
0.071986
0.0724567
0.0726988
0.0727072
0.0724775
0.0720069
0.0712932
0.0703356
0.0691341
0.0676898
0.0660044
0.0640807
0.0619219
0.0595318
0.0569148
0.0540733
0.0510105
0.0477537
0.0443262
0.0404094
0.0357353
0.0295993
0.0245232
0.020327
0.016714
0.0133274
0.0101855
0.00731043
0.00469742
0.00234115
0.000238141
-0.00161519
-0.00322269
-0.0045884
-0.00571647
-0.00661124
-0.00727722
-0.0077191
-0.00794174
-0.00795021
-0.00774982
-0.00734611
-0.00674486
-0.00595208
-0.00497405
-0.00381729
-0.00248864
-0.000995237
0.000655425
0.00245552
0.00439685
0.00647087
0.00866865
0.0109809
0.0133978
0.0159093
0.0185046
0.0211729
0.0239026
0.0266819
0.0294985
0.0323399
0.035193
0.0380446
0.0408809
0.0436881
0.0464522
0.0491589
0.051794
0.0543432
0.0567921
0.0591266
0.0613329
0.0633972
0.0653063
0.0670475
0.0686085
0.0699778
0.0711446
0.0720989
0.0728315
0.0733343
0.0736001
0.0736228
0.0733974
0.07292
0.0721877
0.0711989
0.0699529
0.06845
0.0666915
0.0646793
0.0624165
0.0599064
0.0571533
0.0541596
0.0509284
0.0474886
0.0438652
0.0397215
0.0347747
0.0297612
0.0244247
0.0200153
0.0162215
0.0126684
0.00937516
0.00636495
0.00363239
0.00117151
-0.00102187
-0.00295207
-0.00462375
-0.00604173
-0.00721101
-0.00813672
-0.00882419
-0.00927887
-0.00950636
-0.00951242
-0.00930297
-0.00888413
-0.00826221
-0.00744371
-0.00643535
-0.00524404
-0.00387694
-0.00234147
-0.000645358
0.00120337
0.00319636
0.00532489
0.00757992
0.00995202
0.0124314
0.0150078
0.0176706
0.0204086
0.0232105
0.0260641
0.0289573
0.0318773
0.0348109
0.0377447
0.040665
0.0435575
0.046408
0.0492019
0.0519246
0.0545614
0.0570977
0.0595187
0.06181
0.0639573
0.0659468
0.0677651
0.0693991
0.0708365
0.0720657
0.0730759
0.0738571
0.0744002
0.0746971
0.0747409
0.0745256
0.0740465
0.0733
0.0722836
0.0709957
0.0694362
0.0676057
0.0655057
0.0631388
0.0605082
0.057618
0.0544706
0.0510692
0.0474445
0.0436233
0.0392503
0.0340278
0.029631
0.0240343
0.0194118
0.0154375
0.0117182
0.00827399
0.00512905
0.00227752
-0.000287247
-0.00257005
-0.00457592
-0.00631028
-0.00777873
-0.00898704
-0.00994113
-0.0106471
-0.0111111
-0.0113396
-0.0113388
-0.0111155
-0.0106762
-0.0100277
-0.0091772
-0.00813169
-0.00689853
-0.00548521
-0.00389946
-0.00214924
-0.000242788
0.00181136
0.00400433
0.00632693
0.00876962
0.0113225
0.0139752
0.0167171
0.019537
0.0224232
0.0253638
0.0283463
0.0313578
0.0343851
0.0374146
0.0404321
0.0434235
0.046374
0.0492688
0.0520929
0.054831
0.0574681
0.0599889
0.0623785
0.0646219
0.0667045
0.0686121
0.070331
0.071848
0.0731507
0.0742272
0.0750667
0.0756592
0.0759957
0.0760683
0.0758701
0.0753954
0.0746399
0.0736002
0.0722741
0.0706607
0.0687602
0.0665736
0.0641031
0.0613519
0.0583238
0.0550215
0.0514481
0.0476363
0.0436146
0.0390092
0.033507
0.0291933
0.0233357
0.0185
0.0143451
0.0104598
0.00686485
0.00358573
0.000615995
-0.0020516
-0.00442248
-0.00650236
-0.00829739
-0.00981393
-0.0110585
-0.0120378
-0.0127587
-0.013228
-0.0134529
-0.0134404
-0.0131977
-0.0127321
-0.0120509
-0.0111616
-0.0100717
-0.00878898
-0.00732132
-0.00567675
-0.00386347
-0.00188995
0.000235091
0.00250262
0.00490328
0.00742741
0.010065
0.0128055
0.0156383
0.0185521
0.0215351
0.0245753
0.02766
0.0307762
0.0339106
0.0370492
0.0401778
0.0432817
0.0463462
0.0493558
0.0522952
0.0551487
0.0579007
0.0605352
0.0630368
0.0653898
0.0675788
0.0695889
0.0714054
0.0730144
0.0744023
0.0755565
0.076465
0.077117
0.0775025
0.0776125
0.0774392
0.076976
0.0762177
0.07516
0.0738002
0.0721365
0.0701687
0.0678973
0.0653243
0.0624527
0.0592863
0.0558277
0.0520805
0.0480792
0.0438539
0.0390119
0.0332248
0.0284326
0.0223127
0.0172628
0.0129271
0.00887559
0.00513033
0.00171766
-0.0013693
-0.0041384
-0.00659565
-0.00874745
-0.0106007
-0.0121624
-0.0134399
-0.0144407
-0.0151723
-0.0156424
-0.0158586
-0.0158289
-0.0155609
-0.0150625
-0.0143417
-0.0134063
-0.0122644
-0.0109241
-0.00939364
-0.00768135
-0.00579575
-0.00374553
-0.00153963
0.000812778
0.00330218
0.00591877
0.00865238
0.0114925
0.0144281
0.017448
0.0205404
0.0236929
0.0268928
0.0301271
0.033382
0.0366434
0.039897
0.0431276
0.0463202
0.049459
0.0525281
0.0555115
0.0583927
0.0611555
0.0637834
0.0662602
0.0685696
0.070696
0.0726236
0.0743377
0.0758236
0.0770677
0.078057
0.0787796
0.0792244
0.0793815
0.079242
0.0787984
0.0780445
0.0769751
0.0755869
0.0738773
0.0718456
0.069492
0.066818
0.0638266
0.0605216
0.0569056
0.0529825
0.0487887
0.0443563
0.039273
0.0331945
0.0273328
0.0209486
0.0156832
0.0111659
0.00694804
0.00305266
-0.00049287
-0.00369591
-0.00656493
-0.00910654
-0.0113278
-0.0132362
-0.0148397
-0.0161463
-0.0171643
-0.0179018
-0.0183674
-0.0185694
-0.0185163
-0.0182165
-0.0176785
-0.0169107
-0.0159216
-0.0147195
-0.0133131
-0.011711
-0.00992173
-0.00795421
-0.00581738
-0.00352035
-0.0010725
0.00151652
0.00423676
0.00707793
0.0100294
0.01308
0.0162184
0.0194327
0.0227105
0.026039
0.0294047
0.0327938
0.0361921
0.0395847
0.0429565
0.0462917
0.0495743
0.052788
0.055916
0.0589416
0.0618475
0.0646168
0.0672323
0.069677
0.0719342
0.0739873
0.0758204
0.077418
0.0787653
0.0798481
0.0806534
0.0811691
0.081384
0.0812882
0.0808733
0.0801319
0.0790582
0.0776478
0.0758976
0.0738062
0.0713734
0.0686005
0.0654902
0.0620465
0.0582721
0.0541709
0.0497815
0.0451379
0.0398076
0.0334301
0.0258772
0.0192259
0.0137433
0.00904343
0.00465887
0.00061354
-0.0030641
-0.00638194
-0.00934905
-0.0119726
-0.0142604
-0.0162207
-0.017862
-0.0191933
-0.0202235
-0.0209617
-0.021417
-0.0215985
-0.0215154
-0.0211767
-0.0205916
-0.0197689
-0.0187178
-0.017447
-0.0159656
-0.0142825
-0.0124067
-0.0103474
-0.00811366
-0.00571497
-0.00316085
-0.000461097
0.0023742
0.00533461
0.00840936
0.0115873
0.0148568
0.0182059
0.0216221
0.0250923
0.0286032
0.0321405
0.0356897
0.0392359
0.0427633
0.046256
0.0496976
0.0530711
0.0563592
0.0595446
0.0626093
0.0655356
0.0683054
0.0709009
0.0733044
0.0754983
0.0774655
0.0791894
0.0806541
0.0818442
0.0827455
0.0833445
0.0836291
0.0835882
0.0832122
0.0824926
0.0814228
0.0799974
0.0782127
0.0760665
0.0735583
0.0706891
0.0674614
0.0638791
0.0599451
0.0556636
0.0510751
0.0462156
0.0406321
0.0339469
0.0240486
0.0171267
0.0114248
0.00654111
0.00198926
-0.00220591
-0.00601489
-0.00944607
-0.0125092
-0.0152121
-0.0175631
-0.0195713
-0.0212462
-0.0225972
-0.0236342
-0.024367
-0.0248056
-0.0249597
-0.0248393
-0.0244541
-0.0238137
-0.0229278
-0.0218059
-0.0204573
-0.0188915
-0.0171178
-0.0151454
-0.012984
-0.0106428
-0.00813163
-0.00546013
-0.00263828
0.000323677
0.00341522
0.00662545
0.00994308
0.0133564
0.0168533
0.0204212
0.0240468
0.0277165
0.0314161
0.0351308
0.0388451
0.0425432
0.0462087
0.0498247
0.0533736
0.0568378
0.060199
0.0634388
0.0665384
0.0694789
0.0722416
0.0748077
0.0771585
0.0792758
0.0811418
0.0827393
0.0840516
0.0850632
0.0857595
0.0861268
0.086153
0.0858272
0.0851398
0.0840832
0.082651
0.0808388
0.0786437
0.0760646
0.0731021
0.0697587
0.0660383
0.0619437
0.0574794
0.0526881
0.0476077
0.0417638
0.0347611
0.021829
0.0146325
0.0087085
0.00363954
-0.00108034
-0.00542532
-0.0093648
-0.0129077
-0.0160645
-0.0188437
-0.0212543
-0.0233062
-0.0250095
-0.0263747
-0.0274124
-0.0281333
-0.0285481
-0.0286674
-0.0285018
-0.0280617
-0.0273574
-0.0263993
-0.0251972
-0.0237612
-0.0221011
-0.0202265
-0.0181472
-0.015873
-0.0134135
-0.0107786
-0.00797837
-0.00502281
-0.00192233
0.00131243
0.00467048
0.00814042
0.0117105
0.0153683
0.0191013
0.022896
0.0267387
0.0306149
0.0345095
0.0384071
0.0422912
0.046145
0.0499512
0.0536918
0.0573484
0.0609022
0.0643338
0.0676237
0.0707522
0.0736993
0.0764452
0.0789702
0.0812546
0.0832795
0.0850263
0.086477
0.0876146
0.0884231
0.0888875
0.0889943
0.0887312
0.0880877
0.0870547
0.0856251
0.0837933
0.0815558
0.078911
0.0758591
0.0724022
0.0685443
0.0642882
0.0596388
0.0546406
0.0493338
0.0432215
0.0358907
0.0191993
0.0117237
0.00557454
0.000318498
-0.00457033
-0.00906512
-0.0131342
-0.0167872
-0.0200351
-0.0228871
-0.0253532
-0.0274438
-0.0291701
-0.0305434
-0.0315751
-0.0322768
-0.03266
-0.0327363
-0.0325169
-0.0320129
-0.0312355
-0.0301954
-0.0289033
-0.0273696
-0.0256047
-0.0236187
-0.0214216
-0.0190235
-0.0164344
-0.0136644
-0.0107237
-0.00762252
-0.00437141
-0.000981119
0.00253727
0.00617229
0.00991206
0.0137442
0.0176559
0.0216336
0.0256635
0.0297308
0.0338204
0.0379163
0.0420019
0.04606
0.0500727
0.0540216
0.0578876
0.0616512
0.0652922
0.0687903
0.0721246
0.0752743
0.0782183
0.0809356
0.0834054
0.0856072
0.087521
0.0891274
0.090408
0.091345
0.0919222
0.0921245
0.0919381
0.0913513
0.0903536
0.0889369
0.0870946
0.0848224
0.0821179
0.0789809
0.0754133
0.0714189
0.0670007
0.0621634
0.0569542
0.051415
0.0450259
0.0373549
0.0161398
0.00837978
0.00200197
-0.00344322
-0.00850203
-0.0131467
-0.0173445
-0.0211055
-0.0244416
-0.0273628
-0.0298796
-0.0320037
-0.0337469
-0.0351214
-0.0361397
-0.0368142
-0.0371575
-0.0371817
-0.0368991
-0.0363216
-0.0354609
-0.0343286
-0.0329359
-0.0312938
-0.029413
-0.0273044
-0.0249781
-0.0224447
-0.0197143
-0.0167974
-0.0137042
-0.0104452
-0.00703113
-0.00347277
0.000218695
0.00403175
0.00795443
0.0119743
0.0160784
0.0202533
0.0244847
0.0287579
0.0330575
0.0373672
0.0416702
0.0459489
0.0501849
0.0543592
0.0584521
0.0624433
0.0663119
0.0700366
0.0735957
0.076967
0.0801283
0.0830572
0.0857316
0.0881296
0.0902295
0.0920104
0.0934522
0.0945357
0.0952427
0.0955567
0.0954625
0.0949465
0.0939973
0.0926051
0.0907625
0.0884642
0.085707
0.08249
0.078815
0.0746856
0.0701045
0.065077
0.0596522
0.0538742
0.047199
0.0391751
0.0126294
0.00457916
-0.00203122
-0.00766788
-0.0128979
-0.0176925
-0.0220179
-0.0258848
-0.029306
-0.032292
-0.0348546
-0.0370061
-0.0387593
-0.0401276
-0.0411244
-0.041763
-0.0420569
-0.0420193
-0.0416633
-0.0410018
-0.0400471
-0.0388115
-0.0373069
-0.0355449
-0.0335367
-0.0312936
-0.0288263
-0.0261456
-0.0232619
-0.0201857
-0.0169278
-0.0134986
-0.0099089
-0.00616971
-0.00229223
0.00171197
0.00583092
0.0100521
0.0143626
0.0187488
0.0231963
0.0276903
0.0322152
0.0367545
0.041291
0.0458069
0.0502832
0.0547004
0.0590382
0.0632755
0.0673907
0.0713614
0.0751648
0.0787777
0.0821765
0.0853376
0.0882372
0.0908518
0.0931583
0.0951339
0.0967568
0.0980059
0.0988615
0.0993051
0.0993198
0.0988905
0.0980041
0.0966495
0.0948181
0.0925034
0.0897013
0.0864105
0.082632
0.0783693
0.0736252
0.0684048
0.0627598
0.0567363
0.0497651
0.0413743
0.00864626
0.000299127
-0.00654822
-0.012379
-0.0177815
-0.0227261
-0.027178
-0.0311484
-0.034651
-0.0376974
-0.0402999
-0.0424721
-0.0442279
-0.0455817
-0.0465478
-0.0471409
-0.0473752
-0.0472652
-0.0468249
-0.0460679
-0.0450075
-0.0436568
-0.0420283
-0.0401342
-0.0379864
-0.0355964
-0.0329756
-0.030135
-0.0270854
-0.0238375
-0.0204021
-0.01679
-0.0130119
-0.00907886
-0.00500224
-0.000793587
0.00353512
0.0079714
0.0125022
0.017114
0.0217923
0.0265222
0.0312879
0.0360727
0.0408592
0.0456291
0.0503631
0.0550413
0.0596425
0.064145
0.0685263
0.072763
0.0768314
0.0807068
0.0843645
0.0877793
0.090926
0.0937792
0.096314
0.0985061
0.100331
0.101767
0.102792
0.103384
0.103526
0.103201
0.102394
0.101091
0.099284
0.0969638
0.094126
0.0907681
0.0868909
0.0824974
0.0775902
0.0721746
0.0663045
0.0600284
0.0527505
0.0439779
0.00416688
-0.00448436
-0.0115736
-0.0176013
-0.0231779
-0.0282726
-0.0328495
-0.0369208
-0.0405009
-0.0436023
-0.0462385
-0.048424
-0.050174
-0.0515039
-0.0524295
-0.0529664
-0.0531301
-0.052936
-0.0523992
-0.0515344
-0.0503558
-0.0488772
-0.0471118
-0.0450727
-0.0427722
-0.0402224
-0.0374351
-0.0344216
-0.031193
-0.0277604
-0.0241345
-0.0203263
-0.0163467
-0.0122067
-0.00791767
-0.00349112
0.00106097
0.00572615
0.0104914
0.0153432
0.0202671
0.0252481
0.0302702
0.0353166
0.0403697
0.0454109
0.0504204
0.0553778
0.0602615
0.0650488
0.0697165
0.0742402
0.0785949
0.0827549
0.0866939
0.0903853
0.093802
0.0969172
0.0997038
0.102136
0.104187
0.105832
0.107047
0.10781
0.1081
0.107898
0.107187
0.105953
0.104184
0.101871
0.0990078
0.0955909
0.0916205
0.0870992
0.0820294
0.0764163
0.0703162
0.06378
0.0561841
0.0470136
-0.000833416
-0.00979678
-0.0171332
-0.0233612
-0.0291135
-0.0343584
-0.0390588
-0.0432279
-0.046881
-0.0500315
-0.0526942
-0.0548848
-0.0566196
-0.0579156
-0.0587895
-0.0592585
-0.0593393
-0.0590484
-0.0584021
-0.057416
-0.0561055
-0.0544852
-0.0525693
-0.0503713
-0.0479044
-0.045181
-0.0422134
-0.0390133
-0.0355923
-0.0319614
-0.0281317
-0.0241141
-0.0199196
-0.0155593
-0.0110443
-0.00638626
-0.00159707
0.00331094
0.00832486
0.0134311
0.0186154
0.0238627
0.029157
0.0344813
0.0398178
0.0451477
0.0504508
0.0557062
0.0608918
0.0659842
0.0709591
0.0757914
0.0804548
0.0849223
0.0891662
0.0931582
0.0968696
0.100271
0.103335
0.106031
0.108333
0.110212
0.111642
0.112599
0.113059
0.113002
0.112407
0.111259
0.109545
0.107253
0.104376
0.100909
0.0968518
0.0922066
0.086975
0.0811623
0.0748273
0.0680232
0.0600973
0.0505119
-0.00638082
-0.0156652
-0.0232549
-0.0296865
-0.0356163
-0.0410115
-0.0458337
-0.0500971
-0.0538181
-0.0570112
-0.0596924
-0.0618788
-0.0635881
-0.0648386
-0.0656487
-0.0660368
-0.0660211
-0.0656194
-0.0648492
-0.0637273
-0.0622702
-0.0604934
-0.058412
-0.0560404
-0.0533923
-0.0504808
-0.0473185
-0.0439177
-0.0402901
-0.036447
-0.0323996
-0.0281589
-0.0237359
-0.0191416
-0.0143872
-0.00948398
-0.00444388
0.000720935
0.00599768
0.0113729
0.0168325
0.0223613
0.0279435
0.0335621
0.039199
0.0448352
0.0504503
0.0560228
0.0615301
0.0669482
0.0722521
0.0774153
0.0824106
0.0872096
0.0917831
0.0961011
0.100133
0.103848
0.107215
0.110203
0.112782
0.114921
0.116593
0.117769
0.118424
0.118533
0.118077
0.117036
0.115394
0.113139
0.110261
0.106755
0.102619
0.097854
0.0924621
0.086448
0.0798732
0.072793
0.0645246
0.054506
-0.0125032
-0.0221184
-0.0299679
-0.0366072
-0.0427165
-0.0482618
-0.0532038
-0.0575575
-0.0613406
-0.0645689
-0.0672596
-0.0694314
-0.0711035
-0.0722959
-0.0730286
-0.0733214
-0.0731943
-0.0726663
-0.0717565
-0.0704829
-0.0688631
-0.0669137
-0.0646509
-0.0620898
-0.0592449
-0.0561298
-0.0527578
-0.0491413
-0.0452923
-0.0412226
-0.0369433
-0.0324655
-0.0278001
-0.022958
-0.0179504
-0.0127883
-0.00748349
-0.0020479
0.00350586
0.00916455
0.0149142
0.0207399
0.0266257
0.0325549
0.0385092
0.0444694
0.050415
0.056324
0.0621734
0.0679384
0.0735932
0.0791105
0.0844617
0.0896172
0.0945462
0.0992168
0.103597
0.107653
0.111352
0.11466
0.117545
0.119974
0.121915
0.123338
0.124214
0.124517
0.124223
0.12331
0.121761
0.11956
0.116697
0.113163
0.108957
0.104079
0.0985289
0.0923121
0.0854924
0.0781278
0.0695035
0.0590322
-0.0192301
-0.0291871
-0.0373038
-0.0441551
-0.0504459
-0.0561412
-0.0612007
-0.0656402
-0.0694788
-0.0727338
-0.0754238
-0.0775693
-0.0791913
-0.0803113
-0.0809513
-0.0811329
-0.0808777
-0.0802065
-0.0791397
-0.0776969
-0.075897
-0.0737577
-0.0712962
-0.0685286
-0.0654702
-0.0621352
-0.0585373
-0.0546895
-0.050604
-0.0462926
-0.0417667
-0.0370374
-0.0321154
-0.0270117
-0.021737
-0.0163023
-0.0107189
-0.00499861
0.000846276
0.0068028
0.0128572
0.0189949
0.0252001
0.0314561
0.0377448
0.0440469
0.0503416
0.0566067
0.0628186
0.0689522
0.0749806
0.0808757
0.0866078
0.0921458
0.0974572
0.102509
0.107265
0.111692
0.115754
0.119413
0.122635
0.125384
0.127625
0.129325
0.130452
0.130977
0.130871
0.130112
0.128678
0.126551
0.12372
0.120173
0.115908
0.110922
0.105217
0.0987965
0.0917272
0.0840695
0.075075
0.0641305
-0.0265934
-0.0369042
-0.0452963
-0.0523643
-0.0588389
-0.064684
-0.0698581
-0.0743783
-0.0782649
-0.0815369
-0.0842147
-0.0863206
-0.0878776
-0.0889094
-0.0894397
-0.0894923
-0.0890905
-0.0882572
-0.0870144
-0.0853833
-0.0833842
-0.0810361
-0.0783573
-0.075365
-0.0720751
-0.0685027
-0.0646621
-0.0605665
-0.0562284
-0.0516599
-0.0468723
-0.0418768
-0.0366839
-0.0313043
-0.0257486
-0.0200275
-0.0141518
-0.00813301
-0.00198305
0.00428552
0.0106593
0.0171239
0.0236641
0.0302631
0.036903
0.0435647
0.0502271
0.0568681
0.0634634
0.0699874
0.0764126
0.08271
0.0888485
0.0947959
0.100518
0.105979
0.111144
0.115973
0.120429
0.124472
0.128065
0.131168
0.133742
0.135752
0.137162
0.137939
0.138052
0.137473
0.136179
0.13415
0.131369
0.127825
0.123512
0.118428
0.112572
0.105947
0.0986234
0.0906637
0.0812843
0.0698443
-0.0346267
-0.0453052
-0.0539817
-0.0612717
-0.0679325
-0.073927
-0.0792124
-0.0838071
-0.0877331
-0.0910111
-0.0936636
-0.0957149
-0.0971903
-0.0981157
-0.0985173
-0.0984209
-0.0978521
-0.0968358
-0.0953959
-0.0935555
-0.0913362
-0.0887587
-0.0858425
-0.0826057
-0.0790652
-0.075237
-0.0711356
-0.0667749
-0.0621676
-0.0573259
-0.0522611
-0.0469842
-0.0415058
-0.0358362
-0.0299855
-0.0239641
-0.0177825
-0.0114515
-0.00498274
0.00161183
0.00831923
0.0151256
0.0220158
0.0289738
0.0359817
0.0430205
0.0500694
0.0571058
0.0641054
0.0710421
0.0778877
0.0846122
0.0911836
0.0975682
0.10373
0.109632
0.115236
0.120501
0.125385
0.129848
0.133847
0.13734
0.140284
0.14264
0.144368
0.145432
0.145795
0.145428
0.144303
0.142395
0.139687
0.136164
0.131818
0.126645
0.120642
0.113814
0.106231
0.0979606
0.0881804
0.0762215
-0.0433666
-0.0544281
-0.0633993
-0.070917
-0.0777666
-0.0839098
-0.0893026
-0.0939647
-0.0979202
-0.101192
-0.103804
-0.105783
-0.107158
-0.107957
-0.108208
-0.107941
-0.107182
-0.105959
-0.104299
-0.102226
-0.0997636
-0.0969343
-0.0937587
-0.0902561
-0.0864446
-0.0823406
-0.0779595
-0.0733155
-0.0684216
-0.0632899
-0.0579319
-0.0523584
-0.0465795
-0.0406054
-0.0344458
-0.0281105
-0.0216094
-0.014953
-0.00815188
-0.00121769
0.00583727
0.0129997
0.020255
0.0275875
0.0349798
0.0424131
0.0498668
0.0573182
0.0647431
0.0721147
0.0794045
0.0865816
0.093613
0.100463
0.107096
0.113471
0.119547
0.125283
0.130633
0.135552
0.139996
0.143917
0.147271
0.150012
0.152097
0.153484
0.154135
0.154013
0.153087
0.15133
0.14872
0.145238
0.140875
0.135625
0.129483
0.122452
0.114607
0.106015
0.0958176
0.0833144
-0.0528522
-0.064314
-0.0735914
-0.0813433
-0.0883846
-0.0946755
-0.100171
-0.104892
-0.108866
-0.112116
-0.11467
-0.116558
-0.117811
-0.11846
-0.118537
-0.118073
-0.117099
-0.115644
-0.113737
-0.111406
-0.108676
-0.10557
-0.102111
-0.0983199
-0.0942152
-0.0898144
-0.0851334
-0.0801869
-0.074988
-0.0695491
-0.0638814
-0.0579955
-0.0519013
-0.0456083
-0.0391259
-0.0324631
-0.0256293
-0.0186342
-0.0114878
-0.00420074
0.00321523
0.0107475
0.0183824
0.0261045
0.0338971
0.0417419
0.0496185
0.0575044
0.0653753
0.0732042
0.0809622
0.0886177
0.0961366
0.103483
0.110617
0.117498
0.124082
0.130325
0.136179
0.141595
0.146525
0.150917
0.154722
0.157891
0.160375
0.162127
0.163105
0.163267
0.162576
0.161002
0.158517
0.155101
0.15074
0.145426
0.139152
0.131921
0.123809
0.114887
0.104255
0.0911803
-0.0631261
-0.0750078
-0.0846044
-0.0925978
-0.0998336
-0.106271
-0.111863
-0.116634
-0.120612
-0.123824
-0.126301
-0.128075
-0.129182
-0.129655
-0.12953
-0.128841
-0.127622
-0.125906
-0.123725
-0.121107
-0.11808
-0.114671
-0.110903
-0.106798
-0.102377
-0.0976566
-0.0926544
-0.0873851
-0.0818623
-0.0760982
-0.0701038
-0.0638895
-0.0574648
-0.0508385
-0.0440194
-0.0370159
-0.0298365
-0.02249
-0.0149856
-0.00733311
0.000456749
0.00837222
0.0164003
0.0245266
0.032735
0.0410077
0.0493247
0.0576642
0.0660016
0.0743101
0.0825604
0.0907202
0.0987547
0.106626
0.114295
0.121716
0.128846
0.135635
0.142033
0.147989
0.153448
0.158357
0.16266
0.166303
0.169232
0.171395
0.172743
0.173231
0.172815
0.171459
0.169132
0.165809
0.161472
0.15611
0.149716
0.142287
0.133905
0.124644
0.113558
0.0998824
-0.0742343
-0.0865584
-0.0964889
-0.104732
-0.112165
-0.118747
-0.124429
-0.129238
-0.133204
-0.136359
-0.138735
-0.140371
-0.141302
-0.141569
-0.141211
-0.140265
-0.13877
-0.136761
-0.134272
-0.131336
-0.127983
-0.124241
-0.120136
-0.115691
-0.110927
-0.105863
-0.100517
-0.0949035
-0.0890367
-0.0829287
-0.0765903
-0.0700314
-0.0632609
-0.056287
-0.0491176
-0.0417604
-0.0342229
-0.0265128
-0.0186384
-0.0106085
-0.00243254
0.0058786
0.014313
0.0228572
0.031496
0.0402123
0.0489869
0.0577982
0.0666223
0.0754324
0.0841988
0.0928891
0.101468
0.109896
0.118131
0.126129
0.133842
0.141218
0.148204
0.154744
0.16078
0.166254
0.171105
0.175272
0.178697
0.181322
0.18309
0.18395
0.183853
0.182756
0.180624
0.177425
0.173138
0.167748
0.161243
0.153623
0.144968
0.135357
0.123797
0.10949
-0.0862273
-0.0990193
-0.1093
-0.117801
-0.125436
-0.132159
-0.137924
-0.142757
-0.146693
-0.149767
-0.152017
-0.153483
-0.154208
-0.154235
-0.153608
-0.152369
-0.15056
-0.148221
-0.14539
-0.142101
-0.138388
-0.134281
-0.129807
-0.124992
-0.119858
-0.114426
-0.108711
-0.102732
-0.0965004
-0.0900293
-0.083329
-0.0764089
-0.0692773
-0.0619416
-0.0544087
-0.0466852
-0.0387775
-0.0306924
-0.0224367
-0.0140181
-0.00544478
0.00327365
0.0121265
0.0211014
0.0301843
0.0393591
0.0486074
0.0579084
0.0672387
0.0765717
0.085878
0.0951248
0.104276
0.113291
0.122128
0.13074
0.139075
0.147081
0.1547
0.161872
0.168536
0.174627
0.180079
0.184827
0.188803
0.191944
0.194187
0.195471
0.195743
0.194952
0.193055
0.190017
0.185808
0.180413
0.173814
0.166008
0.157079
0.147107
0.135052
0.120079
-0.0991605
-0.11245
-0.1231
-0.13187
-0.139708
-0.14657
-0.152406
-0.157248
-0.161132
-0.164099
-0.166191
-0.167453
-0.167934
-0.167682
-0.166746
-0.165173
-0.16301
-0.160301
-0.157086
-0.153406
-0.149296
-0.144788
-0.139913
-0.134697
-0.129163
-0.123333
-0.117226
-0.110856
-0.104239
-0.0973845
-0.0903042
-0.0830064
-0.0754984
-0.0677868
-0.0598774
-0.0517756
-0.0434866
-0.0350156
-0.0263683
-0.0175506
-0.00856968
0.000566599
0.00984887
0.0192662
0.0288058
0.0384529
0.0481901
0.0579977
0.0678528
0.0777296
0.0875989
0.0974278
0.10718
0.116815
0.126287
0.13555
0.144549
0.153229
0.161529
0.169385
0.17673
0.183494
0.189606
0.194993
0.199582
0.203301
0.206078
0.207846
0.208543
0.208109
0.206495
0.203658
0.199564
0.194188
0.187513
0.179529
0.170326
0.159984
0.147411
0.131734
-0.113095
-0.126915
-0.137957
-0.147006
-0.155052
-0.162047
-0.167943
-0.172773
-0.17658
-0.179408
-0.181306
-0.182325
-0.182519
-0.181943
-0.180651
-0.178698
-0.176134
-0.173009
-0.169367
-0.165253
-0.160704
-0.155757
-0.150443
-0.144792
-0.138827
-0.132571
-0.126043
-0.119259
-0.112233
-0.104975
-0.0974965
-0.0898041
-0.0819047
-0.0738036
-0.0655053
-0.0570138
-0.0483329
-0.0394663
-0.0304178
-0.0211921
-0.0117944
-0.00223092
0.00749054
0.0173607
0.0273684
0.0375003
0.0477404
0.0580701
0.0684677
0.0789082
0.0893628
0.0997991
0.11018
0.120466
0.130609
0.140562
0.150267
0.159668
0.168698
0.177291
0.185374
0.192873
0.199708
0.205801
0.211069
0.215432
0.218811
0.221129
0.222312
0.222296
0.221019
0.21843
0.214489
0.209166
0.202435
0.194286
0.184807
0.174085
0.160969
0.144548
-0.128099
-0.142489
-0.153946
-0.163287
-0.171543
-0.178667
-0.184607
-0.189403
-0.193102
-0.195754
-0.197415
-0.198144
-0.198001
-0.19705
-0.195351
-0.192964
-0.189947
-0.186354
-0.182236
-0.177639
-0.172607
-0.167178
-0.161386
-0.155262
-0.148832
-0.142119
-0.135142
-0.127918
-0.120459
-0.112778
-0.104882
-0.0967783
-0.0884726
-0.0799688
-0.0712698
-0.0623782
-0.0532959
-0.0440248
-0.0345671
-0.0249254
-0.0151032
-0.00510468
0.00506423
0.0153962
0.0258817
0.0365093
0.0472648
0.0581309
0.0690873
0.0801102
0.0911717
0.10224
0.113278
0.124245
0.135095
0.145777
0.156232
0.166401
0.176215
0.185601
0.194484
0.202781
0.210408
0.217276
0.223297
0.22838
0.232435
0.235375
0.237118
0.237585
0.236706
0.234421
0.23068
0.225446
0.218686
0.210384
0.200633
0.189519
0.175835
0.158623
-0.144248
-0.159253
-0.171154
-0.180801
-0.18927
-0.196513
-0.202479
-0.207212
-0.210766
-0.213199
-0.214574
-0.214959
-0.214423
-0.213036
-0.210869
-0.207988
-0.204459
-0.200341
-0.19569
-0.190559
-0.184994
-0.179036
-0.172723
-0.166087
-0.159155
-0.151952
-0.144496
-0.136805
-0.12889
-0.120763
-0.112432
-0.1039
-0.0951742
-0.0862551
-0.0771445
-0.0678432
-0.0583511
-0.0486681
-0.0387945
-0.0287305
-0.0184775
-0.0080378
0.00258512
0.013386
0.0243575
0.0354901
0.0467716
0.0581868
0.0697168
0.0813394
0.0930279
0.104751
0.116474
0.128154
0.139745
0.151195
0.162446
0.173432
0.184083
0.194324
0.20407
0.213236
0.221728
0.22945
0.236303
0.242187
0.247002
0.250647
0.253028
0.254055
0.253646
0.251728
0.248242
0.243139
0.236381
0.227945
0.217925
0.206409
0.192127
0.174075
-0.161627
-0.177299
-0.189677
-0.199645
-0.208329
-0.215681
-0.221651
-0.226286
-0.229652
-0.231814
-0.232845
-0.232822
-0.231825
-0.229935
-0.227231
-0.223788
-0.219678
-0.21497
-0.209726
-0.204002
-0.197849
-0.191312
-0.184431
-0.17724
-0.169767
-0.162039
-0.154073
-0.145887
-0.137492
-0.128898
-0.120112
-0.111137
-0.101977
-0.0926308
-0.0830988
-0.0733794
-0.0634705
-0.0533697
-0.0430748
-0.032584
-0.021896
-0.0110106
7.09072e-05
0.0113458
0.0228094
0.0344543
0.0462706
0.0582454
0.070362
0.0825998
0.094934
0.107335
0.119767
0.13219
0.144558
0.156817
0.168907
0.180762
0.192308
0.203464
0.214144
0.224251
0.233688
0.242348
0.250122
0.256899
0.262565
0.267008
0.270118
0.271793
0.271934
0.270457
0.267288
0.262368
0.25565
0.247102
0.236818
0.224891
0.209978
0.191031
-0.180334
-0.196734
-0.209626
-0.21993
-0.228832
-0.236279
-0.242222
-0.24672
-0.249844
-0.251673
-0.25229
-0.251786
-0.250251
-0.247779
-0.244458
-0.240375
-0.23561
-0.23024
-0.224332
-0.21795
-0.211149
-0.203978
-0.196479
-0.188687
-0.180633
-0.172343
-0.163835
-0.155125
-0.146225
-0.137143
-0.127884
-0.118451
-0.108843
-0.0990596
-0.0890976
-0.0789532
-0.068622
-0.0580992
-0.0473798
-0.0364594
-0.0253341
-0.0140009
-0.00245825
0.00929375
0.0212531
0.0334152
0.0457729
0.0583158
0.0710296
0.0838961
0.0968926
0.109991
0.123158
0.136353
0.149531
0.162638
0.175614
0.18839
0.20089
0.213028
0.224712
0.235842
0.246309
0.255998
0.26479
0.27256
0.27918
0.284525
0.288468
0.290889
0.291674
0.290723
0.287946
0.28327
0.276636
0.268004
0.257467
0.245118
0.22954
0.209634
-0.200479
-0.217677
-0.231126
-0.241786
-0.250903
-0.258426
-0.264308
-0.268617
-0.271437
-0.272859
-0.272981
-0.271908
-0.269745
-0.266599
-0.262571
-0.257758
-0.252253
-0.246139
-0.239493
-0.232382
-0.224868
-0.217002
-0.20883
-0.200389
-0.191711
-0.18282
-0.173736
-0.164474
-0.155044
-0.145453
-0.135704
-0.125797
-0.115731
-0.1055
-0.0951013
-0.0845269
-0.0737699
-0.0628227
-0.0516776
-0.0403271
-0.0287644
-0.0169835
-0.0049798
0.00724971
0.0197061
0.0323878
0.0452909
0.0584076
0.0717269
0.0852332
0.0989063
0.112721
0.126644
0.14064
0.154661
0.168656
0.182564
0.196314
0.209827
0.223015
0.235781
0.248017
0.259606
0.270425
0.28034
0.289214
0.296905
0.303268
0.30816
0.311442
0.31298
0.312653
0.310355
0.305997
0.299503
0.290821
0.280043
0.267262
0.250981
0.230045
-0.222188
-0.240267
-0.254322
-0.265356
-0.274686
-0.282261
-0.288037
-0.292095
-0.294534
-0.295461
-0.294991
-0.293247
-0.290351
-0.286425
-0.281586
-0.275944
-0.269602
-0.262653
-0.255183
-0.247265
-0.238966
-0.230342
-0.221439
-0.212297
-0.202949
-0.193418
-0.183725
-0.173882
-0.163897
-0.153777
-0.143521
-0.133127
-0.122592
-0.111907
-0.101066
-0.0900585
-0.0788743
-0.0675028
-0.0559331
-0.0441545
-0.0321569
-0.019931
-0.00746898
0.00523573
0.0181875
0.0313885
0.0448378
0.0585315
0.0724616
0.086616
0.100977
0.115523
0.130225
0.145045
0.159942
0.174864
0.189748
0.204525
0.219115
0.233424
0.247352
0.260783
0.273594
0.28565
0.296805
0.306907
0.315796
0.32331
0.329284
0.333557
0.335973
0.336388
0.334673
0.330718
0.324429
0.315741
0.304739
0.291519
0.274492
0.252445
-0.245607
-0.264665
-0.279382
-0.290811
-0.300348
-0.307942
-0.313556
-0.317286
-0.319251
-0.319576
-0.3184
-0.315865
-0.312113
-0.307285
-0.301516
-0.294929
-0.287641
-0.279757
-0.271369
-0.26256
-0.253399
-0.243946
-0.234251
-0.224355
-0.21429
-0.204079
-0.193741
-0.183288
-0.172726
-0.162056
-0.151278
-0.140387
-0.129374
-0.11823
-0.106944
-0.0955022
-0.0838919
-0.0720987
-0.0601081
-0.0479061
-0.035479
-0.0228139
-0.00989911
0.00327545
0.016718
0.0304345
0.0444279
0.0586982
0.0732413
0.0880488
0.103107
0.118398
0.133894
0.149564
0.165365
0.181249
0.197156
0.213014
0.228742
0.244247
0.25942
0.274143
0.288282
0.301691
0.314213
0.325679
0.335911
0.344725
0.351933
0.357348
0.360787
0.36208
0.36107
0.357622
0.35162
0.342979
0.331779
0.318112
0.300291
0.277041
-0.270908
-0.291058
-0.306501
-0.318347
-0.328078
-0.335649
-0.341031
-0.344339
-0.345715
-0.345311
-0.343291
-0.339822
-0.335072
-0.329201
-0.322365
-0.314704
-0.306349
-0.297417
-0.288009
-0.278214
-0.268108
-0.257753
-0.247202
-0.236495
-0.225665
-0.214733
-0.203717
-0.192626
-0.181463
-0.170228
-0.158914
-0.147516
-0.13602
-0.124413
-0.112682
-0.100809
-0.088776
-0.0765665
-0.0641619
-0.0515443
-0.0386961
-0.0256005
-0.012242
0.00139372
0.015319
0.0295438
0.0440757
0.0589187
0.0740732
0.0895353
0.105296
0.12134
0.137646
0.154184
0.170918
0.1878
0.204771
0.221764
0.238695
0.255469
0.271975
0.288089
0.30367
0.31856
0.332588
0.345569
0.357305
0.367587
0.376202
0.382932
0.387565
0.389896
0.389737
0.386923
0.381306
0.372779
0.361413
0.347294
0.328627
0.304066
-0.29829
-0.319666
-0.33591
-0.348194
-0.3581
-0.365591
-0.37065
-0.373418
-0.374067
-0.37278
-0.369753
-0.365182
-0.359266
-0.352189
-0.34413
-0.335249
-0.325691
-0.315586
-0.305045
-0.294165
-0.283024
-0.27169
-0.260215
-0.248641
-0.236997
-0.225304
-0.213577
-0.201821
-0.190037
-0.17822
-0.166362
-0.154449
-0.142467
-0.130399
-0.118225
-0.105925
-0.0934769
-0.08086
-0.0680514
-0.0550293
-0.0417719
-0.0282582
-0.0144684
-0.000383849
0.0140122
0.0287346
0.0437952
0.0592031
0.0749636
0.0910776
0.107541
0.124344
0.14147
0.158894
0.176583
0.194495
0.212573
0.230751
0.248948
0.267069
0.284999
0.30261
0.319752
0.336259
0.351946
0.366609
0.380028
0.39197
0.402189
0.410437
0.416462
0.420021
0.420888
0.418858
0.413748
0.405421
0.393932
0.379361
0.359787
0.333791
-0.327989
-0.35075
-0.367881
-0.380621
-0.390673
-0.39801
-0.402631
-0.404712
-0.404463
-0.402106
-0.397875
-0.392006
-0.384727
-0.376257
-0.366797
-0.35653
-0.345618
-0.334203
-0.322408
-0.310334
-0.298065
-0.285671
-0.273204
-0.260703
-0.248197
-0.235705
-0.223236
-0.210792
-0.198369
-0.185958
-0.173547
-0.161117
-0.14865
-0.136123
-0.123513
-0.110795
-0.0979429
-0.0849308
-0.0717321
-0.0583202
-0.0446692
-0.0307535
-0.0165487
-0.00203155
0.0128196
0.0280243
0.0435999
0.0595605
0.0759169
0.0926757
0.109839
0.127401
0.145353
0.163675
0.18234
0.201308
0.220532
0.239946
0.259472
0.279015
0.298462
0.317679
0.336512
0.354783
0.372294
0.388823
0.404127
0.417944
0.429995
0.439992
0.447642
0.452655
0.454757
0.453696
0.449245
0.441225
0.429672
0.414651
0.394104
0.366529
-0.360288
-0.384621
-0.402735
-0.415948
-0.426101
-0.433183
-0.43722
-0.438431
-0.437073
-0.43342
-0.427752
-0.420349
-0.411481
-0.4014
-0.390338
-0.378499
-0.366065
-0.353191
-0.340009
-0.326627
-0.313132
-0.299594
-0.286065
-0.272581
-0.259167
-0.245838
-0.232599
-0.219446
-0.206371
-0.193359
-0.180391
-0.167446
-0.154498
-0.14152
-0.128485
-0.115362
-0.10212
-0.0887295
-0.0751583
-0.0613755
-0.0473505
-0.0330529
-0.0184536
-0.00352432
0.0117617
0.0274294
0.0435014
0.0599978
0.0769354
0.0943268
0.11218
0.130498
0.149277
0.168503
0.188158
0.208208
0.22861
0.249306
0.270222
0.291265
0.312323
0.33326
0.353917
0.37411
0.393625
0.412223
0.429636
0.445572
0.459714
0.471732
0.48128
0.488017
0.491607
0.491742
0.488136
0.48056
0.46902
0.453562
0.431967
0.402641
-0.395523
-0.421652
-0.44086
-0.454556
-0.464744
-0.471439
-0.474703
-0.474812
-0.472086
-0.46686
-0.459473
-0.45026
-0.439538
-0.427598
-0.414703
-0.401086
-0.386945
-0.37245
-0.357741
-0.342931
-0.32811
-0.313344
-0.298683
-0.28416
-0.269796
-0.255598
-0.241565
-0.227688
-0.213952
-0.200335
-0.186813
-0.173358
-0.159939
-0.146523
-0.133078
-0.119567
-0.105955
-0.0922063
-0.0782847
-0.0641542
-0.049779
-0.0351242
-0.0201551
-0.00483861
0.0108576
0.026964
0.0435092
0.0605194
0.0780178
0.0960241
0.114554
0.133616
0.153216
0.173349
0.194002
0.215152
0.236762
0.258782
0.281144
0.303761
0.326524
0.349298
0.371921
0.394201
0.415915
0.436804
0.456577
0.474907
0.491439
0.505791
0.517562
0.526342
0.531728
0.533337
0.530811
0.523855
0.512434
0.496562
0.473835
0.442555
-0.434104
-0.462297
-0.482725
-0.4969
-0.507027
-0.513158
-0.515405
-0.514119
-0.509703
-0.502568
-0.493126
-0.481776
-0.468891
-0.454806
-0.439822
-0.424197
-0.408148
-0.391859
-0.375475
-0.359113
-0.342862
-0.326785
-0.310927
-0.295315
-0.279962
-0.264868
-0.250023
-0.235413
-0.221012
-0.206794
-0.192725
-0.178772
-0.164898
-0.151062
-0.137227
-0.123351
-0.109393
-0.0953123
-0.0810671
-0.0666165
-0.0519198
-0.0369367
-0.0216275
-0.00595338
0.0101233
0.0266392
0.0436289
0.0611254
0.0791588
0.0977564
0.116941
0.136732
0.157141
0.178174
0.199827
0.222087
0.244928
0.268308
0.292168
0.31643
0.34099
0.365718
0.390452
0.414996
0.439117
0.46254
0.48495
0.505987
0.52525
0.542302
0.556676
0.567886
0.575441
0.578869
0.57772
0.571611
0.560449
0.544204
0.520252
0.486777
-0.476529
-0.507109
-0.528896
-0.543531
-0.553458
-0.558785
-0.559698
-0.556649
-0.550141
-0.540686
-0.528785
-0.514914
-0.499508
-0.482955
-0.465593
-0.447706
-0.429533
-0.411265
-0.393054
-0.375015
-0.357233
-0.339766
-0.322651
-0.305905
-0.289531
-0.273521
-0.257856
-0.24251
-0.22745
-0.21264
-0.19804
-0.183608
-0.169299
-0.155069
-0.14087
-0.126657
-0.112383
-0.0980003
-0.0834634
-0.0687254
-0.0537405
-0.0384631
-0.0228481
-0.00685109
0.00957143
0.0264621
0.0438622
0.0618116
0.0803479
0.0995063
0.119319
0.139813
0.161011
0.18293
0.205576
0.228949
0.253034
0.277802
0.303206
0.329178
0.355624
0.382422
0.409414
0.436405
0.463154
0.489376
0.514729
0.538822
0.561207
0.581386
0.598815
0.612917
0.6231
0.628777
0.62938
0.624415
0.613702
0.597151
0.571871
0.535911
-0.523415
-0.55677
-0.580074
-0.595117
-0.604643
-0.608845
-0.60801
-0.602724
-0.593627
-0.581351
-0.566507
-0.549662
-0.531323
-0.511935
-0.491874
-0.471453
-0.450924
-0.430487
-0.410293
-0.390453
-0.371044
-0.352115
-0.33369
-0.315774
-0.29836
-0.281424
-0.264938
-0.248864
-0.233158
-0.217776
-0.202668
-0.187783
-0.173069
-0.158474
-0.143946
-0.12943
-0.114874
-0.100227
-0.085435
-0.0704476
-0.055213
-0.0396802
-0.0237989
-0.00751891
0.00920932
0.0264346
0.0442052
0.0625678
0.0815683
0.10125
0.121655
0.14282
0.164779
0.18756
0.211184
0.235662
0.260995
0.287168
0.31415
0.341888
0.370302
0.399281
0.428679
0.458304
0.487916
0.517218
0.545852
0.573393
0.599345
0.623145
0.644163
0.661717
0.675089
0.683554
0.686391
0.682957
0.672956
0.656203
0.629484
0.590688
-0.575528
-0.612131
-0.637121
-0.652473
-0.66131
-0.663949
-0.660823
-0.6527
-0.64039
-0.624681
-0.606315
-0.585966
-0.564223
-0.541588
-0.518477
-0.495227
-0.472102
-0.449301
-0.426972
-0.405215
-0.384093
-0.36364
-0.343865
-0.324758
-0.306293
-0.288435
-0.271139
-0.254356
-0.23803
-0.222104
-0.20652
-0.191217
-0.176136
-0.161215
-0.146396
-0.131618
-0.116823
-0.101952
-0.0869485
-0.0717548
-0.0563142
-0.0405705
-0.0244676
-0.00794977
0.00903853
0.0265526
0.0446473
0.0633772
0.0827959
0.102956
0.123909
0.145704
0.168385
0.191995
0.216568
0.242131
0.268703
0.296287
0.32487
0.354418
0.38487
0.416135
0.448081
0.480528
0.513243
0.545927
0.578207
0.609631
0.639656
0.66765
0.692889
0.714569
0.731825
0.743754
0.749446
0.748057
0.739129
0.722335
0.694063
0.652002
-0.633835
-0.674266
-0.701119
-0.716605
-0.724336
-0.724815
-0.718685
-0.706951
-0.69065
-0.670762
-0.648186
-0.623717
-0.598033
-0.571695
-0.545155
-0.518768
-0.4928
-0.467445
-0.442837
-0.419058
-0.396151
-0.37413
-0.352981
-0.332675
-0.313168
-0.294405
-0.276326
-0.258865
-0.241956
-0.225527
-0.20951
-0.193834
-0.17843
-0.163231
-0.148168
-0.133175
-0.118189
-0.103143
-0.0879765
-0.0726253
-0.057028
-0.0411228
-0.0248485
-0.00814349
0.00905357
0.0268044
0.0451708
0.0642149
0.0839988
0.104585
0.126033
0.148406
0.171761
0.196153
0.221634
0.24825
0.276037
0.30502
0.335209
0.366595
0.399142
0.432783
0.467408
0.502861
0.538922
0.575301
0.611619
0.647405
0.682073
0.714922
0.745128
0.77175
0.793744
0.809996
0.819347
0.820688
0.813334
0.796752
0.766812
0.72096
-0.699571
-0.744543
-0.773431
-0.788757
-0.794779
-0.792279
-0.782198
-0.765864
-0.7446
-0.719626
-0.692024
-0.662724
-0.632497
-0.601958
-0.571589
-0.541748
-0.512696
-0.484608
-0.457593
-0.431707
-0.406965
-0.383352
-0.360828
-0.339338
-0.318814
-0.299182
-0.280363
-0.262273
-0.24483
-0.227952
-0.211556
-0.195562
-0.179891
-0.164468
-0.149216
-0.134065
-0.118941
-0.103775
-0.0884992
-0.073045
-0.0573455
-0.041334
-0.0249437
-0.00810779
0.00924099
0.0271706
0.0457497
0.065048
0.0851361
0.106085
0.127968
0.150857
0.174823
0.19994
0.226274
0.253892
0.282852
0.313204
0.344986
0.378216
0.412891
0.448977
0.486397
0.525026
0.564671
0.605062
0.645832
0.686498
0.726445
0.764907
0.800958
0.833503
0.861295
0.882958
0.897017
0.902014
0.896939
0.880953
0.849251
0.798957
-0.774336
-0.824732
-0.8558
-0.870481
-0.873917
-0.867308
-0.85202
-0.829812
-0.802375
-0.771216
-0.73763
-0.70269
-0.667254
-0.631983
-0.597371
-0.563766
-0.531404
-0.500426
-0.470904
-0.442856
-0.416258
-0.391058
-0.367183
-0.344548
-0.323058
-0.302614
-0.283116
-0.264461
-0.246552
-0.22929
-0.212582
-0.196336
-0.180464
-0.164881
-0.149505
-0.134255
-0.119056
-0.103831
-0.0885058
-0.0730086
-0.0572671
-0.0412095
-0.0247642
-0.0078591
0.00957858
0.0276228
0.0463491
0.0658343
0.0861575
0.1074
0.129644
0.152976
0.177481
0.203247
0.230362
0.258914
0.288985
0.320652
0.353986
0.389041
0.425851
0.464423
0.504725
0.546675
0.590126
0.634843
0.680487
0.726586
0.77251
0.817444
0.860362
0.900011
0.934911
0.96337
0.983515
0.993424
0.991627
0.976832
0.943316
0.88777
-0.860237
-0.91716
-0.950473
-0.963725
-0.96329
-0.951004
-0.928835
-0.899116
-0.864003
-0.825341
-0.784659
-0.743171
-0.701809
-0.661257
-0.621994
-0.584335
-0.548468
-0.514482
-0.482393
-0.452166
-0.423728
-0.396981
-0.371814
-0.348104
-0.325724
-0.30455
-0.284456
-0.265321
-0.247028
-0.229464
-0.212524
-0.196103
-0.180105
-0.164435
-0.149005
-0.133728
-0.118521
-0.103303
-0.0879955
-0.0725208
-0.0568025
-0.0407644
-0.0243303
-0.00742319
0.0100349
0.0281237
0.0469247
0.0665224
0.0870037
0.108459
0.130982
0.154671
0.179626
0.205953
0.23376
0.263155
0.29425
0.327153
0.36197
0.398795
0.437709
0.47877
0.522003
0.567385
0.614829
0.664162
0.715097
0.767199
0.819852
0.872216
0.923184
0.971344
1.01497
1.05199
1.08003
1.09657
1.09949
1.08681
1.05153
0.989715
-0.960112
-1.02494
-1.06039
-1.07094
-1.06474
-1.04459
-1.01331
-0.973982
-0.92934
-0.881613
-0.832566
-0.783538
-0.735501
-0.689122
-0.64483
-0.602873
-0.563359
-0.5263
-0.491639
-0.459269
-0.429056
-0.400848
-0.374485
-0.349803
-0.326642
-0.304845
-0.284262
-0.26475
-0.246174
-0.228406
-0.211326
-0.19482
-0.178781
-0.163108
-0.147703
-0.132475
-0.117335
-0.102197
-0.0869784
-0.0715969
-0.0559722
-0.0400242
-0.0236723
-0.00683549
0.0105691
0.0286262
0.0474235
0.0670517
0.0876057
0.109185
0.131893
0.155841
0.181145
0.207926
0.236313
0.266439
0.298445
0.332472
0.368665
0.407166
0.448108
0.491612
0.537771
0.58664
0.638215
0.692409
0.74902
0.80769
0.867857
0.928696
0.989055
1.04739
1.10171
1.14954
1.18789
1.21343
1.22314
1.21402
1.17723
1.10787
-1.07787
-1.1523
-1.18942
-1.19521
-1.18043
-1.14936
-1.106
-1.0544
-0.997971
-0.939357
-0.880536
-0.82292
-0.767461
-0.714752
-0.66512
-0.618695
-0.575472
-0.535354
-0.498185
-0.463774
-0.43191
-0.402378
-0.374961
-0.349451
-0.325649
-0.303366
-0.282425
-0.262662
-0.243921
-0.226061
-0.208949
-0.192459
-0.176475
-0.160889
-0.145597
-0.130501
-0.115509
-0.100529
-0.0854759
-0.0702632
-0.0548071
-0.0390242
-0.0228305
-0.00614102
0.011131
0.0290748
0.0477833
0.0673532
0.0878864
0.109491
0.13228
0.156377
0.18191
0.209021
0.237856
0.268576
0.301348
0.336353
0.373775
0.413809
0.456649
0.502486
0.551497
0.603833
0.659597
0.718821
0.781429
0.847188
0.915649
0.986066
1.05731
1.12775
1.19516
1.25664
1.30847
1.3463
1.36584
1.36256
1.32492
1.24645
-1.21906
-1.30515
-1.34276
-1.34041
-1.31287
-1.2666
-1.20721
-1.13998
-1.06907
-0.9975
-0.927395
-0.860142
-0.796577
-0.737133
-0.681959
-0.631012
-0.584127
-0.541066
-0.501547
-0.465276
-0.431954
-0.401292
-0.373014
-0.346863
-0.322597
-0.299995
-0.278854
-0.258985
-0.240218
-0.222394
-0.205368
-0.189006
-0.173183
-0.157783
-0.142698
-0.127824
-0.113066
-0.098328
-0.0835211
-0.0685569
-0.0533487
-0.0378101
-0.0218545
-0.00539385
0.0116618
0.0294055
0.0479344
0.0673505
0.0877618
0.109283
0.132038
0.15616
0.181791
0.209087
0.238217
0.269365
0.302729
0.338524
0.376983
0.418352
0.462893
0.510877
0.562578
0.61826
0.678162
0.742472
0.811285
0.884558
0.96203
1.04313
1.12684
1.21157
1.29495
1.37363
1.44313
1.4978
1.53166
1.5379
1.50084
1.41136
-1.39184
-1.49188
-1.52737
-1.51134
-1.46478
-1.39732
-1.31674
-1.22973
-1.14119
-1.05442
-0.971508
-0.893662
-0.821456
-0.755041
-0.694296
-0.638936
-0.588584
-0.542822
-0.501222
-0.463366
-0.428858
-0.397328
-0.368436
-0.341874
-0.317358
-0.294636
-0.273477
-0.253671
-0.235031
-0.217386
-0.200578
-0.184466
-0.168917
-0.15381
-0.139032
-0.124476
-0.110042
-0.0956338
-0.0811585
-0.0665263
-0.0516484
-0.0364368
-0.0208027
-0.00465618
0.0120952
0.0295474
0.0478008
0.0669615
0.0871424
0.108465
0.13106
0.15507
0.18065
0.20797
0.237219
0.268602
0.302347
0.338706
0.377956
0.4204
0.46637
0.516225
0.570345
0.629127
0.692972
0.762259
0.837314
0.918352
1.0054
1.09819
1.19599
1.29738
1.40003
1.50031
1.59294
1.67078
1.72563
1.74732
1.7138
1.61127
-1.60877
-1.72474
-1.75262
-1.7138
-1.63882
-1.54191
-1.43347
-1.32169
-1.21203
-1.10776
-1.01067
-0.92151
-0.840394
-0.767039
-0.700942
-0.641495
-0.588056
-0.539994
-0.496709
-0.45765
-0.422313
-0.390246
-0.361044
-0.334347
-0.309834
-0.28722
-0.266248
-0.246694
-0.228352
-0.21104
-0.194593
-0.178862
-0.163708
-0.149007
-0.134641
-0.120502
-0.106487
-0.0924989
-0.0784432
-0.064229
-0.0497667
-0.0349673
-0.019741
-0.00399674
0.0123593
0.0294248
0.0473022
0.0661006
0.0859365
0.106936
0.129236
0.152986
0.178353
0.205518
0.234686
0.266084
0.299966
0.336618
0.376361
0.419553
0.466597
0.517942
0.574084
0.635567
0.702973
0.776912
0.857994
0.94678
1.04371
1.14896
1.2623
1.38278
1.50838
1.63551
1.75829
1.86803
1.95375
2.00057
1.9766
1.85939
-1.8901
-2.02191
-2.03107
-1.95437
-1.83703
-1.69939
-1.55475
-1.41249
-1.2781
-1.15427
-1.04201
-0.941248
-0.851383
-0.771503
-0.700601
-0.637668
-0.581746
-0.531963
-0.487535
-0.447767
-0.412049
-0.379848
-0.350696
-0.324185
-0.299961
-0.277708
-0.257154
-0.238054
-0.220194
-0.203383
-0.187448
-0.172235
-0.157603
-0.143424
-0.12958
-0.11596
-0.102461
-0.0889857
-0.0754394
-0.0617311
-0.0477713
-0.0334709
-0.0187405
-0.00348867
0.0123785
0.0289593
0.0463571
0.0646822
0.0840533
0.104599
0.126461
0.149794
0.174772
0.201586
0.230454
0.26162
0.295362
0.331994
0.371876
0.41542
0.463094
0.515438
0.573062
0.636663
0.707025
0.785015
0.871579
0.967703
1.07436
1.1924
1.32234
1.4641
1.61647
1.77646
1.93816
2.09161
2.22284
2.31064
2.30814
2.17697
-2.27059
-2.41093
-2.37889
-2.23954
-2.05946
-1.86621
-1.67545
-1.49669
-1.33433
-1.18956
-1.06189
-0.949967
-0.852136
-0.766665
-0.691924
-0.626432
-0.568888
-0.518163
-0.473283
-0.433417
-0.397855
-0.365989
-0.337297
-0.311334
-0.287713
-0.266102
-0.24621
-0.227784
-0.210601
-0.194464
-0.179197
-0.164645
-0.150665
-0.137128
-0.123916
-0.110919
-0.0980343
-0.0851653
-0.0722189
-0.0591049
-0.045735
-0.0320212
-0.0178754
-0.00320713
0.0120765
0.028073
0.0448852
0.0626233
0.0814061
0.101363
0.122638
0.145388
0.16979
0.196044
0.224375
0.25504
0.288333
0.324593
0.364211
0.407642
0.455414
0.508147
0.566561
0.631501
0.703953
0.785059
0.876133
0.97866
1.09427
1.22468
1.37151
1.53603
1.71859
1.91777
2.12878
2.34153
2.53956
2.6942
2.73693
2.60034
-2.81314
-2.93358
-2.81507
-2.57292
-2.3013
-2.03394
-1.7864
-1.56584
-1.37359
-1.20791
-1.06587
-0.944301
-0.840141
-0.750673
-0.673555
-0.606809
-0.54878
-0.498094
-0.453607
-0.414366
-0.379578
-0.348578
-0.320803
-0.29578
-0.273105
-0.252431
-0.233461
-0.215936
-0.199631
-0.184347
-0.16991
-0.156163
-0.142966
-0.130192
-0.117724
-0.105454
-0.0932819
-0.0811132
-0.068857
-0.0564256
-0.0437328
-0.0306933
-0.0172208
-0.00322753
0.0113774
0.0266892
0.0428088
0.0598443
0.0779129
0.0971431
0.117677
0.139671
0.163305
0.188778
0.216321
0.246196
0.278707
0.314207
0.353109
0.3959
0.443153
0.495551
0.553907
0.619197
0.69259
0.775494
0.869598
0.976916
1.09983
1.2411
1.40378
1.59109
1.8059
2.04982
2.3213
2.61266
2.9075
3.1707
3.30596
3.19489
-3.63211
-3.65031
-3.35765
-2.95029
-2.54886
-2.18662
-1.87296
-1.60794
-1.38661
-1.20242
-1.04898
-0.9207
-0.812906
-0.721796
-0.644308
-0.577993
-0.520888
-0.471413
-0.428295
-0.390496
-0.357167
-0.327608
-0.301238
-0.277571
-0.256197
-0.236767
-0.218985
-0.202593
-0.18737
-0.173121
-0.159674
-0.146877
-0.134594
-0.122701
-0.111087
-0.0996469
-0.0882843
-0.076908
-0.065431
-0.0537689
-0.0418392
-0.02956
-0.0168485
-0.00362043
0.0102116
0.0247392
0.0400596
0.0562772
0.0735056
0.0918693
0.111506
0.132571
0.155238
0.179705
0.206199
0.234982
0.266359
0.300687
0.338389
0.379963
0.42601
0.477252
0.534563
0.599015
0.671922
0.75491
0.850003
0.959717
1.08719
1.23633
1.41189
1.61959
1.86589
2.15742
2.4991
2.8907
3.32214
3.75841
4.07682
4.07839
-4.93394
-4.64064
-4.01645
-3.35562
-2.77797
-2.30082
-1.9162
-1.60907
-1.36375
-1.16668
-1.00709
-0.876627
-0.768947
-0.679236
-0.603827
-0.539909
-0.485306
-0.43832
-0.397606
-0.362094
-0.330919
-0.303379
-0.278895
-0.256989
-0.237258
-0.219365
-0.203021
-0.18798
-0.174028
-0.160979
-0.148669
-0.136954
-0.125703
-0.114801
-0.10414
-0.093621
-0.083154
-0.0726522
-0.0620333
-0.0512178
-0.0401277
-0.0286856
-0.0168134
-0.0044314
0.00854296
0.0221963
0.0366208
0.0519154
0.0681879
0.0855566
0.104153
0.124125
0.145638
0.168884
0.19408
0.221481
0.251382
0.284133
0.320148
0.359924
0.40406
0.453285
0.508496
0.570807
0.641613
0.722676
0.816252
0.925251
1.05346
1.20585
1.38894
1.61129
1.88397
2.2208
2.63782
3.15049
3.76664
4.46679
5.12954
5.46079
-7.17813
-6.00422
-4.75336
-3.73052
-2.93577
-2.3356
-1.88772
-1.55091
-1.29372
-1.09404
-0.936443
-0.810093
-0.707336
-0.62269
-0.552165
-0.492806
-0.442389
-0.399211
-0.36195
-0.329565
-0.301224
-0.276258
-0.254118
-0.234352
-0.216584
-0.200497
-0.185822
-0.172329
-0.15982
-0.148121
-0.13708
-0.126564
-0.116451
-0.106633
-0.0970116
-0.0874954
-0.0779995
-0.0684438
-0.0587522
-0.0488507
-0.0386671
-0.0281294
-0.0171652
-0.00570052
0.00634124
0.0190405
0.0324828
0.04676
0.0619723
0.0782295
0.095654
0.114383
0.134571
0.156396
0.180063
0.205807
0.233908
0.264693
0.298554
0.335962
0.377487
0.42383
0.475861
0.534668
0.601633
0.678536
0.767699
0.872199
0.996183
1.14533
1.32756
1.55404
1.84066
2.21011
2.69467
3.33687
4.18016
5.25642
6.56568
7.80736
-11.5602
-7.80268
-5.29308
-3.82
-2.84178
-2.17229
-1.71135
-1.38442
-1.14418
-0.962303
-0.821116
-0.709142
-0.618721
-0.544591
-0.483033
-0.431349
-0.387535
-0.350074
-0.317794
-0.289778
-0.265293
-0.243751
-0.224671
-0.207655
-0.192372
-0.178545
-0.165935
-0.154339
-0.143583
-0.133512
-0.123992
-0.114903
-0.106139
-0.0976013
-0.0892024
-0.0808607
-0.0724999
-0.0640483
-0.0554373
-0.0466003
-0.0374724
-0.0279889
-0.0180844
-0.00769255
0.00325567
0.0148325
0.0271146
0.0401844
0.0541315
0.0690542
0.0850615
0.102276
0.120835
0.140897
0.162643
0.186282
0.212063
0.240274
0.271262
0.305443
0.343324
0.385525
0.432817
0.486171
0.546824
0.616378
0.696945
0.791364
0.903535
1.03896
1.2056
1.41537
1.68653
2.04824
2.54905
3.26602
4.30365
5.85009
8.44991
12.3182
-18.9699
-9.55627
-5.06816
-3.2474
-2.28439
-1.70023
-1.32933
-1.07808
-0.896648
-0.759562
-0.652633
-0.567214
-0.497714
-0.440339
-0.392411
-0.351971
-0.317555
-0.288039
-0.262547
-0.240386
-0.220997
-0.203925
-0.188797
-0.175301
-0.163174
-0.152193
-0.142169
-0.132935
-0.124349
-0.116285
-0.108631
-0.101288
-0.0941663
-0.0871842
-0.0802672
-0.073346
-0.0663561
-0.0592359
-0.051927
-0.0443724
-0.0365162
-0.0283029
-0.0196767
-0.0105804
-0.000955204
0.00926066
0.0201324
0.0317301
0.0441292
0.0574126
0.0716716
0.0870082
0.103537
0.121388
0.14071
0.161674
0.184481
0.209364
0.2366
0.266522
0.299527
0.336103
0.37685
0.422515
0.474044
0.532652
0.599924
0.677976
0.769697
0.879157
1.01231
1.1783
1.39196
1.67956
2.09194
2.72597
3.75692
5.67366
10.2794
19.8164
)
;

boundaryField
{
    movingWall
    {
        type            zeroGradient;
    }
    fixedWalls
    {
        type            zeroGradient;
    }
    frontAndBack
    {
        type            empty;
    }
}


// ************************************************************************* //
