/*--------------------------------*- C++ -*----------------------------------*\
  =========                 |
  \\      /  F ield         | OpenFOAM: The Open Source CFD Toolbox
   \\    /   O peration     | Website:  https://openfoam.org
    \\  /    A nd           | Version:  7
     \\/     M anipulation  |
\*---------------------------------------------------------------------------*/
FoamFile
{
    version     2.0;
    format      ascii;
    class       volVectorField;
    location    "14";
    object      U;
}
// * * * * * * * * * * * * * * * * * * * * * * * * * * * * * * * * * * * * * //

dimensions      [0 1 -1 0 0 0 0];

internalField   nonuniform List<vector> 
2413
(
(1.79792 0.0647067 0)
(1.81372 0.0532513 0)
(1.82821 0.0434153 0)
(1.84189 0.0336896 0)
(1.85446 0.0257463 0)
(1.86652 0.0187814 0)
(1.87701 0.00950569 0)
(1.88674 0.00561023 0)
(1.89513 0.0010766 0)
(1.90265 -0.00771949 0)
(1.91025 -0.00980729 0)
(1.91661 -0.0123381 0)
(1.9216 -0.0198483 0)
(1.92727 -0.0220424 0)
(1.9324 -0.0241073 0)
(1.93603 -0.0299638 0)
(1.94025 -0.0346795 0)
(1.94409 -0.0385508 0)
(1.94771 -0.0419278 0)
(1.95164 -0.047236 0)
(1.95442 -0.0539832 0)
(1.95745 -0.0589133 0)
(1.96213 -0.0636509 0)
(1.96467 -0.0689526 0)
(1.96648 -0.0739328 0)
(1.97115 -0.0794093 0)
(1.97346 -0.084449 0)
(1.97564 -0.0894264 0)
(1.98026 -0.0954801 0)
(1.98251 -0.100671 0)
(1.98409 -0.10527 0)
(1.9879 -0.111226 0)
(1.99008 -0.117028 0)
(1.99073 -0.120919 0)
(1.99277 -0.126637 0)
(1.99411 -0.131949 0)
(1.99223 -0.136039 0)
(1.99086 -0.142071 0)
(1.99155 -0.14739 0)
(1.98761 -0.152433 0)
(1.9837 -0.158114 0)
(1.98146 -0.162137 0)
(1.9742 -0.169227 0)
(1.96887 -0.172436 0)
(1.95976 -0.177492 0)
(1.94838 -0.18439 0)
(1.93971 -0.188645 0)
(1.92679 -0.195511 0)
(1.91687 -0.201707 0)
(1.90501 -0.207945 0)
(1.89477 -0.212559 0)
(1.8846 -0.217288 0)
(1.87413 -0.218043 0)
(1.86072 -0.214615 0)
(1.84502 -0.207502 0)
(1.83004 -0.19904 0)
(1.80433 -0.171722 0)
(1.76145 -0.118848 0)
(1.67162 -0.0185393 0)
(1.58273 0.074677 0)
(1.50003 0.144184 0)
(1.46026 0.174108 0)
(1.4274 0.189048 0)
(1.42531 0.187662 0)
(1.42179 0.181928 0)
(1.40751 0.182076 0)
(1.39053 0.193213 0)
(1.36747 0.209639 0)
(1.34248 0.23178 0)
(1.31662 0.249827 0)
(1.29048 0.258398 0)
(1.26481 0.259826 0)
(1.23976 0.255207 0)
(1.20818 0.255855 0)
(1.17492 0.257026 0)
(1.14361 0.25287 0)
(1.10998 0.254139 0)
(1.07879 0.250599 0)
(1.05348 0.247379 0)
(1.0335 0.245328 0)
(1.01862 0.238307 0)
(1.00584 0.224461 0)
(0.994581 0.201329 0)
(0.982615 0.17538 0)
(0.966536 0.151542 0)
(0.945949 0.125735 0)
(0.916803 0.0995605 0)
(0.885688 0.066677 0)
(1.97032 0.127086 0)
(1.97738 0.110439 0)
(1.98282 0.0945141 0)
(1.99173 0.0779523 0)
(1.99441 0.0635762 0)
(2.00062 0.0506505 0)
(2.00406 0.0390033 0)
(2.00399 0.028564 0)
(2.00677 0.0190875 0)
(2.00922 0.0105185 0)
(2.00772 0.00346203 0)
(2.00767 -0.00284338 0)
(2.00851 -0.00769977 0)
(2.00755 -0.0124276 0)
(2.00598 -0.0170546 0)
(2.00528 -0.0207831 0)
(2.00489 -0.0234241 0)
(2.00313 -0.0275472 0)
(2.00226 -0.0307222 0)
(2.00235 -0.0331851 0)
(2.00189 -0.0368319 0)
(2.0006 -0.0398361 0)
(2.0012 -0.0426545 0)
(2.0018 -0.0469384 0)
(2.00087 -0.0493814 0)
(2.00159 -0.0532159 0)
(2.00321 -0.0589117 0)
(2.00324 -0.0620142 0)
(2.0043 -0.0665044 0)
(2.00629 -0.0731307 0)
(2.0065 -0.0769239 0)
(2.00684 -0.0814225 0)
(2.00836 -0.0886765 0)
(2.00792 -0.093499 0)
(2.00855 -0.0991282 0)
(2.0078 -0.103983 0)
(2.0055 -0.109339 0)
(2.00383 -0.116545 0)
(2.00247 -0.123335 0)
(1.99802 -0.127448 0)
(1.99219 -0.133875 0)
(1.99019 -0.138099 0)
(1.98197 -0.144589 0)
(1.97562 -0.148928 0)
(1.96723 -0.153108 0)
(1.95454 -0.159985 0)
(1.94489 -0.163594 0)
(1.93151 -0.169083 0)
(1.91958 -0.17451 0)
(1.90815 -0.179755 0)
(1.89717 -0.185038 0)
(1.88788 -0.19064 0)
(1.87898 -0.194046 0)
(1.87144 -0.198406 0)
(1.86284 -0.19792 0)
(1.85018 -0.193437 0)
(1.83532 -0.186187 0)
(1.81993 -0.174481 0)
(1.79128 -0.140815 0)
(1.72898 -0.0645913 0)
(1.64354 0.0336553 0)
(1.5446 0.130668 0)
(1.47973 0.184361 0)
(1.45639 0.199626 0)
(1.44734 0.211625 0)
(1.442 0.215564 0)
(1.43854 0.217757 0)
(1.43376 0.225047 0)
(1.42572 0.234827 0)
(1.41177 0.246429 0)
(1.39634 0.269109 0)
(1.37937 0.298904 0)
(1.3659 0.311543 0)
(1.3557 0.313207 0)
(1.34975 0.309027 0)
(1.33926 0.307658 0)
(1.32123 0.30165 0)
(1.30105 0.295226 0)
(1.28215 0.288544 0)
(1.26614 0.277567 0)
(1.25388 0.265126 0)
(1.24199 0.251385 0)
(1.22735 0.240278 0)
(1.21245 0.22983 0)
(1.19842 0.219147 0)
(1.18266 0.201873 0)
(1.16059 0.180281 0)
(1.1386 0.148839 0)
(2.02923 0.193607 0)
(2.03372 0.184003 0)
(2.03333 0.175239 0)
(2.03711 0.163063 0)
(2.03821 0.150089 0)
(2.0381 0.138948 0)
(2.04002 0.124983 0)
(2.03951 0.111469 0)
(2.03922 0.0987755 0)
(2.03889 0.0856342 0)
(2.03857 0.0710924 0)
(2.03641 0.0602712 0)
(2.03424 0.0497913 0)
(2.03347 0.0370257 0)
(2.03145 0.0263107 0)
(2.02738 0.0210279 0)
(2.02735 0.0117059 0)
(2.02566 0.00242194 0)
(2.02156 -0.000302299 0)
(2.02121 -0.00647629 0)
(2.01985 -0.0131805 0)
(2.01661 -0.015575 0)
(2.01635 -0.0206991 0)
(2.01514 -0.0247816 0)
(2.01304 -0.0263631 0)
(2.01344 -0.0309074 0)
(2.0133 -0.0355535 0)
(2.01174 -0.0374995 0)
(2.01203 -0.0413983 0)
(2.01257 -0.0459553 0)
(2.01235 -0.0505534 0)
(2.01164 -0.0541672 0)
(2.01122 -0.0585818 0)
(2.01145 -0.0654336 0)
(2.01038 -0.0704713 0)
(2.00912 -0.0742879 0)
(2.00734 -0.0795105 0)
(2.00416 -0.0863284 0)
(2.0021 -0.0927435 0)
(1.99759 -0.0964591 0)
(1.99098 -0.101844 0)
(1.98852 -0.106588 0)
(1.98028 -0.111667 0)
(1.97304 -0.117152 0)
(1.96533 -0.120842 0)
(1.95189 -0.127248 0)
(1.94126 -0.13097 0)
(1.92837 -0.135532 0)
(1.91534 -0.140678 0)
(1.90476 -0.146188 0)
(1.89326 -0.151474 0)
(1.88425 -0.157316 0)
(1.87583 -0.161439 0)
(1.86967 -0.165609 0)
(1.86287 -0.167507 0)
(1.85487 -0.17061 0)
(1.84803 -0.169695 0)
(1.83757 -0.165496 0)
(1.82741 -0.15944 0)
(1.80984 -0.141466 0)
(1.77403 -0.0985418 0)
(1.6847 0.00332234 0)
(1.59371 0.10367 0)
(1.52898 0.170955 0)
(1.47355 0.215086 0)
(1.45718 0.238612 0)
(1.45868 0.243236 0)
(1.46673 0.242315 0)
(1.4698 0.244455 0)
(1.46675 0.254859 0)
(1.46432 0.272523 0)
(1.45945 0.285877 0)
(1.45335 0.302228 0)
(1.44861 0.327584 0)
(1.44669 0.345748 0)
(1.45118 0.351098 0)
(1.45687 0.346975 0)
(1.4607 0.340641 0)
(1.46129 0.340741 0)
(1.46021 0.336703 0)
(1.45697 0.325786 0)
(1.44983 0.316802 0)
(1.44001 0.305071 0)
(1.43319 0.278541 0)
(1.4273 0.250871 0)
(1.41855 0.228909 0)
(1.40457 0.20705 0)
(1.38611 0.183424 0)
(2.06126 0.139204 0)
(2.0607 0.141131 0)
(2.05806 0.145827 0)
(2.05577 0.145981 0)
(2.05275 0.144768 0)
(2.05006 0.146487 0)
(2.04731 0.145522 0)
(2.04417 0.143342 0)
(2.04128 0.139724 0)
(2.03807 0.13578 0)
(2.03439 0.130101 0)
(2.03194 0.122812 0)
(2.0291 0.114705 0)
(2.02661 0.105814 0)
(2.02489 0.0951267 0)
(2.0234 0.0837163 0)
(2.02183 0.0741282 0)
(2.02014 0.0638024 0)
(2.01962 0.0508851 0)
(2.01791 0.0422509 0)
(2.01628 0.0347605 0)
(2.01648 0.0240083 0)
(2.01509 0.0172491 0)
(2.01256 0.01292 0)
(2.01345 0.00422015 0)
(2.01348 -0.00314509 0)
(2.01107 -0.00445522 0)
(2.01088 -0.00954315 0)
(2.01212 -0.0182108 0)
(2.01081 -0.0204966 0)
(2.00914 -0.0228185 0)
(2.01024 -0.0296268 0)
(2.00945 -0.0337719 0)
(2.00744 -0.0371299 0)
(2.00623 -0.0425803 0)
(2.00502 -0.0476705 0)
(2.00301 -0.0511713 0)
(1.99923 -0.0559584 0)
(1.99681 -0.0628349 0)
(1.99313 -0.0689873 0)
(1.98712 -0.0734521 0)
(1.98362 -0.0791427 0)
(1.97573 -0.0846977 0)
(1.96839 -0.0910942 0)
(1.96089 -0.0954921 0)
(1.9478 -0.101252 0)
(1.93723 -0.105688 0)
(1.92406 -0.110329 0)
(1.91205 -0.115212 0)
(1.90076 -0.119995 0)
(1.89001 -0.125127 0)
(1.8808 -0.129901 0)
(1.87221 -0.134167 0)
(1.86571 -0.136875 0)
(1.85956 -0.140108 0)
(1.85413 -0.145313 0)
(1.84882 -0.146488 0)
(1.8439 -0.148024 0)
(1.83668 -0.14461 0)
(1.82785 -0.140381 0)
(1.81765 -0.13238 0)
(1.79351 -0.103432 0)
(1.73842 -0.0375749 0)
(1.65136 0.0670188 0)
(1.5463 0.175735 0)
(1.50898 0.219771 0)
(1.48617 0.237712 0)
(1.48184 0.255958 0)
(1.47981 0.270025 0)
(1.4885 0.273823 0)
(1.49778 0.275741 0)
(1.50592 0.281377 0)
(1.5087 0.291045 0)
(1.51158 0.307721 0)
(1.51383 0.324906 0)
(1.51969 0.343573 0)
(1.52761 0.360981 0)
(1.53855 0.37116 0)
(1.5537 0.37456 0)
(1.57384 0.366224 0)
(1.5905 0.353742 0)
(1.60312 0.337977 0)
(1.61092 0.326309 0)
(1.61625 0.312598 0)
(1.61688 0.30205 0)
(1.61461 0.291213 0)
(1.60472 0.286525 0)
(1.59248 0.267636 0)
(2.08168 0.0606721 0)
(2.07995 0.0688544 0)
(2.0751 0.0832289 0)
(2.07118 0.0942222 0)
(2.06964 0.0936301 0)
(2.06361 0.102253 0)
(2.05912 0.109893 0)
(2.05689 0.109552 0)
(2.04915 0.114419 0)
(2.04462 0.116675 0)
(2.03972 0.11868 0)
(2.03393 0.120923 0)
(2.02851 0.122368 0)
(2.02378 0.122874 0)
(2.01934 0.122031 0)
(2.01472 0.120089 0)
(2.01203 0.116341 0)
(2.00913 0.112023 0)
(2.00667 0.105891 0)
(2.00503 0.098159 0)
(2.00446 0.0883483 0)
(2.0038 0.0792361 0)
(2.00303 0.0695687 0)
(2.0033 0.0575212 0)
(2.00332 0.0474776 0)
(2.00276 0.0401676 0)
(2.0035 0.0309988 0)
(2.005 0.0205817 0)
(2.0042 0.0152959 0)
(2.00238 0.0113961 0)
(2.00418 0.00280773 0)
(2.00482 -0.00586517 0)
(2.00276 -0.00814635 0)
(2.00058 -0.0108658 0)
(2.00083 -0.0179551 0)
(1.99986 -0.0254931 0)
(1.99756 -0.0305388 0)
(1.99456 -0.0334412 0)
(1.99028 -0.0373428 0)
(1.98757 -0.0442361 0)
(1.98325 -0.0502479 0)
(1.97639 -0.0533813 0)
(1.97003 -0.0582991 0)
(1.96182 -0.0639921 0)
(1.95286 -0.0678158 0)
(1.94178 -0.0716569 0)
(1.93059 -0.0761696 0)
(1.91757 -0.0806624 0)
(1.90413 -0.0841195 0)
(1.89225 -0.0879327 0)
(1.88182 -0.0922063 0)
(1.87282 -0.0965195 0)
(1.86508 -0.101381 0)
(1.85776 -0.104889 0)
(1.85232 -0.109277 0)
(1.84678 -0.112052 0)
(1.84241 -0.115449 0)
(1.83929 -0.118308 0)
(1.83656 -0.121684 0)
(1.83225 -0.122604 0)
(1.8266 -0.118282 0)
(1.81903 -0.113649 0)
(1.80574 -0.0985833 0)
(1.77173 -0.0575767 0)
(1.688 0.0415107 0)
(1.6176 0.13063 0)
(1.54098 0.211501 0)
(1.49577 0.264103 0)
(1.49403 0.271167 0)
(1.5047 0.282614 0)
(1.51198 0.288403 0)
(1.52228 0.294177 0)
(1.53352 0.299063 0)
(1.54388 0.302992 0)
(1.55444 0.30998 0)
(1.56565 0.319424 0)
(1.57525 0.330628 0)
(1.58687 0.34489 0)
(1.60147 0.360481 0)
(1.61975 0.371784 0)
(1.63987 0.375397 0)
(1.6611 0.371871 0)
(1.68279 0.365035 0)
(1.70645 0.351499 0)
(1.72687 0.333116 0)
(1.74161 0.31463 0)
(1.74803 0.301148 0)
(1.75239 0.279896 0)
(2.11481 -0.1113 0)
(2.10888 -0.088708 0)
(2.10248 -0.0641906 0)
(2.09692 -0.0411372 0)
(2.09005 -0.0181746 0)
(2.082 0.00319094 0)
(2.07672 0.0205331 0)
(2.06883 0.0426003 0)
(2.0604 0.0607166 0)
(2.05838 0.0648665 0)
(2.04733 0.0827107 0)
(2.03982 0.0959827 0)
(2.03774 0.09404 0)
(2.02886 0.102526 0)
(2.02211 0.112772 0)
(2.01784 0.111546 0)
(2.01308 0.112138 0)
(2.00787 0.11497 0)
(2.0035 0.116085 0)
(1.99978 0.11527 0)
(1.99521 0.113376 0)
(1.99353 0.111328 0)
(1.99184 0.108604 0)
(1.99034 0.104246 0)
(1.98947 0.0974982 0)
(1.98944 0.0888733 0)
(1.99032 0.0795454 0)
(1.99104 0.0703569 0)
(1.99142 0.0605383 0)
(1.99285 0.0487873 0)
(1.99344 0.04055 0)
(1.99242 0.0347613 0)
(1.99309 0.0256485 0)
(1.99463 0.013705 0)
(1.99263 0.00980336 0)
(1.98832 0.00748315 0)
(1.98873 -0.000898841 0)
(1.98814 -0.0106963 0)
(1.9846 -0.0153149 0)
(1.97901 -0.016795 0)
(1.9733 -0.0223672 0)
(1.97139 -0.0290588 0)
(1.96412 -0.0350545 0)
(1.95448 -0.0387227 0)
(1.94641 -0.0421291 0)
(1.93652 -0.0449956 0)
(1.92321 -0.049138 0)
(1.91123 -0.0527132 0)
(1.89929 -0.0570721 0)
(1.88737 -0.0620929 0)
(1.87695 -0.0666424 0)
(1.86778 -0.0703504 0)
(1.85986 -0.073035 0)
(1.85265 -0.0768651 0)
(1.84801 -0.0824421 0)
(1.84388 -0.0878178 0)
(1.83959 -0.0916085 0)
(1.83608 -0.093459 0)
(1.83375 -0.0971255 0)
(1.83086 -0.0968578 0)
(1.83022 -0.0998686 0)
(1.82317 -0.0970929 0)
(1.81939 -0.094589 0)
(1.81171 -0.0864858 0)
(1.79119 -0.0592943 0)
(1.74717 -0.00243697 0)
(1.65454 0.107072 0)
(1.57759 0.20056 0)
(1.54955 0.240029 0)
(1.52409 0.275839 0)
(1.51869 0.298116 0)
(1.52918 0.30641 0)
(1.54138 0.309177 0)
(1.55706 0.310711 0)
(1.57127 0.312975 0)
(1.58641 0.319067 0)
(1.60204 0.322504 0)
(1.61771 0.325072 0)
(1.63375 0.331927 0)
(1.64981 0.334486 0)
(1.66681 0.342414 0)
(1.68514 0.350948 0)
(1.7059 0.356169 0)
(1.72951 0.355737 0)
(1.75255 0.352237 0)
(1.77391 0.346119 0)
(1.79374 0.33549 0)
(1.81278 0.317538 0)
(2.13228 -0.217529 0)
(2.13016 -0.21628 0)
(2.12721 -0.209974 0)
(2.12379 -0.200523 0)
(2.11958 -0.190054 0)
(2.11382 -0.174985 0)
(2.10742 -0.154483 0)
(2.10094 -0.132111 0)
(2.09358 -0.108429 0)
(2.08439 -0.0794527 0)
(2.07507 -0.0529855 0)
(2.06785 -0.030439 0)
(2.05647 0.000323665 0)
(2.04571 0.0261453 0)
(2.04359 0.0351925 0)
(2.03001 0.0616532 0)
(2.0202 0.083718 0)
(2.01865 0.0816805 0)
(2.01027 0.09235 0)
(2.00275 0.10812 0)
(1.99755 0.107693 0)
(1.99509 0.10625 0)
(1.99103 0.108892 0)
(1.98764 0.110576 0)
(1.98449 0.110173 0)
(1.98184 0.10797 0)
(1.98083 0.105379 0)
(1.9804 0.103094 0)
(1.98014 0.099901 0)
(1.98039 0.094353 0)
(1.98069 0.0872085 0)
(1.98165 0.0774439 0)
(1.98202 0.0683993 0)
(1.98164 0.0604687 0)
(1.98083 0.051456 0)
(1.9816 0.0389872 0)
(1.9803 0.0302643 0)
(1.9754 0.026948 0)
(1.97541 0.017362 0)
(1.9738 0.00701786 0)
(1.96891 0.00305295 0)
(1.96349 -0.0024115 0)
(1.95648 -0.00635882 0)
(1.94733 -0.0120321 0)
(1.94117 -0.017566 0)
(1.93203 -0.0210261 0)
(1.91824 -0.0233806 0)
(1.90511 -0.0260516 0)
(1.89342 -0.0296169 0)
(1.88214 -0.0349417 0)
(1.8703 -0.038771 0)
(1.8602 -0.0418762 0)
(1.85273 -0.0446909 0)
(1.84586 -0.046992 0)
(1.83937 -0.0505155 0)
(1.83519 -0.0562803 0)
(1.83168 -0.0607321 0)
(1.8294 -0.0651917 0)
(1.82761 -0.0686675 0)
(1.82633 -0.0714206 0)
(1.82518 -0.0726554 0)
(1.82366 -0.0740753 0)
(1.82037 -0.0743329 0)
(1.8171 -0.0715633 0)
(1.81336 -0.0693284 0)
(1.80465 -0.0570448 0)
(1.77328 -0.0170038 0)
(1.71538 0.0581968 0)
(1.6433 0.15447 0)
(1.56794 0.253719 0)
(1.55333 0.274374 0)
(1.5543 0.293365 0)
(1.55379 0.305675 0)
(1.56329 0.319781 0)
(1.57524 0.324941 0)
(1.59168 0.327175 0)
(1.61017 0.325848 0)
(1.62721 0.327694 0)
(1.64839 0.325728 0)
(1.66658 0.326794 0)
(1.68563 0.325435 0)
(1.70429 0.323995 0)
(1.72114 0.325936 0)
(1.74056 0.32372 0)
(1.75892 0.32445 0)
(1.77834 0.324325 0)
(1.79705 0.323414 0)
(1.81613 0.317492 0)
(2.12729 -0.21868 0)
(2.12729 -0.224624 0)
(2.1265 -0.226104 0)
(2.12609 -0.228349 0)
(2.12557 -0.231527 0)
(2.12456 -0.234028 0)
(2.12214 -0.234417 0)
(2.11939 -0.23283 0)
(2.11635 -0.230091 0)
(2.11253 -0.224462 0)
(2.10731 -0.214258 0)
(2.10094 -0.199238 0)
(2.09356 -0.18109 0)
(2.0851 -0.157317 0)
(2.07558 -0.127483 0)
(2.06556 -0.0979594 0)
(2.05709 -0.0704677 0)
(2.04471 -0.0345082 0)
(2.03223 -0.00118716 0)
(2.02815 0.0151221 0)
(2.01867 0.0395138 0)
(2.00442 0.0737927 0)
(2.00076 0.0764916 0)
(1.99899 0.0819299 0)
(1.9885 0.0992126 0)
(1.98427 0.105904 0)
(1.98126 0.102401 0)
(1.97914 0.103894 0)
(1.97786 0.104742 0)
(1.97606 0.104719 0)
(1.97361 0.103454 0)
(1.97217 0.100736 0)
(1.97142 0.0976326 0)
(1.97082 0.0941021 0)
(1.97008 0.0892676 0)
(1.96912 0.082426 0)
(1.96795 0.0743424 0)
(1.96694 0.0649566 0)
(1.96539 0.0567404 0)
(1.96375 0.0474564 0)
(1.95988 0.0402644 0)
(1.95633 0.0319754 0)
(1.95177 0.0233814 0)
(1.94433 0.0169846 0)
(1.93341 0.0129925 0)
(1.92429 0.00829275 0)
(1.91508 0.00286353 0)
(1.90262 -0.00321826 0)
(1.88844 -0.00482376 0)
(1.8756 -0.00665316 0)
(1.86549 -0.0108702 0)
(1.8565 -0.0162123 0)
(1.84884 -0.0216628 0)
(1.84337 -0.0259859 0)
(1.8379 -0.0287897 0)
(1.83224 -0.0307152 0)
(1.82747 -0.0340062 0)
(1.82532 -0.0385605 0)
(1.82469 -0.0432904 0)
(1.82392 -0.0473766 0)
(1.82323 -0.0504546 0)
(1.8231 -0.0548738 0)
(1.82258 -0.0566637 0)
(1.82176 -0.0564545 0)
(1.81728 -0.0530109 0)
(1.81548 -0.0512103 0)
(1.81113 -0.0453697 0)
(1.79838 -0.0251961 0)
(1.76147 0.0250892 0)
(1.69022 0.119837 0)
(1.64621 0.188518 0)
(1.58501 0.271533 0)
(1.56775 0.30346 0)
(1.58042 0.310352 0)
(1.58931 0.317587 0)
(1.59955 0.326765 0)
(1.6116 0.333493 0)
(1.6287 0.335021 0)
(1.64855 0.333062 0)
(1.66712 0.330702 0)
(1.68919 0.325232 0)
(1.70774 0.323482 0)
(1.72654 0.320434 0)
(1.74828 0.312006 0)
(1.76537 0.307478 0)
(1.78355 0.302531 0)
(1.7988 0.298292 0)
(1.81488 0.290208 0)
(2.1212 -0.20986 0)
(2.12292 -0.218652 0)
(2.12208 -0.2228 0)
(2.12196 -0.22398 0)
(2.12342 -0.229244 0)
(2.12153 -0.233581 0)
(2.11925 -0.234071 0)
(2.11806 -0.23649 0)
(2.11767 -0.239667 0)
(2.11542 -0.242057 0)
(2.11263 -0.243104 0)
(2.1109 -0.244334 0)
(2.10818 -0.244624 0)
(2.10472 -0.243826 0)
(2.10095 -0.240749 0)
(2.09618 -0.233934 0)
(2.0906 -0.22284 0)
(2.08405 -0.207826 0)
(2.07604 -0.186071 0)
(2.06686 -0.157227 0)
(2.05642 -0.125627 0)
(2.04704 -0.0954711 0)
(2.03591 -0.0600356 0)
(2.02132 -0.0184031 0)
(2.01475 0.00312678 0)
(2.01122 0.0212769 0)
(1.9943 0.0567992 0)
(1.98789 0.0715731 0)
(1.99019 0.0702968 0)
(1.98213 0.082087 0)
(1.97776 0.0952205 0)
(1.97315 0.094794 0)
(1.97196 0.0908088 0)
(1.97064 0.0921942 0)
(1.96765 0.0934062 0)
(1.96488 0.0931134 0)
(1.96154 0.0913902 0)
(1.95895 0.0887509 0)
(1.95665 0.0854758 0)
(1.95443 0.0820855 0)
(1.95092 0.0776757 0)
(1.94753 0.0708318 0)
(1.94292 0.0640511 0)
(1.93561 0.0578411 0)
(1.929 0.0492276 0)
(1.91941 0.0421507 0)
(1.90751 0.0369683 0)
(1.89562 0.03141 0)
(1.88496 0.0236551 0)
(1.87279 0.0190484 0)
(1.86037 0.0180768 0)
(1.8495 0.0146389 0)
(1.8427 0.00772052 0)
(1.83774 0.000244186 0)
(1.83354 -0.00527745 0)
(1.82896 -0.00845545 0)
(1.8245 -0.00982034 0)
(1.81969 -0.0103095 0)
(1.81586 -0.0132027 0)
(1.8151 -0.0181673 0)
(1.81653 -0.0234018 0)
(1.81773 -0.0283641 0)
(1.81895 -0.0334184 0)
(1.82053 -0.0378481 0)
(1.82107 -0.0381413 0)
(1.81936 -0.0368395 0)
(1.81675 -0.0324881 0)
(1.81538 -0.0308009 0)
(1.81045 -0.0227523 0)
(1.79189 0.00561912 0)
(1.75482 0.0626954 0)
(1.68475 0.159261 0)
(1.64811 0.22214 0)
(1.62233 0.271034 0)
(1.60231 0.317123 0)
(1.60634 0.32477 0)
(1.62298 0.327342 0)
(1.63613 0.330601 0)
(1.64964 0.334723 0)
(1.66536 0.337336 0)
(1.68434 0.335414 0)
(1.70315 0.330538 0)
(1.72261 0.324372 0)
(1.74335 0.315109 0)
(1.75991 0.310024 0)
(1.7808 0.300744 0)
(1.7973 0.292561 0)
(1.81185 0.285686 0)
(2.11167 -0.187025 0)
(2.11335 -0.19434 0)
(2.11404 -0.203171 0)
(2.11423 -0.205965 0)
(2.11391 -0.208349 0)
(2.11475 -0.215738 0)
(2.1138 -0.223024 0)
(2.11265 -0.223912 0)
(2.11249 -0.228034 0)
(2.11154 -0.233804 0)
(2.10894 -0.235812 0)
(2.10862 -0.240156 0)
(2.10617 -0.242426 0)
(2.10339 -0.244364 0)
(2.1022 -0.246391 0)
(2.09953 -0.247498 0)
(2.0975 -0.248447 0)
(2.09525 -0.249457 0)
(2.09282 -0.249068 0)
(2.08973 -0.246613 0)
(2.08585 -0.24174 0)
(2.08069 -0.233171 0)
(2.07423 -0.218894 0)
(2.06651 -0.199124 0)
(2.05721 -0.17239 0)
(2.04689 -0.140247 0)
(2.03658 -0.107395 0)
(2.02793 -0.0764759 0)
(2.01403 -0.035042 0)
(2.00361 -0.0036531 0)
(2.00047 0.0128314 0)
(1.9921 0.0351553 0)
(1.97918 0.0659025 0)
(1.97463 0.0716642 0)
(1.97604 0.0703557 0)
(1.96761 0.0803594 0)
(1.96324 0.090095 0)
(1.95778 0.0886281 0)
(1.95485 0.0855934 0)
(1.95248 0.0861923 0)
(1.94841 0.0858223 0)
(1.9428 0.084375 0)
(1.93651 0.083777 0)
(1.92939 0.0826905 0)
(1.92223 0.0798962 0)
(1.91285 0.0783981 0)
(1.90125 0.0760084 0)
(1.88918 0.0717873 0)
(1.87723 0.065526 0)
(1.86472 0.0583067 0)
(1.85531 0.0487187 0)
(1.84633 0.0419527 0)
(1.83581 0.038087 0)
(1.82767 0.0322608 0)
(1.82467 0.0241911 0)
(1.82308 0.0168182 0)
(1.82067 0.0110966 0)
(1.81798 0.00745674 0)
(1.81491 0.00563433 0)
(1.81131 0.00470173 0)
(1.80796 0.00341293 0)
(1.80894 -0.00175672 0)
(1.81204 -0.00802625 0)
(1.81461 -0.0116044 0)
(1.818 -0.0170953 0)
(1.82118 -0.0239998 0)
(1.82239 -0.0246955 0)
(1.82081 -0.0219297 0)
(1.81913 -0.0163601 0)
(1.81809 -0.0139638 0)
(1.81287 -0.00305216 0)
(1.79152 0.0303565 0)
(1.75209 0.0938036 0)
(1.70271 0.173377 0)
(1.65988 0.24977 0)
(1.65567 0.275322 0)
(1.64279 0.309679 0)
(1.64428 0.331013 0)
(1.65356 0.332356 0)
(1.67064 0.332659 0)
(1.68557 0.333754 0)
(1.70051 0.335473 0)
(1.71699 0.333633 0)
(1.73498 0.327171 0)
(1.75148 0.31972 0)
(1.77052 0.309834 0)
(1.78603 0.300812 0)
(1.80136 0.291122 0)
(2.1063 -0.17303 0)
(2.10828 -0.179474 0)
(2.10939 -0.187372 0)
(2.10929 -0.19237 0)
(2.1092 -0.194328 0)
(2.10916 -0.198741 0)
(2.10941 -0.206639 0)
(2.10806 -0.210509 0)
(2.10695 -0.212708 0)
(2.10707 -0.219504 0)
(2.10487 -0.222569 0)
(2.10341 -0.225349 0)
(2.10222 -0.229938 0)
(2.09992 -0.233061 0)
(2.09878 -0.238114 0)
(2.09674 -0.239375 0)
(2.0944 -0.240923 0)
(2.0934 -0.24425 0)
(2.09135 -0.246166 0)
(2.08894 -0.247284 0)
(2.08775 -0.248308 0)
(2.08606 -0.249532 0)
(2.08398 -0.250155 0)
(2.08162 -0.249299 0)
(2.07871 -0.24777 0)
(2.07513 -0.243824 0)
(2.07057 -0.235553 0)
(2.06489 -0.222479 0)
(2.05757 -0.205011 0)
(2.04849 -0.180214 0)
(2.03854 -0.149498 0)
(2.02738 -0.115871 0)
(2.01829 -0.0867715 0)
(2.00736 -0.0543167 0)
(1.99352 -0.0153479 0)
(1.98564 0.00523316 0)
(1.9817 0.0196141 0)
(1.97339 0.0381837 0)
(1.96122 0.0632443 0)
(1.95645 0.0663846 0)
(1.9562 0.0661157 0)
(1.9459 0.0759016 0)
(1.93862 0.0845111 0)
(1.9321 0.0828459 0)
(1.92397 0.0849977 0)
(1.91265 0.0893662 0)
(1.90004 0.092407 0)
(1.8855 0.0935358 0)
(1.86935 0.0944078 0)
(1.85405 0.0927022 0)
(1.84303 0.0889969 0)
(1.83601 0.0829259 0)
(1.82767 0.072294 0)
(1.82053 0.0625359 0)
(1.81389 0.058013 0)
(1.80895 0.0517949 0)
(1.80971 0.0416161 0)
(1.8109 0.0323654 0)
(1.81022 0.0262713 0)
(1.80858 0.0216848 0)
(1.80657 0.0200462 0)
(1.80441 0.0199043 0)
(1.80323 0.0170987 0)
(1.80413 0.0138388 0)
(1.80897 0.00776447 0)
(1.81404 0.00108161 0)
(1.81883 -0.00387544 0)
(1.82351 -0.0118005 0)
(1.82484 -0.0124701 0)
(1.82495 -0.00855326 0)
(1.82442 -0.00331256 0)
(1.82329 0.000419884 0)
(1.81755 0.0134161 0)
(1.7995 0.0464291 0)
(1.75916 0.112639 0)
(1.72853 0.178882 0)
(1.68701 0.252523 0)
(1.68585 0.279073 0)
(1.68132 0.30086 0)
(1.68138 0.325522 0)
(1.69019 0.330707 0)
(1.70452 0.330529 0)
(1.71828 0.328513 0)
(1.73172 0.329133 0)
(1.74592 0.327824 0)
(1.7608 0.323245 0)
(1.77583 0.315127 0)
(1.78861 0.306673 0)
(2.09843 -0.154559 0)
(2.10133 -0.161763 0)
(2.10144 -0.166993 0)
(2.1014 -0.1711 0)
(2.10171 -0.174838 0)
(2.10128 -0.178089 0)
(2.10205 -0.184825 0)
(2.101 -0.189231 0)
(2.09938 -0.191385 0)
(2.09986 -0.197301 0)
(2.09845 -0.201977 0)
(2.09659 -0.204596 0)
(2.0963 -0.210001 0)
(2.09424 -0.213489 0)
(2.09343 -0.218783 0)
(2.09226 -0.223909 0)
(2.09026 -0.225245 0)
(2.08968 -0.229795 0)
(2.08837 -0.235771 0)
(2.08654 -0.236496 0)
(2.0857 -0.238731 0)
(2.08415 -0.243001 0)
(2.08242 -0.243539 0)
(2.07997 -0.243657 0)
(2.07842 -0.245043 0)
(2.07643 -0.246091 0)
(2.07415 -0.246342 0)
(2.07225 -0.246119 0)
(2.06989 -0.24611 0)
(2.06712 -0.245065 0)
(2.06368 -0.241687 0)
(2.05911 -0.234929 0)
(2.05289 -0.224166 0)
(2.04508 -0.207776 0)
(2.03632 -0.186311 0)
(2.02624 -0.159103 0)
(2.01517 -0.127027 0)
(2.00382 -0.0938283 0)
(1.99598 -0.0689821 0)
(1.98272 -0.0347018 0)
(1.97207 -0.00582621 0)
(1.96082 0.0195183 0)
(1.95945 0.0250391 0)
(1.94617 0.0454486 0)
(1.9329 0.0717058 0)
(1.9235 0.0711368 0)
(1.91805 0.0720535 0)
(1.89634 0.0859977 0)
(1.8768 0.10053 0)
(1.85915 0.104835 0)
(1.84261 0.103235 0)
(1.82702 0.107447 0)
(1.81341 0.106285 0)
(1.80895 0.102122 0)
(1.80387 0.092503 0)
(1.80064 0.0802437 0)
(1.79772 0.0738328 0)
(1.79476 0.0677631 0)
(1.79652 0.0575707 0)
(1.8006 0.0463086 0)
(1.80194 0.0387254 0)
(1.80204 0.0346145 0)
(1.80186 0.0306919 0)
(1.80173 0.0296468 0)
(1.80215 0.0285907 0)
(1.8051 0.0230746 0)
(1.80925 0.0188406 0)
(1.81459 0.0137185 0)
(1.8212 0.00670652 0)
(1.8273 -0.00122874 0)
(1.82987 -0.0019799 0)
(1.83022 0.00128466 0)
(1.83168 0.00570988 0)
(1.83133 0.0111381 0)
(1.82659 0.023619 0)
(1.81165 0.0556887 0)
(1.78089 0.111709 0)
(1.7522 0.175939 0)
(1.72493 0.234978 0)
(1.71171 0.279378 0)
(1.71909 0.290455 0)
(1.71759 0.312805 0)
(1.72478 0.32265 0)
(1.73347 0.32314 0)
(1.74705 0.322392 0)
(1.75983 0.32069 0)
(1.77174 0.319333 0)
(1.78206 0.316422 0)
(2.09241 -0.141001 0)
(2.09574 -0.148283 0)
(2.09605 -0.155053 0)
(2.09558 -0.156621 0)
(2.09707 -0.161515 0)
(2.09719 -0.16639 0)
(2.09768 -0.172404 0)
(2.09694 -0.176057 0)
(2.09515 -0.178166 0)
(2.09551 -0.183877 0)
(2.09405 -0.187797 0)
(2.09237 -0.190157 0)
(2.09167 -0.194631 0)
(2.08973 -0.197468 0)
(2.08831 -0.201132 0)
(2.08714 -0.205941 0)
(2.08542 -0.20779 0)
(2.08391 -0.210201 0)
(2.08343 -0.216111 0)
(2.08189 -0.219554 0)
(2.08015 -0.220733 0)
(2.08008 -0.225862 0)
(2.07885 -0.230812 0)
(2.07686 -0.231546 0)
(2.07624 -0.235262 0)
(2.07481 -0.240152 0)
(2.0728 -0.240912 0)
(2.0709 -0.242851 0)
(2.07021 -0.244979 0)
(2.06798 -0.24636 0)
(2.06588 -0.246365 0)
(2.06377 -0.246247 0)
(2.0609 -0.246702 0)
(2.05795 -0.246675 0)
(2.05446 -0.244892 0)
(2.05019 -0.242003 0)
(2.04472 -0.236298 0)
(2.03819 -0.226433 0)
(2.03032 -0.211487 0)
(2.0213 -0.19219 0)
(2.01129 -0.167806 0)
(2.00027 -0.139702 0)
(1.98755 -0.104276 0)
(1.97642 -0.0765244 0)
(1.96299 -0.0436915 0)
(1.95463 -0.0204985 0)
(1.93223 0.0235172 0)
(1.91526 0.0506953 0)
(1.91126 0.0516751 0)
(1.8831 0.076571 0)
(1.85284 0.112135 0)
(1.83085 0.11812 0)
(1.81764 0.11344 0)
(1.80426 0.117997 0)
(1.79137 0.117028 0)
(1.78834 0.114435 0)
(1.78556 0.107034 0)
(1.78454 0.0960718 0)
(1.78461 0.0859959 0)
(1.78384 0.0800028 0)
(1.78607 0.070632 0)
(1.79205 0.0592584 0)
(1.7968 0.0491363 0)
(1.79865 0.0433816 0)
(1.79987 0.0406181 0)
(1.80168 0.0371517 0)
(1.80401 0.0355268 0)
(1.8073 0.0330265 0)
(1.813 0.026112 0)
(1.81788 0.0218416 0)
(1.82343 0.0177951 0)
(1.83153 0.00940536 0)
(1.83502 0.00541116 0)
(1.83859 0.00902855 0)
(1.83957 0.0125418 0)
(1.84232 0.0175013 0)
(1.8388 0.0277159 0)
(1.82713 0.0545946 0)
(1.8074 0.0985597 0)
(1.78016 0.158891 0)
(1.76368 0.210299 0)
(1.74561 0.260481 0)
(1.7547 0.274328 0)
(1.74789 0.297435 0)
(1.75263 0.310585 0)
(1.76207 0.310682 0)
(1.77388 0.311222 0)
(1.78252 0.309935 0)
(2.08664 -0.12707 0)
(2.08841 -0.132042 0)
(2.08944 -0.139724 0)
(2.08937 -0.141923 0)
(2.0895 -0.143768 0)
(2.09076 -0.149477 0)
(2.09044 -0.155001 0)
(2.08939 -0.156888 0)
(2.08817 -0.159314 0)
(2.08874 -0.165449 0)
(2.08723 -0.16985 0)
(2.08507 -0.171203 0)
(2.08524 -0.176018 0)
(2.08358 -0.179773 0)
(2.08125 -0.181821 0)
(2.08116 -0.186967 0)
(2.07976 -0.189931 0)
(2.07835 -0.192092 0)
(2.07845 -0.197424 0)
(2.07703 -0.200941 0)
(2.07542 -0.202464 0)
(2.07545 -0.207153 0)
(2.07422 -0.211479 0)
(2.07252 -0.21302 0)
(2.07152 -0.216124 0)
(2.07058 -0.220958 0)
(2.06898 -0.224226 0)
(2.06714 -0.225351 0)
(2.06632 -0.228726 0)
(2.06487 -0.232484 0)
(2.06313 -0.233641 0)
(2.06006 -0.23532 0)
(2.05865 -0.237579 0)
(2.05508 -0.238845 0)
(2.05212 -0.240176 0)
(2.0493 -0.240582 0)
(2.04598 -0.241484 0)
(2.04254 -0.241983 0)
(2.03909 -0.241991 0)
(2.03531 -0.241746 0)
(2.03118 -0.240114 0)
(2.02611 -0.235461 0)
(2.02008 -0.227575 0)
(2.01242 -0.214714 0)
(2.00289 -0.195759 0)
(1.99211 -0.170522 0)
(1.97936 -0.14225 0)
(1.96189 -0.10208 0)
(1.9466 -0.0639894 0)
(1.91475 -0.00687157 0)
(1.89743 0.0190822 0)
(1.88144 0.0437414 0)
(1.83421 0.10128 0)
(1.80883 0.125858 0)
(1.79555 0.120524 0)
(1.78707 0.12089 0)
(1.77652 0.121476 0)
(1.7739 0.120524 0)
(1.77218 0.115418 0)
(1.773 0.106071 0)
(1.77566 0.0941498 0)
(1.77778 0.0866879 0)
(1.77897 0.0803569 0)
(1.78381 0.070179 0)
(1.79128 0.0598877 0)
(1.79749 0.0505815 0)
(1.80094 0.0460836 0)
(1.80418 0.0446887 0)
(1.80861 0.0403521 0)
(1.81329 0.0365353 0)
(1.81858 0.0332359 0)
(1.82504 0.0264502 0)
(1.82924 0.0239796 0)
(1.8356 0.0206646 0)
(1.84173 0.0142218 0)
(1.84532 0.0126862 0)
(1.85021 0.0161573 0)
(1.85283 0.0209862 0)
(1.85145 0.0275797 0)
(1.84539 0.0455492 0)
(1.83324 0.079511 0)
(1.81471 0.126862 0)
(1.79983 0.176971 0)
(1.78431 0.223543 0)
(1.7826 0.249886 0)
(1.78181 0.268834 0)
(1.77958 0.295141 0)
(1.7854 0.294855 0)
(2.08016 -0.113216 0)
(2.08193 -0.118161 0)
(2.08399 -0.125768 0)
(2.08439 -0.129923 0)
(2.08438 -0.131245 0)
(2.08533 -0.135965 0)
(2.08583 -0.142628 0)
(2.08504 -0.145693 0)
(2.08441 -0.147495 0)
(2.085 -0.152873 0)
(2.08374 -0.158956 0)
(2.08164 -0.160219 0)
(2.08144 -0.163596 0)
(2.08054 -0.16879 0)
(2.07824 -0.170594 0)
(2.07774 -0.174488 0)
(2.07663 -0.178105 0)
(2.07509 -0.179578 0)
(2.07494 -0.183743 0)
(2.07346 -0.187126 0)
(2.07162 -0.187838 0)
(2.07152 -0.191668 0)
(2.07017 -0.195688 0)
(2.068 -0.196392 0)
(2.06783 -0.200313 0)
(2.06648 -0.204093 0)
(2.06445 -0.206091 0)
(2.0637 -0.209874 0)
(2.06229 -0.211943 0)
(2.06132 -0.215596 0)
(2.06007 -0.220237 0)
(2.05734 -0.221889 0)
(2.05601 -0.225801 0)
(2.05364 -0.230132 0)
(2.04988 -0.23249 0)
(2.04851 -0.236053 0)
(2.04537 -0.238315 0)
(2.04148 -0.240355 0)
(2.03961 -0.24196 0)
(2.03654 -0.243113 0)
(2.03293 -0.243059 0)
(2.02972 -0.243439 0)
(2.02642 -0.243445 0)
(2.02276 -0.2431 0)
(2.01857 -0.241879 0)
(2.01381 -0.239321 0)
(2.0078 -0.234058 0)
(1.99994 -0.224068 0)
(1.98978 -0.20824 0)
(1.97392 -0.180781 0)
(1.95381 -0.14011 0)
(1.92892 -0.0922329 0)
(1.88898 -0.0211302 0)
(1.87311 0.00860007 0)
(1.83326 0.062471 0)
(1.79582 0.12596 0)
(1.7757 0.126859 0)
(1.7736 0.121386 0)
(1.76688 0.12072 0)
(1.76487 0.120446 0)
(1.76418 0.118416 0)
(1.76627 0.111376 0)
(1.77046 0.0997425 0)
(1.77538 0.0881206 0)
(1.77907 0.0835212 0)
(1.7822 0.077805 0)
(1.78941 0.0677628 0)
(1.79777 0.0587941 0)
(1.80518 0.0502812 0)
(1.80985 0.0466724 0)
(1.81419 0.0457707 0)
(1.81998 0.0409395 0)
(1.82571 0.0364061 0)
(1.83134 0.0337608 0)
(1.83772 0.0275884 0)
(1.84262 0.024562 0)
(1.84811 0.0230322 0)
(1.85273 0.0184454 0)
(1.85781 0.018897 0)
(1.8625 0.0204209 0)
(1.86578 0.0249443 0)
(1.86383 0.0349875 0)
(1.8573 0.056568 0)
(1.84653 0.0898801 0)
(1.83342 0.132017 0)
(1.82149 0.173515 0)
(1.81492 0.207586 0)
(1.80775 0.238498 0)
(2.0741 -0.0997839 0)
(2.07724 -0.106582 0)
(2.07833 -0.112158 0)
(2.07873 -0.11501 0)
(2.07871 -0.1165 0)
(2.07901 -0.120254 0)
(2.07977 -0.126397 0)
(2.0792 -0.130479 0)
(2.07871 -0.131534 0)
(2.07812 -0.134667 0)
(2.07724 -0.140604 0)
(2.07536 -0.143288 0)
(2.07404 -0.14513 0)
(2.07407 -0.150337 0)
(2.07229 -0.153359 0)
(2.07068 -0.155633 0)
(2.07057 -0.160529 0)
(2.06914 -0.162513 0)
(2.06827 -0.165279 0)
(2.0678 -0.170081 0)
(2.06629 -0.171594 0)
(2.06559 -0.174097 0)
(2.06508 -0.179054 0)
(2.06329 -0.180388 0)
(2.06256 -0.18301 0)
(2.06188 -0.187565 0)
(2.05974 -0.189052 0)
(2.05911 -0.192456 0)
(2.05823 -0.195666 0)
(2.05637 -0.197041 0)
(2.05523 -0.200879 0)
(2.05334 -0.204716 0)
(2.05057 -0.206193 0)
(2.04871 -0.210157 0)
(2.04517 -0.212228 0)
(2.04234 -0.215343 0)
(2.04046 -0.21973 0)
(2.0372 -0.221144 0)
(2.03513 -0.224751 0)
(2.03158 -0.226431 0)
(2.0279 -0.228917 0)
(2.02659 -0.232066 0)
(2.02312 -0.233291 0)
(2.01972 -0.234448 0)
(2.01663 -0.235763 0)
(2.01319 -0.236653 0)
(2.00943 -0.236832 0)
(2.00527 -0.236831 0)
(2.00081 -0.236873 0)
(1.99538 -0.235281 0)
(1.9892 -0.230226 0)
(1.97952 -0.21827 0)
(1.96174 -0.189969 0)
(1.93937 -0.147406 0)
(1.90182 -0.0850318 0)
(1.86008 -0.00927178 0)
(1.84338 0.0249721 0)
(1.79324 0.0908346 0)
(1.77145 0.131642 0)
(1.75963 0.125577 0)
(1.76227 0.119223 0)
(1.75973 0.117729 0)
(1.76026 0.11643 0)
(1.76446 0.113001 0)
(1.77035 0.104322 0)
(1.77656 0.0918325 0)
(1.78283 0.0817029 0)
(1.78761 0.0786698 0)
(1.79202 0.0741239 0)
(1.79927 0.0659636 0)
(1.80781 0.0581219 0)
(1.81602 0.0498718 0)
(1.82166 0.0463241 0)
(1.82675 0.0455918 0)
(1.83326 0.0404937 0)
(1.83931 0.0354874 0)
(1.84499 0.0333721 0)
(1.8513 0.0278029 0)
(1.85703 0.0235132 0)
(1.86149 0.0238241 0)
(1.86693 0.021268 0)
(1.87152 0.0202606 0)
(1.87603 0.0222263 0)
(1.87782 0.0261607 0)
(1.87718 0.0352904 0)
(1.87199 0.0538665 0)
(1.86316 0.0830733 0)
(1.85392 0.116889 0)
(2.0679 -0.0860493 0)
(2.07123 -0.0927597 0)
(2.07215 -0.0978642 0)
(2.07258 -0.100047 0)
(2.07334 -0.103034 0)
(2.07416 -0.107232 0)
(2.0752 -0.113113 0)
(2.07496 -0.118047 0)
(2.07433 -0.119657 0)
(2.07391 -0.122281 0)
(2.07371 -0.127793 0)
(2.07211 -0.132289 0)
(2.07022 -0.13358 0)
(2.07074 -0.138095 0)
(2.06956 -0.143097 0)
(2.06752 -0.144417 0)
(2.06769 -0.148589 0)
(2.0668 -0.152733 0)
(2.0653 -0.154054 0)
(2.06539 -0.158263 0)
(2.06418 -0.161738 0)
(2.06275 -0.162926 0)
(2.06272 -0.167228 0)
(2.06116 -0.169655 0)
(2.05999 -0.171508 0)
(2.0593 -0.175115 0)
(2.05738 -0.177031 0)
(2.05626 -0.179832 0)
(2.05515 -0.182413 0)
(2.05335 -0.183492 0)
(2.05145 -0.186128 0)
(2.04964 -0.189594 0)
(2.04706 -0.191754 0)
(2.04504 -0.194738 0)
(2.04198 -0.196881 0)
(2.03832 -0.19955 0)
(2.03703 -0.203966 0)
(2.03437 -0.206798 0)
(2.03229 -0.210241 0)
(2.02984 -0.213934 0)
(2.02633 -0.216184 0)
(2.02444 -0.220511 0)
(2.02181 -0.223895 0)
(2.01903 -0.226302 0)
(2.01538 -0.228295 0)
(2.01287 -0.231678 0)
(2.01 -0.233712 0)
(2.00543 -0.234235 0)
(2.0019 -0.234702 0)
(1.99775 -0.235189 0)
(1.99357 -0.234334 0)
(1.98946 -0.232935 0)
(1.98456 -0.231205 0)
(1.97838 -0.225802 0)
(1.96656 -0.211339 0)
(1.94426 -0.175742 0)
(1.91616 -0.12573 0)
(1.86533 -0.0443312 0)
(1.83294 0.0149638 0)
(1.81397 0.0508654 0)
(1.77421 0.107962 0)
(1.75936 0.128485 0)
(1.75401 0.123799 0)
(1.76074 0.116414 0)
(1.76116 0.113619 0)
(1.76448 0.111629 0)
(1.77196 0.106209 0)
(1.77973 0.0971789 0)
(1.78737 0.0855307 0)
(1.79459 0.0767314 0)
(1.8002 0.0744098 0)
(1.80529 0.0709812 0)
(1.81229 0.0641706 0)
(1.82037 0.0575604 0)
(1.82912 0.0493489 0)
(1.83522 0.0446618 0)
(1.84078 0.0436527 0)
(1.84745 0.0391241 0)
(1.8532 0.0345663 0)
(1.85839 0.0324075 0)
(1.8647 0.0274703 0)
(1.87071 0.0216414 0)
(1.87547 0.0211924 0)
(1.87939 0.0218101 0)
(1.88418 0.0195836 0)
(1.88743 0.0195538 0)
(1.88894 0.0218851 0)
(1.88872 0.0281756 0)
(2.0623 -0.073068 0)
(2.0656 -0.0795945 0)
(2.06645 -0.0843728 0)
(2.06655 -0.0855948 0)
(2.06836 -0.0899359 0)
(2.06934 -0.0944482 0)
(2.06939 -0.0975382 0)
(2.06965 -0.102198 0)
(2.06918 -0.105404 0)
(2.06845 -0.107063 0)
(2.06817 -0.111057 0)
(2.06711 -0.116151 0)
(2.06535 -0.117919 0)
(2.06445 -0.120378 0)
(2.06413 -0.125722 0)
(2.06251 -0.128345 0)
(2.06106 -0.129865 0)
(2.06132 -0.134957 0)
(2.06012 -0.137657 0)
(2.05881 -0.139221 0)
(2.05884 -0.14418 0)
(2.05746 -0.146273 0)
(2.05679 -0.149112 0)
(2.05611 -0.152976 0)
(2.05483 -0.155017 0)
(2.05401 -0.157807 0)
(2.0526 -0.160412 0)
(2.05199 -0.164337 0)
(2.05073 -0.166849 0)
(2.04896 -0.168126 0)
(2.04815 -0.171729 0)
(2.04605 -0.175082 0)
(2.04278 -0.176977 0)
(2.0414 -0.180446 0)
(2.03856 -0.182853 0)
(2.03559 -0.185131 0)
(2.03308 -0.18845 0)
(2.0297 -0.190286 0)
(2.02735 -0.193129 0)
(2.02518 -0.196483 0)
(2.02203 -0.197897 0)
(2.01989 -0.20138 0)
(2.01649 -0.203425 0)
(2.01392 -0.206178 0)
(2.01145 -0.209474 0)
(2.00796 -0.21136 0)
(2.0054 -0.214427 0)
(2.00116 -0.216199 0)
(1.99879 -0.219657 0)
(1.99563 -0.223057 0)
(1.99135 -0.223286 0)
(1.98806 -0.224401 0)
(1.98511 -0.224915 0)
(1.98162 -0.224855 0)
(1.97745 -0.223311 0)
(1.97251 -0.221009 0)
(1.96509 -0.213042 0)
(1.9483 -0.190587 0)
(1.91932 -0.142547 0)
(1.88585 -0.0850976 0)
(1.83136 0.00468708 0)
(1.81367 0.0389477 0)
(1.7914 0.0723553 0)
(1.76982 0.113262 0)
(1.75879 0.120205 0)
(1.76076 0.117843 0)
(1.76572 0.112839 0)
(1.7691 0.109838 0)
(1.77552 0.107134 0)
(1.78414 0.101152 0)
(1.79289 0.0923883 0)
(1.80131 0.0820408 0)
(1.80871 0.0732826 0)
(1.81453 0.0707418 0)
(1.81998 0.067962 0)
(1.82702 0.0614886 0)
(1.83381 0.0566303 0)
(1.84257 0.0489857 0)
(1.8493 0.0428114 0)
(1.85481 0.040952 0)
(1.86123 0.0358447 0)
(1.86589 0.0331433 0)
(1.87088 0.0304719 0)
(1.87664 0.0259526 0)
(1.8827 0.02011 0)
(1.88666 0.0174729 0)
(1.88934 0.0172979 0)
(1.89288 0.0156107 0)
(2.05709 -0.0611861 0)
(2.06 -0.0667438 0)
(2.06113 -0.0715512 0)
(2.06127 -0.0724613 0)
(2.06265 -0.0760694 0)
(2.06435 -0.0822562 0)
(2.06433 -0.0847654 0)
(2.06427 -0.0873447 0)
(2.06488 -0.0922061 0)
(2.06419 -0.0949626 0)
(2.06345 -0.0974587 0)
(2.0633 -0.102225 0)
(2.06198 -0.106057 0)
(2.06024 -0.107511 0)
(2.06005 -0.111546 0)
(2.05908 -0.116151 0)
(2.05741 -0.117315 0)
(2.05733 -0.120759 0)
(2.057 -0.125882 0)
(2.05559 -0.127276 0)
(2.05565 -0.131046 0)
(2.05481 -0.135024 0)
(2.05357 -0.136907 0)
(0.168133 -0.0645118 0)
(0.155306 -0.0568121 0)
(0.139886 -0.0530466 0)
(0.123216 -0.0531663 0)
(0.105125 -0.0566879 0)
(0.0864692 -0.0651059 0)
(0.0671744 -0.0779639 0)
(0.0477228 -0.0960404 0)
(0.0280353 -0.118917 0)
(0.00897249 -0.146522 0)
(-0.0101746 -0.176765 0)
(-0.0283 -0.208823 0)
(-0.0453821 -0.241203 0)
(-0.0600342 -0.27382 0)
(0.123235 0.181216 0)
(0.130216 0.173557 0)
(0.136476 0.16465 0)
(0.144197 0.155816 0)
(0.1515 0.146074 0)
(0.160056 0.136613 0)
(0.168547 0.126588 0)
(0.178024 0.116749 0)
(0.187762 0.10657 0)
(0.198035 0.0963529 0)
(0.208547 0.0860914 0)
(0.219318 0.0760134 0)
(0.230249 0.0661887 0)
(0.241483 0.0567513 0)
(0.253123 0.0478542 0)
(0.265348 0.0398422 0)
(0.278205 0.0328582 0)
(0.29163 0.0265358 0)
(0.30563 0.0204277 0)
(0.320201 0.0147187 0)
(0.335225 0.00909721 0)
(0.350696 0.00342112 0)
(0.366628 -0.00233804 0)
(0.382973 -0.00833206 0)
(0.399651 -0.0147289 0)
(0.41652 -0.0214174 0)
(0.433312 -0.0276313 0)
(0.449395 -0.0328814 0)
(0.464388 -0.0370148 0)
(0.477571 -0.0402958 0)
(0.486603 -0.0414686 0)
(0.49269 -0.037766 0)
(0.497682 -0.0323366 0)
(0.50484 -0.0289095 0)
(0.515474 -0.0305933 0)
(0.528984 -0.0352798 0)
(0.545179 -0.0438078 0)
(0.562708 -0.0573255 0)
(0.579359 -0.071809 0)
(0.590986 -0.0805528 0)
(0.587098 -0.0769202 0)
(0.562932 -0.0527915 0)
(0.528442 -0.0214739 0)
(0.499456 -0.00301388 0)
(0.476431 -0.00147747 0)
(0.458624 -0.00594159 0)
(0.439596 -0.0206783 0)
(0.421237 -0.0418708 0)
(0.404958 -0.0638065 0)
(0.385303 -0.0866349 0)
(0.373286 -0.110726 0)
(0.358765 -0.131096 0)
(0.345244 -0.148864 0)
(0.330432 -0.16391 0)
(0.316937 -0.180437 0)
(0.300251 -0.19437 0)
(0.284237 -0.208773 0)
(0.269325 -0.220164 0)
(0.256477 -0.227787 0)
(0.245976 -0.229814 0)
(0.2385 -0.226474 0)
(0.234826 -0.219605 0)
(0.233149 -0.210814 0)
(0.232982 -0.201695 0)
(0.233088 -0.190894 0)
(0.233139 -0.178671 0)
(0.231197 -0.165715 0)
(0.229341 -0.151417 0)
(0.225129 -0.136269 0)
(0.222368 -0.119345 0)
(0.216998 -0.102531 0)
(0.21146 -0.0858914 0)
(0.203615 -0.0706399 0)
(0.193791 -0.0570065 0)
(0.181529 -0.0457103 0)
(0.167641 -0.0362788 0)
(0.151562 -0.0318706 0)
(0.133582 -0.0303641 0)
(0.113834 -0.0335078 0)
(0.0930037 -0.0418256 0)
(0.0709629 -0.0551262 0)
(0.0484103 -0.0743473 0)
(0.025577 -0.099142 0)
(0.00347425 -0.12915 0)
(-0.0180777 -0.162366 0)
(-0.037797 -0.197839 0)
(-0.055487 -0.233692 0)
(-0.0698511 -0.269485 0)
(0.143012 0.185358 0)
(0.151403 0.176691 0)
(0.15955 0.167194 0)
(0.169128 0.158006 0)
(0.178894 0.147998 0)
(0.189892 0.13794 0)
(0.20147 0.12743 0)
(0.213972 0.116812 0)
(0.227226 0.106075 0)
(0.241149 0.0952657 0)
(0.255655 0.0844296 0)
(0.270707 0.0738626 0)
(0.286297 0.0639732 0)
(0.302359 0.054978 0)
(0.318901 0.0464235 0)
(0.336066 0.0379504 0)
(0.353941 0.0293352 0)
(0.372546 0.0209597 0)
(0.391802 0.0133005 0)
(0.411671 0.00622455 0)
(0.432146 -0.000175034 0)
(0.453156 -0.00591377 0)
(0.474667 -0.0112549 0)
(0.496675 -0.0164838 0)
(0.519161 -0.0217589 0)
(0.542098 -0.0272588 0)
(0.565453 -0.033207 0)
(0.588925 -0.0398561 0)
(0.611911 -0.046495 0)
(0.634059 -0.0525949 0)
(0.655163 -0.0566994 0)
(0.673429 -0.0596768 0)
(0.688856 -0.0595672 0)
(0.703063 -0.0561278 0)
(0.717542 -0.0518785 0)
(0.733367 -0.0513908 0)
(0.750133 -0.0554745 0)
(0.769159 -0.0615597 0)
(0.789864 -0.0711381 0)
(0.810356 -0.0824251 0)
(0.826547 -0.0908018 0)
(0.832044 -0.0946997 0)
(0.820732 -0.0829237 0)
(0.792897 -0.0520814 0)
(0.760649 -0.0193761 0)
(0.730371 0.000568968 0)
(0.699868 0.00349876 0)
(0.678281 -0.00126469 0)
(0.654607 -0.0139683 0)
(0.629083 -0.0343582 0)
(0.611179 -0.0581736 0)
(0.584964 -0.0777898 0)
(0.564464 -0.0990869 0)
(0.540929 -0.118842 0)
(0.518479 -0.140854 0)
(0.490532 -0.152609 0)
(0.462862 -0.166254 0)
(0.431903 -0.174879 0)
(0.400333 -0.185707 0)
(0.370167 -0.195288 0)
(0.343882 -0.201953 0)
(0.322988 -0.203646 0)
(0.307514 -0.199097 0)
(0.297482 -0.189365 0)
(0.289973 -0.178846 0)
(0.285051 -0.167827 0)
(0.278915 -0.154552 0)
(0.273823 -0.138862 0)
(0.265671 -0.12346 0)
(0.259255 -0.105817 0)
(0.250291 -0.0882242 0)
(0.241433 -0.0708671 0)
(0.231029 -0.0548466 0)
(0.219378 -0.0401319 0)
(0.205816 -0.027961 0)
(0.190953 -0.0177855 0)
(0.173602 -0.0109605 0)
(0.154111 -0.00738184 0)
(0.132725 -0.00925552 0)
(0.109829 -0.016472 0)
(0.0853685 -0.0293034 0)
(0.0601785 -0.0488789 0)
(0.034623 -0.0748103 0)
(0.00968107 -0.106524 0)
(-0.0148518 -0.142027 0)
(-0.0373129 -0.180578 0)
(-0.0569674 -0.220464 0)
(-0.0709549 -0.261141 0)
(0.183664 0.186107 0)
(0.195109 0.17673 0)
(0.207113 0.166465 0)
(0.220494 0.15601 0)
(0.234822 0.145059 0)
(0.250414 0.133979 0)
(0.267136 0.12272 0)
(0.28485 0.111387 0)
(0.30347 0.1 0)
(0.322836 0.0886054 0)
(0.3429 0.077341 0)
(0.363609 0.066183 0)
(0.384937 0.0549486 0)
(0.406969 0.0439262 0)
(0.429665 0.0336826 0)
(0.453023 0.0245107 0)
(0.476987 0.0164609 0)
(0.501506 0.00920814 0)
(0.526597 0.00227424 0)
(0.552245 -0.00450783 0)
(0.57838 -0.0114374 0)
(0.604955 -0.018652 0)
(0.631933 -0.0261361 0)
(0.659294 -0.0337955 0)
(0.687017 -0.0416582 0)
(0.715123 -0.0498229 0)
(0.743777 -0.0579581 0)
(0.772934 -0.0660799 0)
(0.802382 -0.0737404 0)
(0.831796 -0.0807959 0)
(0.860743 -0.0870495 0)
(0.888297 -0.0914695 0)
(0.914296 -0.0942908 0)
(0.937398 -0.0961377 0)
(0.957397 -0.0972064 0)
(0.97573 -0.0970594 0)
(0.994386 -0.0959424 0)
(1.01382 -0.094985 0)
(1.03301 -0.0978001 0)
(1.05211 -0.102961 0)
(1.07147 -0.110779 0)
(1.08656 -0.118562 0)
(1.09819 -0.122646 0)
(1.09592 -0.119271 0)
(1.07937 -0.10031 0)
(1.04954 -0.0646438 0)
(1.00681 -0.0225575 0)
(0.97091 0.00106182 0)
(0.933271 0.0110268 0)
(0.900771 0.00959689 0)
(0.875382 -0.00455847 0)
(0.843238 -0.0266946 0)
(0.820149 -0.0522759 0)
(0.788096 -0.0688921 0)
(0.756798 -0.0845022 0)
(0.721852 -0.0954895 0)
(0.68903 -0.115781 0)
(0.650811 -0.129481 0)
(0.60805 -0.138866 0)
(0.561606 -0.142529 0)
(0.5149 -0.149705 0)
(0.471011 -0.158132 0)
(0.432769 -0.165559 0)
(0.401624 -0.168363 0)
(0.377504 -0.162576 0)
(0.360962 -0.149549 0)
(0.346751 -0.137937 0)
(0.335429 -0.12406 0)
(0.323234 -0.107932 0)
(0.312576 -0.0895882 0)
(0.30035 -0.071778 0)
(0.287701 -0.0541034 0)
(0.27386 -0.0373195 0)
(0.259294 -0.0218657 0)
(0.243088 -0.00912678 0)
(0.225895 0.00306024 0)
(0.206564 0.0121772 0)
(0.185586 0.0177908 0)
(0.162854 0.0179251 0)
(0.138589 0.0125909 0)
(0.113046 0.000668675 0)
(0.0871672 -0.0193762 0)
(0.0608798 -0.0469907 0)
(0.0345111 -0.0808575 0)
(0.00763325 -0.118665 0)
(-0.017559 -0.160318 0)
(-0.0408906 -0.203974 0)
(-0.0598259 -0.248873 0)
(0.260806 0.184144 0)
(0.277773 0.173629 0)
(0.295989 0.162483 0)
(0.31562 0.151032 0)
(0.336571 0.139162 0)
(0.358768 0.126917 0)
(0.382229 0.114471 0)
(0.406742 0.101889 0)
(0.43221 0.0895331 0)
(0.458424 0.0775113 0)
(0.485241 0.0657542 0)
(0.512564 0.0544289 0)
(0.540279 0.0435885 0)
(0.568306 0.0331513 0)
(0.596722 0.023049 0)
(0.625499 0.0131128 0)
(0.654651 0.00334006 0)
(0.684216 -0.00622212 0)
(0.714277 -0.0153297 0)
(0.744798 -0.023823 0)
(0.775683 -0.0317268 0)
(0.806866 -0.0390089 0)
(0.838276 -0.0455938 0)
(0.86982 -0.0518755 0)
(0.901501 -0.0578747 0)
(0.933263 -0.0639139 0)
(0.965194 -0.0701294 0)
(0.997208 -0.0771389 0)
(1.02933 -0.08485 0)
(1.06152 -0.0933919 0)
(1.0937 -0.102262 0)
(1.12559 -0.111116 0)
(1.15625 -0.118828 0)
(1.18452 -0.125278 0)
(1.21042 -0.128949 0)
(1.23417 -0.129845 0)
(1.2556 -0.12989 0)
(1.27462 -0.12894 0)
(1.29167 -0.128824 0)
(1.30713 -0.129359 0)
(1.32175 -0.130165 0)
(1.33583 -0.134258 0)
(1.34774 -0.139279 0)
(1.35556 -0.138217 0)
(1.35821 -0.139738 0)
(1.34931 -0.133584 0)
(1.32595 -0.111281 0)
(1.28824 -0.0716258 0)
(1.23943 -0.0262662 0)
(1.18627 0.0161483 0)
(1.14327 0.0232229 0)
(1.09889 0.0266185 0)
(1.0698 0.0168572 0)
(1.03388 -0.00483259 0)
(1.00531 -0.0297709 0)
(0.96702 -0.0481972 0)
(0.927386 -0.0581618 0)
(0.884886 -0.0624523 0)
(0.841046 -0.0716764 0)
(0.791835 -0.0846976 0)
(0.736815 -0.095556 0)
(0.678289 -0.100254 0)
(0.620339 -0.104804 0)
(0.565399 -0.111071 0)
(0.517221 -0.119168 0)
(0.477751 -0.122498 0)
(0.446511 -0.114517 0)
(0.422545 -0.0993582 0)
(0.402735 -0.0851487 0)
(0.385799 -0.0694039 0)
(0.36951 -0.0507032 0)
(0.353079 -0.0316301 0)
(0.33584 -0.0149926 0)
(0.318011 0.00073794 0)
(0.298534 0.0144 0)
(0.278604 0.0267014 0)
(0.257966 0.0359493 0)
(0.236621 0.0419986 0)
(0.214023 0.0429359 0)
(0.190118 0.0383544 0)
(0.165021 0.0268581 0)
(0.139057 0.00765906 0)
(0.111516 -0.0178956 0)
(0.0839463 -0.0512228 0)
(0.056151 -0.0907688 0)
(0.0296828 -0.134988 0)
(0.00382416 -0.181149 0)
(-0.0189048 -0.228965 0)
(0.393002 0.170543 0)
(0.417589 0.158682 0)
(0.44369 0.146311 0)
(0.471244 0.133697 0)
(0.500135 0.120954 0)
(0.530085 0.108094 0)
(0.560975 0.0952843 0)
(0.592466 0.0822788 0)
(0.624427 0.0691721 0)
(0.656768 0.0561282 0)
(0.689357 0.0434894 0)
(0.722019 0.0313748 0)
(0.754663 0.0199199 0)
(0.787288 0.00930691 0)
(0.819874 -0.000669163 0)
(0.85238 -0.010062 0)
(0.884938 -0.0187541 0)
(0.917512 -0.0269153 0)
(0.95007 -0.0347797 0)
(0.982692 -0.0425161 0)
(1.01523 -0.0502809 0)
(1.04767 -0.0580182 0)
(1.08004 -0.0660996 0)
(1.11209 -0.0744468 0)
(1.144 -0.0825941 0)
(1.17571 -0.0910368 0)
(1.20717 -0.0994563 0)
(1.23838 -0.107581 0)
(1.26928 -0.115354 0)
(1.29986 -0.123176 0)
(1.33013 -0.130916 0)
(1.36003 -0.138719 0)
(1.38941 -0.146509 0)
(1.41784 -0.154181 0)
(1.44458 -0.161804 0)
(1.46978 -0.167434 0)
(1.49201 -0.17248 0)
(1.5115 -0.174851 0)
(1.52833 -0.175654 0)
(1.54206 -0.175644 0)
(1.55333 -0.173751 0)
(1.56273 -0.171436 0)
(1.56998 -0.171686 0)
(1.5759 -0.169604 0)
(1.57836 -0.16986 0)
(1.57578 -0.166341 0)
(1.56954 -0.161661 0)
(1.55383 -0.151023 0)
(1.52375 -0.126206 0)
(1.47243 -0.0776164 0)
(1.41952 -0.026717 0)
(1.34636 0.0352661 0)
(1.30194 0.0464066 0)
(1.25081 0.0485152 0)
(1.22042 0.0408169 0)
(1.17828 0.0187563 0)
(1.14734 0.00210487 0)
(1.10756 -0.0222985 0)
(1.06572 -0.0242672 0)
(1.01393 -0.0216982 0)
(0.961186 -0.0226713 0)
(0.90357 -0.0311126 0)
(0.842116 -0.0394605 0)
(0.778082 -0.045478 0)
(0.71348 -0.0513571 0)
(0.650896 -0.0559121 0)
(0.596219 -0.0639586 0)
(0.551247 -0.0682153 0)
(0.514923 -0.0588479 0)
(0.485958 -0.0405797 0)
(0.462759 -0.024215 0)
(0.442083 -0.00948104 0)
(0.421765 0.0075069 0)
(0.401072 0.024666 0)
(0.378961 0.0379419 0)
(0.356396 0.0500961 0)
(0.333705 0.0595219 0)
(0.311344 0.0666162 0)
(0.288548 0.069591 0)
(0.265085 0.067399 0)
(0.240812 0.0586843 0)
(0.215906 0.0417329 0)
(0.19076 0.0146648 0)
(0.165343 -0.0208689 0)
(0.137953 -0.0612821 0)
(0.111361 -0.107105 0)
(0.0840001 -0.154839 0)
(0.0580236 -0.203461 0)
(0.596806 0.155775 0)
(0.629386 0.142794 0)
(0.663165 0.129558 0)
(0.697943 0.115966 0)
(0.733414 0.102224 0)
(0.769446 0.0886481 0)
(0.805811 0.0750128 0)
(0.842303 0.0620776 0)
(0.87864 0.0496101 0)
(0.91467 0.0377195 0)
(0.950231 0.0263019 0)
(0.985213 0.0150851 0)
(1.01957 0.00437915 0)
(1.05328 -0.00616098 0)
(1.08652 -0.0163444 0)
(1.11901 -0.0262263 0)
(1.15097 -0.0358199 0)
(1.18265 -0.0448561 0)
(1.21367 -0.0540487 0)
(1.24425 -0.0627121 0)
(1.27451 -0.0703844 0)
(1.30422 -0.078792 0)
(1.3336 -0.0862784 0)
(1.36243 -0.0928401 0)
(1.39083 -0.0996475 0)
(1.41884 -0.106178 0)
(1.44627 -0.112037 0)
(1.47312 -0.117907 0)
(1.49941 -0.1239 0)
(1.52488 -0.130246 0)
(1.54963 -0.136621 0)
(1.57366 -0.143356 0)
(1.59703 -0.150271 0)
(1.6195 -0.157898 0)
(1.64099 -0.1658 0)
(1.66129 -0.17384 0)
(1.68036 -0.181765 0)
(1.69776 -0.18884 0)
(1.71284 -0.194379 0)
(1.72519 -0.199385 0)
(1.735 -0.20216 0)
(1.74187 -0.203456 0)
(1.74567 -0.204104 0)
(1.74659 -0.20147 0)
(1.74523 -0.201758 0)
(1.74178 -0.19734 0)
(1.73459 -0.195841 0)
(1.72337 -0.186938 0)
(1.71022 -0.178528 0)
(1.68879 -0.160299 0)
(1.65488 -0.129781 0)
(1.59176 -0.0671396 0)
(1.53768 -0.0118967 0)
(1.44637 0.0535057 0)
(1.39256 0.0790677 0)
(1.33439 0.0775928 0)
(1.31256 0.0701497 0)
(1.27173 0.0432755 0)
(1.24457 0.0415182 0)
(1.20066 0.0294994 0)
(1.15714 0.0266812 0)
(1.10475 0.0291254 0)
(1.05116 0.0282902 0)
(0.99297 0.0227771 0)
(0.928747 0.0192352 0)
(0.861791 0.016229 0)
(0.795247 0.0103628 0)
(0.730777 0.00555083 0)
(0.673044 -0.000954079 0)
(0.625852 -0.00469258 0)
(0.586802 0.00557917 0)
(0.55771 0.0250525 0)
(0.53206 0.0392235 0)
(0.507357 0.0526453 0)
(0.482444 0.0693889 0)
(0.458774 0.0857829 0)
(0.435584 0.094614 0)
(0.413084 0.0994663 0)
(0.39115 0.100939 0)
(0.369563 0.0974587 0)
(0.347915 0.0874779 0)
(0.326515 0.0689862 0)
(0.303108 0.0446566 0)
(0.278112 0.0134223 0)
(0.250613 -0.0235697 0)
(0.223046 -0.0666413 0)
(0.193078 -0.112023 0)
(0.164641 -0.160837 0)
(0.872629 0.122481 0)
(0.910484 0.110002 0)
(0.948728 0.0967756 0)
(0.987206 0.08372 0)
(1.02559 0.0717022 0)
(1.06353 0.0589593 0)
(1.10089 0.0466551 0)
(1.13759 0.0347366 0)
(1.17339 0.0230038 0)
(1.20816 0.0114783 0)
(1.2418 0.000328707 0)
(1.27436 -0.00982124 0)
(1.30594 -0.0191157 0)
(1.33614 -0.028683 0)
(1.36527 -0.0372799 0)
(1.39356 -0.0445131 0)
(1.42064 -0.052318 0)
(1.44707 -0.0598128 0)
(1.47263 -0.0661337 0)
(1.49725 -0.0726393 0)
(1.52162 -0.0797907 0)
(1.54491 -0.0863779 0)
(1.56753 -0.0926866 0)
(1.59002 -0.100049 0)
(1.61166 -0.107218 0)
(1.63261 -0.114126 0)
(1.65342 -0.121223 0)
(1.67333 -0.12844 0)
(1.69247 -0.134871 0)
(1.71101 -0.141166 0)
(1.72873 -0.147309 0)
(1.74552 -0.153643 0)
(1.76181 -0.159729 0)
(1.77707 -0.165166 0)
(1.7909 -0.17172 0)
(1.80384 -0.178382 0)
(1.81651 -0.185171 0)
(1.82769 -0.192583 0)
(1.83736 -0.199761 0)
(1.84562 -0.207044 0)
(1.85227 -0.213418 0)
(1.85685 -0.219138 0)
(1.85892 -0.223509 0)
(1.85752 -0.227104 0)
(1.85398 -0.229008 0)
(1.84818 -0.228451 0)
(1.84022 -0.228189 0)
(1.82965 -0.224291 0)
(1.81726 -0.219129 0)
(1.80092 -0.211453 0)
(1.78276 -0.201603 0)
(1.75378 -0.176253 0)
(1.71532 -0.134406 0)
(1.63928 -0.0581184 0)
(1.57647 0.0123079 0)
(1.48269 0.074859 0)
(1.42191 0.111782 0)
(1.374 0.109651 0)
(1.36356 0.0980953 0)
(1.33204 0.0794592 0)
(1.30311 0.0728297 0)
(1.26003 0.0751491 0)
(1.21523 0.0814002 0)
(1.16786 0.0865257 0)
(1.11843 0.0870669 0)
(1.06464 0.0839925 0)
(1.00435 0.0786876 0)
(0.93965 0.0776788 0)
(0.873512 0.0753352 0)
(0.810279 0.070656 0)
(0.75615 0.0626138 0)
(0.710357 0.0598627 0)
(0.671529 0.0709463 0)
(0.640893 0.0920938 0)
(0.615 0.1013 0)
(0.591937 0.104465 0)
(0.568101 0.112754 0)
(0.544442 0.122459 0)
(0.522946 0.127192 0)
(0.502755 0.127125 0)
(0.482931 0.120331 0)
(0.462482 0.107001 0)
(0.440449 0.0860769 0)
(0.418114 0.0554448 0)
(0.392705 0.0181135 0)
(0.36642 -0.0262165 0)
(0.335132 -0.0713492 0)
(0.303897 -0.119143 0)
(1.19729 0.110531 0)
(1.23441 0.0962353 0)
(1.27111 0.08191 0)
(1.30685 0.0686412 0)
(1.34227 0.054855 0)
(1.37611 0.0412842 0)
(1.40871 0.0287858 0)
(1.44023 0.0172592 0)
(1.4701 0.00559819 0)
(1.49842 -0.00507956 0)
(1.52537 -0.0141581 0)
(1.55065 -0.0236801 0)
(1.57492 -0.0327115 0)
(1.59762 -0.0403307 0)
(1.61847 -0.0480938 0)
(1.63906 -0.055507 0)
(1.6583 -0.0629651 0)
(1.67611 -0.068895 0)
(1.69358 -0.0744773 0)
(1.70984 -0.0820692 0)
(1.726 -0.0866615 0)
(1.74134 -0.0918379 0)
(1.75547 -0.0988794 0)
(1.77014 -0.103164 0)
(1.78428 -0.108512 0)
(1.79737 -0.115155 0)
(1.81045 -0.119221 0)
(1.82322 -0.123455 0)
(1.83514 -0.128632 0)
(1.84638 -0.132991 0)
(1.85728 -0.137159 0)
(1.86763 -0.142399 0)
(1.87744 -0.147457 0)
(1.88665 -0.152046 0)
(1.89402 -0.157675 0)
(1.90127 -0.162596 0)
(1.90793 -0.168422 0)
(1.9127 -0.175899 0)
(1.91777 -0.181743 0)
(1.92114 -0.188394 0)
(1.92269 -0.195821 0)
(1.92349 -0.20249 0)
(1.92251 -0.209047 0)
(1.91967 -0.215443 0)
(1.9143 -0.222033 0)
(1.90773 -0.226692 0)
(1.89985 -0.23038 0)
(1.89036 -0.233939 0)
(1.87973 -0.234862 0)
(1.8664 -0.232348 0)
(1.85124 -0.226366 0)
(1.83265 -0.221197 0)
(1.81141 -0.205987 0)
(1.77833 -0.172181 0)
(1.73165 -0.113584 0)
(1.65767 -0.0328392 0)
(1.55902 0.0595631 0)
(1.48944 0.104001 0)
(1.42578 0.136458 0)
(1.40029 0.145274 0)
(1.38532 0.127849 0)
(1.36589 0.114915 0)
(1.33779 0.110632 0)
(1.30035 0.116061 0)
(1.261 0.130912 0)
(1.22096 0.140355 0)
(1.17627 0.143621 0)
(1.12774 0.146064 0)
(1.07315 0.144611 0)
(1.01629 0.139916 0)
(0.95864 0.136015 0)
(0.900309 0.13645 0)
(0.849529 0.134327 0)
(0.809176 0.127178 0)
(0.775383 0.131881 0)
(0.74346 0.152039 0)
(0.716018 0.166504 0)
(0.695068 0.165961 0)
(0.676932 0.163618 0)
(0.659309 0.160013 0)
(0.641522 0.15228 0)
(0.623882 0.137294 0)
(0.605719 0.115535 0)
(0.586576 0.087514 0)
(0.562242 0.0569455 0)
(0.536208 0.0198638 0)
(0.5031 -0.0178878 0)
(0.469206 -0.0615862 0)
(1.5155 0.0951602 0)
(1.54488 0.0831257 0)
(1.57312 0.0735444 0)
(1.59955 0.0616052 0)
(1.62554 0.0509303 0)
(1.65004 0.0414581 0)
(1.67313 0.0315911 0)
(1.69489 0.0208588 0)
(1.71459 0.0116951 0)
(1.73316 0.00333086 0)
(1.75108 -0.00577778 0)
(1.7668 -0.015456 0)
(1.78146 -0.0229279 0)
(1.7959 -0.0294787 0)
(1.80804 -0.039053 0)
(1.81978 -0.0465919 0)
(1.83146 -0.0520276 0)
(1.84114 -0.0603414 0)
(1.85101 -0.0664443 0)
(1.86028 -0.0721688 0)
(1.86834 -0.0796094 0)
(1.87707 -0.0841382 0)
(1.88538 -0.0889066 0)
(1.89247 -0.0963308 0)
(1.89997 -0.100877 0)
(1.90823 -0.104639 0)
(1.91374 -0.111623 0)
(1.92046 -0.116048 0)
(1.92805 -0.119588 0)
(1.93233 -0.125238 0)
(1.93822 -0.129831 0)
(1.94445 -0.133495 0)
(1.94951 -0.139077 0)
(1.95294 -0.144073 0)
(1.95675 -0.148274 0)
(1.96099 -0.152124 0)
(1.96264 -0.158208 0)
(1.96307 -0.164665 0)
(1.96582 -0.168631 0)
(1.96451 -0.174824 0)
(1.96271 -0.18089 0)
(1.96112 -0.186311 0)
(1.95639 -0.193685 0)
(1.95237 -0.198682 0)
(1.94446 -0.205487 0)
(1.93551 -0.212468 0)
(1.92724 -0.21781 0)
(1.9168 -0.224477 0)
(1.90682 -0.230508 0)
(1.89641 -0.23537 0)
(1.8845 -0.235712 0)
(1.87042 -0.234443 0)
(1.854 -0.227794 0)
(1.83748 -0.217629 0)
(1.8146 -0.195543 0)
(1.77806 -0.153538 0)
(1.70746 -0.0692614 0)
(1.6355 0.0163466 0)
(1.5232 0.109005 0)
(1.46784 0.143464 0)
(1.42055 0.157662 0)
(1.42044 0.158794 0)
(1.40627 0.150114 0)
(1.38709 0.149076 0)
(1.36224 0.156063 0)
(1.33172 0.164274 0)
(1.30023 0.178189 0)
(1.26608 0.193353 0)
(1.22868 0.199591 0)
(1.19042 0.199025 0)
(1.14744 0.199591 0)
(1.09952 0.202399 0)
(1.0534 0.196743 0)
(1.00822 0.191311 0)
(0.962625 0.198551 0)
(0.924177 0.192673 0)
(0.89701 0.181911 0)
(0.873767 0.185634 0)
(0.852957 0.191659 0)
(0.833315 0.192216 0)
(0.81571 0.186699 0)
(0.799613 0.175528 0)
(0.783886 0.16003 0)
(0.767333 0.138972 0)
(0.746053 0.113586 0)
(0.723092 0.078097 0)
(0.691107 0.0429353 0)
(0.657054 0.00201632 0)
)
;

boundaryField
{
    inlet
    {
        type            fixedValue;
        value           nonuniform 0();
    }
    outlet
    {
        type            inletOutlet;
        inletValue      nonuniform 0();
        value           nonuniform 0();
    }
    bottom
    {
        type            symmetryPlane;
    }
    top
    {
        type            symmetryPlane;
    }
    obstacle
    {
        type            slip;
    }
    front
    {
        type            empty;
    }
    back
    {
        type            empty;
    }
    procBoundary20to5
    {
        type            processor;
        value           nonuniform List<vector> 
25
(
(0.84899 0.0326752 0)
(1.10815 0.1204 0)
(1.36186 0.166574 0)
(1.57663 0.245959 0)
(1.74888 0.258266 0)
(1.82385 0.300705 0)
(1.83058 0.314587 0)
(1.82599 0.288196 0)
(1.82426 0.277763 0)
(1.81727 0.278107 0)
(1.80497 0.293194 0)
(1.79358 0.309806 0)
(1.79036 0.309063 0)
(1.79342 0.294259 0)
(1.80582 0.255945 0)
(-0.0711921 -0.306437 0)
(-0.082335 -0.304394 0)
(-0.083716 -0.299928 0)
(-0.0768407 -0.29197 0)
(-0.0396952 -0.275893 0)
(0.0328309 -0.250926 0)
(0.135992 -0.209126 0)
(0.270869 -0.165511 0)
(0.430621 -0.102755 0)
(0.617069 -0.0358147 0)
)
;
    }
    procBoundary20to12
    {
        type            processor;
        value           nonuniform List<vector> 
89
(
(0.157157 -0.0798768 0)
(0.146101 -0.0744687 0)
(0.132834 -0.0722889 0)
(0.118277 -0.0728328 0)
(0.102802 -0.0767378 0)
(0.0869439 -0.0846758 0)
(0.0707059 -0.0964935 0)
(0.0544641 -0.112991 0)
(0.0377411 -0.13358 0)
(0.0214107 -0.158715 0)
(0.00421649 -0.186561 0)
(-0.0120597 -0.217362 0)
(-0.0276206 -0.250046 0)
(-0.0405101 -0.282671 0)
(0.114135 0.175351 0)
(0.120668 0.168207 0)
(0.1264 0.159882 0)
(0.133541 0.151766 0)
(0.13995 0.142627 0)
(0.147596 0.133768 0)
(0.154718 0.124106 0)
(0.162828 0.114623 0)
(0.170603 0.104639 0)
(0.178811 0.0948425 0)
(0.186742 0.0850359 0)
(0.194795 0.0756286 0)
(0.202788 0.0665676 0)
(0.211037 0.0580536 0)
(0.219506 0.0500588 0)
(0.228293 0.0426238 0)
(0.237336 0.0356376 0)
(0.246756 0.0292064 0)
(0.256589 0.0234784 0)
(0.266793 0.0181394 0)
(0.277448 0.0130312 0)
(0.288565 0.00794448 0)
(0.30006 0.00269465 0)
(0.311799 -0.00281872 0)
(0.323656 -0.00849376 0)
(0.33515 -0.0140077 0)
(0.345607 -0.0189844 0)
(0.354255 -0.0234802 0)
(0.361113 -0.0264075 0)
(0.363388 -0.0255561 0)
(0.360805 -0.0210141 0)
(0.357395 -0.0165454 0)
(0.35743 -0.0150551 0)
(0.36108 -0.0171099 0)
(0.368769 -0.0213241 0)
(0.379003 -0.0299928 0)
(0.391389 -0.0407929 0)
(0.403686 -0.0510283 0)
(0.40819 -0.057297 0)
(0.392313 -0.0498713 0)
(0.358859 -0.0283785 0)
(0.321739 -0.00629911 0)
(0.292996 -0.000448137 0)
(0.273503 -0.00402442 0)
(0.257805 -0.0161505 0)
(0.243269 -0.0355313 0)
(0.228731 -0.0565621 0)
(0.213911 -0.078665 0)
(0.20479 -0.0996881 0)
(0.194567 -0.117349 0)
(0.189208 -0.136426 0)
(0.185153 -0.156247 0)
(0.181736 -0.176539 0)
(0.178852 -0.196189 0)
(0.177644 -0.214217 0)
(0.176678 -0.228806 0)
(0.175839 -0.239164 0)
(0.175659 -0.24392 0)
(0.176082 -0.242994 0)
(0.176961 -0.238042 0)
(0.178695 -0.231719 0)
(0.181961 -0.224732 0)
(0.186147 -0.216634 0)
(0.190098 -0.207395 0)
(0.193458 -0.197163 0)
(0.195845 -0.18581 0)
(0.196526 -0.173345 0)
(0.197337 -0.159605 0)
(0.197066 -0.144561 0)
(0.196683 -0.128495 0)
(0.194497 -0.112859 0)
(0.191631 -0.0980872 0)
(0.186246 -0.0850342 0)
(0.178573 -0.07372 0)
(0.178573 -0.07372 0)
)
;
    }
    procBoundary20to13
    {
        type            processor;
        value           nonuniform List<vector> 3((1.84547 0.149783 0) (1.88483 0.0414739 0) (1.89458 0.014889 0));
    }
    procBoundary20to19
    {
        type            processor;
        value           nonuniform List<vector> 
27
(
(1.78088 0.0776662 0)
(1.96016 0.146746 0)
(2.02582 0.202197 0)
(2.06448 0.13574 0)
(2.08665 0.0451665 0)
(2.11908 -0.130214 0)
(2.13353 -0.217423 0)
(2.12583 -0.214372 0)
(2.12004 -0.206256 0)
(2.11126 -0.185209 0)
(2.10582 -0.171117 0)
(2.09818 -0.152978 0)
(2.09199 -0.139593 0)
(2.08603 -0.12624 0)
(2.07943 -0.111469 0)
(2.07279 -0.0970509 0)
(2.06675 -0.0840747 0)
(2.06116 -0.0710392 0)
(0.117782 0.189063 0)
(0.136207 0.194228 0)
(0.173731 0.195414 0)
(0.24535 0.194413 0)
(0.369964 0.181987 0)
(0.565582 0.168287 0)
(0.835793 0.135794 0)
(1.16049 0.123905 0)
(1.48596 0.107155 0)
)
;
    }
    procBoundary20to27
    {
        type            processor;
        value           uniform (2.05595 -0.058934 0);
    }
    procBoundary20to28
    {
        type            processor;
        value           nonuniform List<vector> 
89
(
(2.05303 -0.140025 0)
(2.05234 -0.14348 0)
(2.05128 -0.146207 0)
(2.04991 -0.148048 0)
(2.0493 -0.151767 0)
(2.04765 -0.15405 0)
(2.04585 -0.155105 0)
(2.04495 -0.158387 0)
(2.04245 -0.161361 0)
(2.03901 -0.162405 0)
(2.03676 -0.165 0)
(2.03392 -0.167495 0)
(2.03146 -0.170429 0)
(2.02893 -0.174067 0)
(2.02573 -0.175426 0)
(2.02235 -0.177594 0)
(2.02086 -0.180999 0)
(2.01814 -0.18331 0)
(2.01648 -0.186821 0)
(2.01377 -0.189348 0)
(2.01053 -0.191085 0)
(2.00846 -0.194595 0)
(2.0051 -0.196355 0)
(2.00277 -0.199174 0)
(2.00002 -0.20213 0)
(1.99627 -0.204406 0)
(1.99302 -0.207848 0)
(1.98959 -0.209805 0)
(1.98672 -0.212401 0)
(1.98463 -0.215849 0)
(1.98185 -0.217594 0)
(1.97789 -0.217935 0)
(1.97537 -0.217536 0)
(1.9719 -0.216543 0)
(1.96777 -0.21484 0)
(1.96208 -0.209638 0)
(1.95079 -0.194889 0)
(1.92468 -0.156425 0)
(1.89246 -0.0995602 0)
(1.85069 -0.0315733 0)
(1.80752 0.0442877 0)
(1.79852 0.0606862 0)
(1.78697 0.0840522 0)
(1.77267 0.107792 0)
(1.76889 0.114366 0)
(1.77284 0.112105 0)
(1.77784 0.109511 0)
(1.78275 0.106571 0)
(1.78971 0.102726 0)
(1.79808 0.0967059 0)
(1.80728 0.088452 0)
(1.81591 0.0797234 0)
(1.82361 0.0712916 0)
(1.82963 0.0671846 0)
(1.83563 0.0638614 0)
(1.84186 0.0588394 0)
(1.84703 0.0558266 0)
(1.85487 0.0486987 0)
(1.86173 0.0414481 0)
(1.86754 0.0379537 0)
(1.87364 0.0322553 0)
(1.87778 0.0296431 0)
(1.88036 0.0285648 0)
(1.88543 0.0230992 0)
(1.89034 0.0161661 0)
(2.05222 -0.050705 0)
(2.05443 -0.0549254 0)
(2.05602 -0.0591811 0)
(2.05658 -0.0608228 0)
(2.05742 -0.0636763 0)
(2.05922 -0.0692955 0)
(2.05944 -0.072911 0)
(2.0592 -0.0740866 0)
(2.0596 -0.0775521 0)
(2.05978 -0.08215 0)
(2.05891 -0.0843555 0)
(2.05818 -0.087099 0)
(2.05767 -0.091427 0)
(2.05616 -0.0939798 0)
(2.05468 -0.0959466 0)
(2.05451 -0.100292 0)
(2.05336 -0.103063 0)
(2.0521 -0.104623 0)
(2.05231 -0.109304 0)
(2.05131 -0.112384 0)
(2.05044 -0.114249 0)
(2.05011 -0.118155 0)
(2.05303 -0.140025 0)
(2.04938 -0.121841 0)
)
;
    }
}


// ************************************************************************* //
