/*--------------------------------*- C++ -*----------------------------------*\
  =========                 |
  \\      /  F ield         | OpenFOAM: The Open Source CFD Toolbox
   \\    /   O peration     | Website:  https://openfoam.org
    \\  /    A nd           | Version:  7
     \\/     M anipulation  |
\*---------------------------------------------------------------------------*/
FoamFile
{
    version     2.0;
    format      ascii;
    class       faceList;
    location    "constant/polyMesh";
    object      faces;
}
// * * * * * * * * * * * * * * * * * * * * * * * * * * * * * * * * * * * * * //


1581
(
4(1 15 330 316)
4(14 329 330 15)
4(0 315 329 14)
4(2 16 331 317)
4(15 330 331 16)
4(3 17 332 318)
4(16 331 332 17)
4(4 18 333 319)
4(17 332 333 18)
4(5 19 334 320)
4(18 333 334 19)
4(6 20 335 321)
4(19 334 335 20)
4(7 21 336 322)
4(20 335 336 21)
4(8 22 337 323)
4(21 336 337 22)
4(9 23 338 324)
4(22 337 338 23)
4(10 24 339 325)
4(23 338 339 24)
4(11 25 340 326)
4(24 339 340 25)
4(12 26 341 327)
4(25 340 341 26)
4(26 341 342 27)
4(15 29 344 330)
4(28 343 344 29)
4(14 329 343 28)
4(16 30 345 331)
4(29 344 345 30)
4(17 31 346 332)
4(30 345 346 31)
4(18 32 347 333)
4(31 346 347 32)
4(19 33 348 334)
4(32 347 348 33)
4(20 34 349 335)
4(33 348 349 34)
4(21 35 350 336)
4(34 349 350 35)
4(22 36 351 337)
4(35 350 351 36)
4(23 37 352 338)
4(36 351 352 37)
4(24 38 353 339)
4(37 352 353 38)
4(25 39 354 340)
4(38 353 354 39)
4(26 40 355 341)
4(39 354 355 40)
4(40 355 356 41)
4(29 43 358 344)
4(42 357 358 43)
4(28 343 357 42)
4(30 44 359 345)
4(43 358 359 44)
4(31 45 360 346)
4(44 359 360 45)
4(32 46 361 347)
4(45 360 361 46)
4(33 47 362 348)
4(46 361 362 47)
4(34 48 363 349)
4(47 362 363 48)
4(35 49 364 350)
4(48 363 364 49)
4(36 50 365 351)
4(49 364 365 50)
4(37 51 366 352)
4(50 365 366 51)
4(38 52 367 353)
4(51 366 367 52)
4(39 53 368 354)
4(52 367 368 53)
4(40 54 369 355)
4(53 368 369 54)
4(54 369 370 55)
4(43 57 372 358)
4(56 371 372 57)
4(42 357 371 56)
4(44 58 373 359)
4(57 372 373 58)
4(45 59 374 360)
4(58 373 374 59)
4(46 60 375 361)
4(59 374 375 60)
4(47 61 376 362)
4(60 375 376 61)
4(48 62 377 363)
4(61 376 377 62)
4(49 63 378 364)
4(62 377 378 63)
4(50 64 379 365)
4(63 378 379 64)
4(51 65 380 366)
4(64 379 380 65)
4(52 66 381 367)
4(65 380 381 66)
4(53 67 382 368)
4(66 381 382 67)
4(54 68 383 369)
4(67 382 383 68)
4(68 383 384 69)
4(57 71 386 372)
4(70 385 386 71)
4(56 371 385 70)
4(58 72 387 373)
4(71 386 387 72)
4(59 73 388 374)
4(72 387 388 73)
4(60 74 389 375)
4(73 388 389 74)
4(61 75 390 376)
4(74 389 390 75)
4(62 76 391 377)
4(75 390 391 76)
4(63 77 392 378)
4(76 391 392 77)
4(64 78 393 379)
4(77 392 393 78)
4(65 79 394 380)
4(78 393 394 79)
4(66 80 395 381)
4(79 394 395 80)
4(67 81 396 382)
4(80 395 396 81)
4(68 82 397 383)
4(81 396 397 82)
4(82 397 398 83)
4(71 85 400 386)
4(84 399 400 85)
4(70 385 399 84)
4(72 86 401 387)
4(85 400 401 86)
4(73 87 402 388)
4(86 401 402 87)
4(74 88 403 389)
4(87 402 403 88)
4(75 89 404 390)
4(88 403 404 89)
4(76 90 405 391)
4(89 404 405 90)
4(77 91 406 392)
4(90 405 406 91)
4(78 92 407 393)
4(91 406 407 92)
4(79 93 408 394)
4(92 407 408 93)
4(80 94 409 395)
4(93 408 409 94)
4(81 95 410 396)
4(94 409 410 95)
4(82 96 411 397)
4(95 410 411 96)
4(96 411 412 97)
4(85 99 414 400)
4(98 413 414 99)
4(84 399 413 98)
4(86 100 415 401)
4(99 414 415 100)
4(87 101 416 402)
4(100 415 416 101)
4(88 102 417 403)
4(101 416 417 102)
4(89 103 418 404)
4(102 417 418 103)
4(90 104 419 405)
4(103 418 419 104)
4(91 105 420 406)
4(104 419 420 105)
4(92 106 421 407)
4(105 420 421 106)
4(93 107 422 408)
4(106 421 422 107)
4(94 108 423 409)
4(107 422 423 108)
4(95 109 424 410)
4(108 423 424 109)
4(96 110 425 411)
4(109 424 425 110)
4(110 425 426 111)
4(99 113 428 414)
4(112 427 428 113)
4(98 413 427 112)
4(100 114 429 415)
4(113 428 429 114)
4(101 115 430 416)
4(114 429 430 115)
4(102 116 431 417)
4(115 430 431 116)
4(103 117 432 418)
4(116 431 432 117)
4(104 118 433 419)
4(117 432 433 118)
4(105 119 434 420)
4(118 433 434 119)
4(106 120 435 421)
4(119 434 435 120)
4(107 121 436 422)
4(120 435 436 121)
4(108 122 437 423)
4(121 436 437 122)
4(109 123 438 424)
4(122 437 438 123)
4(110 124 439 425)
4(123 438 439 124)
4(124 439 440 125)
4(113 127 442 428)
4(126 441 442 127)
4(112 427 441 126)
4(114 128 443 429)
4(127 442 443 128)
4(115 129 444 430)
4(128 443 444 129)
4(116 130 445 431)
4(129 444 445 130)
4(117 131 446 432)
4(130 445 446 131)
4(118 132 447 433)
4(131 446 447 132)
4(119 133 448 434)
4(132 447 448 133)
4(120 134 449 435)
4(133 448 449 134)
4(121 135 450 436)
4(134 449 450 135)
4(122 136 451 437)
4(135 450 451 136)
4(123 137 452 438)
4(136 451 452 137)
4(124 138 453 439)
4(137 452 453 138)
4(138 453 454 139)
4(127 141 456 442)
4(140 455 456 141)
4(126 441 455 140)
4(128 142 457 443)
4(141 456 457 142)
4(129 143 458 444)
4(142 457 458 143)
4(130 144 459 445)
4(143 458 459 144)
4(131 145 460 446)
4(144 459 460 145)
4(132 146 461 447)
4(145 460 461 146)
4(133 147 462 448)
4(146 461 462 147)
4(134 148 463 449)
4(147 462 463 148)
4(135 149 464 450)
4(148 463 464 149)
4(136 150 465 451)
4(149 464 465 150)
4(137 151 466 452)
4(150 465 466 151)
4(138 152 467 453)
4(151 466 467 152)
4(152 467 468 153)
4(141 155 470 456)
4(154 469 470 155)
4(140 455 469 154)
4(142 156 471 457)
4(155 470 471 156)
4(143 157 472 458)
4(156 471 472 157)
4(144 158 473 459)
4(157 472 473 158)
4(145 159 474 460)
4(158 473 474 159)
4(146 160 475 461)
4(159 474 475 160)
4(147 161 476 462)
4(160 475 476 161)
4(148 162 477 463)
4(161 476 477 162)
4(149 163 478 464)
4(162 477 478 163)
4(150 164 479 465)
4(163 478 479 164)
4(151 165 480 466)
4(164 479 480 165)
4(152 166 481 467)
4(165 480 481 166)
4(166 481 482 167)
4(155 169 484 470)
4(168 483 484 169)
4(154 469 483 168)
4(156 170 485 471)
4(169 484 485 170)
4(157 171 486 472)
4(170 485 486 171)
4(158 172 487 473)
4(171 486 487 172)
4(159 173 488 474)
4(172 487 488 173)
4(160 174 489 475)
4(173 488 489 174)
4(161 175 490 476)
4(174 489 490 175)
4(162 176 491 477)
4(175 490 491 176)
4(163 177 492 478)
4(176 491 492 177)
4(164 178 493 479)
4(177 492 493 178)
4(165 179 494 480)
4(178 493 494 179)
4(166 180 495 481)
4(179 494 495 180)
4(180 495 496 181)
4(169 183 498 484)
4(182 497 498 183)
4(168 483 497 182)
4(170 184 499 485)
4(183 498 499 184)
4(171 185 500 486)
4(184 499 500 185)
4(172 186 501 487)
4(185 500 501 186)
4(173 187 502 488)
4(186 501 502 187)
4(174 188 503 489)
4(187 502 503 188)
4(175 189 504 490)
4(188 503 504 189)
4(176 190 505 491)
4(189 504 505 190)
4(177 191 506 492)
4(190 505 506 191)
4(178 192 507 493)
4(191 506 507 192)
4(179 193 508 494)
4(192 507 508 193)
4(180 194 509 495)
4(193 508 509 194)
4(194 509 510 195)
4(183 197 512 498)
4(196 511 512 197)
4(182 497 511 196)
4(184 198 513 499)
4(197 512 513 198)
4(185 199 514 500)
4(198 513 514 199)
4(186 200 515 501)
4(199 514 515 200)
4(187 201 516 502)
4(200 515 516 201)
4(188 202 517 503)
4(201 516 517 202)
4(189 203 518 504)
4(202 517 518 203)
4(190 204 519 505)
4(203 518 519 204)
4(191 205 520 506)
4(204 519 520 205)
4(192 206 521 507)
4(205 520 521 206)
4(193 207 522 508)
4(206 521 522 207)
4(194 208 523 509)
4(207 522 523 208)
4(208 523 524 209)
4(197 211 526 512)
4(210 525 526 211)
4(196 511 525 210)
4(198 212 527 513)
4(211 526 527 212)
4(199 213 528 514)
4(212 527 528 213)
4(200 214 529 515)
4(213 528 529 214)
4(201 215 530 516)
4(214 529 530 215)
4(202 216 531 517)
4(215 530 531 216)
4(203 217 532 518)
4(216 531 532 217)
4(204 218 533 519)
4(217 532 533 218)
4(205 219 534 520)
4(218 533 534 219)
4(206 220 535 521)
4(219 534 535 220)
4(207 221 536 522)
4(220 535 536 221)
4(208 222 537 523)
4(221 536 537 222)
4(222 537 538 223)
4(211 225 540 526)
4(224 539 540 225)
4(210 525 539 224)
4(212 226 541 527)
4(225 540 541 226)
4(213 227 542 528)
4(226 541 542 227)
4(214 228 543 529)
4(227 542 543 228)
4(215 229 544 530)
4(228 543 544 229)
4(216 230 545 531)
4(229 544 545 230)
4(217 231 546 532)
4(230 545 546 231)
4(218 232 547 533)
4(231 546 547 232)
4(219 233 548 534)
4(232 547 548 233)
4(220 234 549 535)
4(233 548 549 234)
4(221 235 550 536)
4(234 549 550 235)
4(222 236 551 537)
4(235 550 551 236)
4(236 551 552 237)
4(225 239 554 540)
4(238 553 554 239)
4(224 539 553 238)
4(226 240 555 541)
4(239 554 555 240)
4(227 241 556 542)
4(240 555 556 241)
4(228 242 557 543)
4(241 556 557 242)
4(229 243 558 544)
4(242 557 558 243)
4(230 244 559 545)
4(243 558 559 244)
4(231 245 560 546)
4(244 559 560 245)
4(232 246 561 547)
4(245 560 561 246)
4(233 247 562 548)
4(246 561 562 247)
4(234 248 563 549)
4(247 562 563 248)
4(235 249 564 550)
4(248 563 564 249)
4(236 250 565 551)
4(249 564 565 250)
4(250 565 566 251)
4(239 253 568 554)
4(252 567 568 253)
4(238 553 567 252)
4(240 254 569 555)
4(253 568 569 254)
4(241 255 570 556)
4(254 569 570 255)
4(242 256 571 557)
4(255 570 571 256)
4(243 257 572 558)
4(256 571 572 257)
4(244 258 573 559)
4(257 572 573 258)
4(245 259 574 560)
4(258 573 574 259)
4(246 260 575 561)
4(259 574 575 260)
4(247 261 576 562)
4(260 575 576 261)
4(248 262 577 563)
4(261 576 577 262)
4(249 263 578 564)
4(262 577 578 263)
4(250 264 579 565)
4(263 578 579 264)
4(264 579 580 265)
4(253 267 582 568)
4(266 581 582 267)
4(252 567 581 266)
4(254 268 583 569)
4(267 582 583 268)
4(255 269 584 570)
4(268 583 584 269)
4(256 270 585 571)
4(269 584 585 270)
4(257 271 586 572)
4(270 585 586 271)
4(258 272 587 573)
4(271 586 587 272)
4(259 273 588 574)
4(272 587 588 273)
4(260 274 589 575)
4(273 588 589 274)
4(261 275 590 576)
4(274 589 590 275)
4(262 276 591 577)
4(275 590 591 276)
4(263 277 592 578)
4(276 591 592 277)
4(264 278 593 579)
4(277 592 593 278)
4(278 593 594 279)
4(267 281 596 582)
4(280 595 596 281)
4(266 581 595 280)
4(268 282 597 583)
4(281 596 597 282)
4(269 283 598 584)
4(282 597 598 283)
4(270 284 599 585)
4(283 598 599 284)
4(271 285 600 586)
4(284 599 600 285)
4(272 286 601 587)
4(285 600 601 286)
4(273 287 602 588)
4(286 601 602 287)
4(274 288 603 589)
4(287 602 603 288)
4(275 289 604 590)
4(288 603 604 289)
4(276 290 605 591)
4(289 604 605 290)
4(277 291 606 592)
4(290 605 606 291)
4(278 292 607 593)
4(291 606 607 292)
4(292 607 608 293)
4(281 295 610 596)
4(294 609 610 295)
4(280 595 609 294)
4(282 296 611 597)
4(295 610 611 296)
4(283 297 612 598)
4(296 611 612 297)
4(284 298 613 599)
4(297 612 613 298)
4(285 299 614 600)
4(298 613 614 299)
4(286 300 615 601)
4(299 614 615 300)
4(287 301 616 602)
4(288 302 617 603)
4(289 303 618 604)
4(290 304 619 605)
4(291 305 620 606)
4(292 306 621 607)
4(295 309 624 610)
4(296 310 625 611)
4(297 311 626 612)
4(298 312 627 613)
4(299 313 628 614)
4(632 744 745 633)
4(633 638 750 745)
4(637 749 750 638)
4(634 639 751 746)
4(638 750 751 639)
4(635 640 752 747)
4(639 751 752 640)
4(636 641 753 748)
4(640 752 753 641)
4(641 753 329 14)
4(638 643 755 750)
4(642 754 755 643)
4(639 644 756 751)
4(643 755 756 644)
4(640 645 757 752)
4(644 756 757 645)
4(641 646 758 753)
4(645 757 758 646)
4(646 758 343 28)
4(643 648 760 755)
4(647 759 760 648)
4(644 649 761 756)
4(648 760 761 649)
4(645 650 762 757)
4(649 761 762 650)
4(646 651 763 758)
4(650 762 763 651)
4(651 763 357 42)
4(648 653 765 760)
4(652 764 765 653)
4(649 654 766 761)
4(653 765 766 654)
4(650 655 767 762)
4(654 766 767 655)
4(651 656 768 763)
4(655 767 768 656)
4(656 768 371 56)
4(653 658 770 765)
4(657 769 770 658)
4(654 659 771 766)
4(658 770 771 659)
4(655 660 772 767)
4(659 771 772 660)
4(656 661 773 768)
4(660 772 773 661)
4(661 773 385 70)
4(658 663 775 770)
4(662 774 775 663)
4(659 664 776 771)
4(663 775 776 664)
4(660 665 777 772)
4(664 776 777 665)
4(661 666 778 773)
4(665 777 778 666)
4(666 778 399 84)
4(663 668 780 775)
4(667 779 780 668)
4(664 669 781 776)
4(668 780 781 669)
4(665 670 782 777)
4(669 781 782 670)
4(666 671 783 778)
4(670 782 783 671)
4(671 783 413 98)
4(668 673 785 780)
4(672 784 785 673)
4(669 674 786 781)
4(673 785 786 674)
4(670 675 787 782)
4(674 786 787 675)
4(671 676 788 783)
4(675 787 788 676)
4(676 788 427 112)
4(673 678 790 785)
4(677 789 790 678)
4(674 679 791 786)
4(678 790 791 679)
4(675 680 792 787)
4(679 791 792 680)
4(676 681 793 788)
4(680 792 793 681)
4(681 793 441 126)
4(678 683 795 790)
4(682 794 795 683)
4(679 684 796 791)
4(683 795 796 684)
4(680 685 797 792)
4(684 796 797 685)
4(681 686 798 793)
4(685 797 798 686)
4(686 798 455 140)
4(683 688 800 795)
4(687 799 800 688)
4(684 689 801 796)
4(688 800 801 689)
4(685 690 802 797)
4(689 801 802 690)
4(686 691 803 798)
4(690 802 803 691)
4(691 803 469 154)
4(688 693 805 800)
4(692 804 805 693)
4(689 694 806 801)
4(693 805 806 694)
4(690 695 807 802)
4(694 806 807 695)
4(691 696 808 803)
4(695 807 808 696)
4(696 808 483 168)
4(693 698 810 805)
4(697 809 810 698)
4(694 699 811 806)
4(698 810 811 699)
4(695 700 812 807)
4(699 811 812 700)
4(696 701 813 808)
4(700 812 813 701)
4(701 813 497 182)
4(698 703 815 810)
4(702 814 815 703)
4(699 704 816 811)
4(703 815 816 704)
4(700 705 817 812)
4(704 816 817 705)
4(701 706 818 813)
4(705 817 818 706)
4(706 818 511 196)
4(703 708 820 815)
4(707 819 820 708)
4(704 709 821 816)
4(708 820 821 709)
4(705 710 822 817)
4(709 821 822 710)
4(706 711 823 818)
4(710 822 823 711)
4(711 823 525 210)
4(708 713 825 820)
4(712 824 825 713)
4(709 714 826 821)
4(713 825 826 714)
4(710 715 827 822)
4(714 826 827 715)
4(711 716 828 823)
4(715 827 828 716)
4(716 828 539 224)
4(713 718 830 825)
4(717 829 830 718)
4(714 719 831 826)
4(718 830 831 719)
4(715 720 832 827)
4(719 831 832 720)
4(716 721 833 828)
4(720 832 833 721)
4(721 833 553 238)
4(718 723 835 830)
4(722 834 835 723)
4(719 724 836 831)
4(723 835 836 724)
4(720 725 837 832)
4(724 836 837 725)
4(721 726 838 833)
4(725 837 838 726)
4(726 838 567 252)
4(723 728 840 835)
4(727 839 840 728)
4(724 729 841 836)
4(728 840 841 729)
4(725 730 842 837)
4(729 841 842 730)
4(726 731 843 838)
4(730 842 843 731)
4(731 843 581 266)
4(728 733 845 840)
4(732 844 845 733)
4(729 734 846 841)
4(733 845 846 734)
4(730 735 847 842)
4(734 846 847 735)
4(731 736 848 843)
4(735 847 848 736)
4(736 848 595 280)
4(733 738 850 845)
4(734 739 851 846)
4(735 740 852 847)
4(736 741 853 848)
4(0 14 15 1)
4(14 28 29 15)
4(28 42 43 29)
4(42 56 57 43)
4(56 70 71 57)
4(70 84 85 71)
4(84 98 99 85)
4(98 112 113 99)
4(112 126 127 113)
4(126 140 141 127)
4(140 154 155 141)
4(154 168 169 155)
4(168 182 183 169)
4(182 196 197 183)
4(196 210 211 197)
4(210 224 225 211)
4(224 238 239 225)
4(238 252 253 239)
4(252 266 267 253)
4(266 280 281 267)
4(280 294 295 281)
4(294 308 309 295)
4(1 15 16 2)
4(15 29 30 16)
4(29 43 44 30)
4(43 57 58 44)
4(57 71 72 58)
4(71 85 86 72)
4(85 99 100 86)
4(99 113 114 100)
4(113 127 128 114)
4(127 141 142 128)
4(141 155 156 142)
4(155 169 170 156)
4(169 183 184 170)
4(183 197 198 184)
4(197 211 212 198)
4(211 225 226 212)
4(225 239 240 226)
4(239 253 254 240)
4(253 267 268 254)
4(267 281 282 268)
4(281 295 296 282)
4(295 309 310 296)
4(2 16 17 3)
4(16 30 31 17)
4(30 44 45 31)
4(44 58 59 45)
4(58 72 73 59)
4(72 86 87 73)
4(86 100 101 87)
4(100 114 115 101)
4(114 128 129 115)
4(128 142 143 129)
4(142 156 157 143)
4(156 170 171 157)
4(170 184 185 171)
4(184 198 199 185)
4(198 212 213 199)
4(212 226 227 213)
4(226 240 241 227)
4(240 254 255 241)
4(254 268 269 255)
4(268 282 283 269)
4(282 296 297 283)
4(296 310 311 297)
4(3 17 18 4)
4(17 31 32 18)
4(31 45 46 32)
4(45 59 60 46)
4(59 73 74 60)
4(73 87 88 74)
4(87 101 102 88)
4(101 115 116 102)
4(115 129 130 116)
4(129 143 144 130)
4(143 157 158 144)
4(157 171 172 158)
4(171 185 186 172)
4(185 199 200 186)
4(199 213 214 200)
4(213 227 228 214)
4(227 241 242 228)
4(241 255 256 242)
4(255 269 270 256)
4(269 283 284 270)
4(283 297 298 284)
4(297 311 312 298)
4(4 18 19 5)
4(18 32 33 19)
4(32 46 47 33)
4(46 60 61 47)
4(60 74 75 61)
4(74 88 89 75)
4(88 102 103 89)
4(102 116 117 103)
4(116 130 131 117)
4(130 144 145 131)
4(144 158 159 145)
4(158 172 173 159)
4(172 186 187 173)
4(186 200 201 187)
4(200 214 215 201)
4(214 228 229 215)
4(228 242 243 229)
4(242 256 257 243)
4(256 270 271 257)
4(270 284 285 271)
4(284 298 299 285)
4(298 312 313 299)
4(5 19 20 6)
4(19 33 34 20)
4(33 47 48 34)
4(47 61 62 48)
4(61 75 76 62)
4(75 89 90 76)
4(89 103 104 90)
4(103 117 118 104)
4(117 131 132 118)
4(131 145 146 132)
4(145 159 160 146)
4(159 173 174 160)
4(173 187 188 174)
4(187 201 202 188)
4(201 215 216 202)
4(215 229 230 216)
4(229 243 244 230)
4(243 257 258 244)
4(257 271 272 258)
4(271 285 286 272)
4(285 299 300 286)
4(299 313 314 300)
4(6 20 21 7)
4(20 34 35 21)
4(34 48 49 35)
4(48 62 63 49)
4(62 76 77 63)
4(76 90 91 77)
4(90 104 105 91)
4(104 118 119 105)
4(118 132 133 119)
4(132 146 147 133)
4(146 160 161 147)
4(160 174 175 161)
4(174 188 189 175)
4(188 202 203 189)
4(202 216 217 203)
4(216 230 231 217)
4(230 244 245 231)
4(244 258 259 245)
4(258 272 273 259)
4(272 286 287 273)
4(286 300 301 287)
4(7 21 22 8)
4(21 35 36 22)
4(35 49 50 36)
4(49 63 64 50)
4(63 77 78 64)
4(77 91 92 78)
4(91 105 106 92)
4(105 119 120 106)
4(119 133 134 120)
4(133 147 148 134)
4(147 161 162 148)
4(161 175 176 162)
4(175 189 190 176)
4(189 203 204 190)
4(203 217 218 204)
4(217 231 232 218)
4(231 245 246 232)
4(245 259 260 246)
4(259 273 274 260)
4(273 287 288 274)
4(287 301 302 288)
4(8 22 23 9)
4(22 36 37 23)
4(36 50 51 37)
4(50 64 65 51)
4(64 78 79 65)
4(78 92 93 79)
4(92 106 107 93)
4(106 120 121 107)
4(120 134 135 121)
4(134 148 149 135)
4(148 162 163 149)
4(162 176 177 163)
4(176 190 191 177)
4(190 204 205 191)
4(204 218 219 205)
4(218 232 233 219)
4(232 246 247 233)
4(246 260 261 247)
4(260 274 275 261)
4(274 288 289 275)
4(288 302 303 289)
4(9 23 24 10)
4(23 37 38 24)
4(37 51 52 38)
4(51 65 66 52)
4(65 79 80 66)
4(79 93 94 80)
4(93 107 108 94)
4(107 121 122 108)
4(121 135 136 122)
4(135 149 150 136)
4(149 163 164 150)
4(163 177 178 164)
4(177 191 192 178)
4(191 205 206 192)
4(205 219 220 206)
4(219 233 234 220)
4(233 247 248 234)
4(247 261 262 248)
4(261 275 276 262)
4(275 289 290 276)
4(289 303 304 290)
4(10 24 25 11)
4(24 38 39 25)
4(38 52 53 39)
4(52 66 67 53)
4(66 80 81 67)
4(80 94 95 81)
4(94 108 109 95)
4(108 122 123 109)
4(122 136 137 123)
4(136 150 151 137)
4(150 164 165 151)
4(164 178 179 165)
4(178 192 193 179)
4(192 206 207 193)
4(206 220 221 207)
4(220 234 235 221)
4(234 248 249 235)
4(248 262 263 249)
4(262 276 277 263)
4(276 290 291 277)
4(290 304 305 291)
4(11 25 26 12)
4(25 39 40 26)
4(39 53 54 40)
4(53 67 68 54)
4(67 81 82 68)
4(81 95 96 82)
4(95 109 110 96)
4(109 123 124 110)
4(123 137 138 124)
4(137 151 152 138)
4(151 165 166 152)
4(165 179 180 166)
4(179 193 194 180)
4(193 207 208 194)
4(207 221 222 208)
4(221 235 236 222)
4(235 249 250 236)
4(249 263 264 250)
4(263 277 278 264)
4(277 291 292 278)
4(291 305 306 292)
4(12 26 27 13)
4(26 40 41 27)
4(40 54 55 41)
4(54 68 69 55)
4(68 82 83 69)
4(82 96 97 83)
4(96 110 111 97)
4(110 124 125 111)
4(124 138 139 125)
4(138 152 153 139)
4(152 166 167 153)
4(166 180 181 167)
4(180 194 195 181)
4(194 208 209 195)
4(208 222 223 209)
4(222 236 237 223)
4(236 250 251 237)
4(250 264 265 251)
4(264 278 279 265)
4(278 292 293 279)
4(292 306 307 293)
4(315 316 330 329)
4(329 330 344 343)
4(343 344 358 357)
4(357 358 372 371)
4(371 372 386 385)
4(385 386 400 399)
4(399 400 414 413)
4(413 414 428 427)
4(427 428 442 441)
4(441 442 456 455)
4(455 456 470 469)
4(469 470 484 483)
4(483 484 498 497)
4(497 498 512 511)
4(511 512 526 525)
4(525 526 540 539)
4(539 540 554 553)
4(553 554 568 567)
4(567 568 582 581)
4(581 582 596 595)
4(595 596 610 609)
4(609 610 624 623)
4(316 317 331 330)
4(330 331 345 344)
4(344 345 359 358)
4(358 359 373 372)
4(372 373 387 386)
4(386 387 401 400)
4(400 401 415 414)
4(414 415 429 428)
4(428 429 443 442)
4(442 443 457 456)
4(456 457 471 470)
4(470 471 485 484)
4(484 485 499 498)
4(498 499 513 512)
4(512 513 527 526)
4(526 527 541 540)
4(540 541 555 554)
4(554 555 569 568)
4(568 569 583 582)
4(582 583 597 596)
4(596 597 611 610)
4(610 611 625 624)
4(317 318 332 331)
4(331 332 346 345)
4(345 346 360 359)
4(359 360 374 373)
4(373 374 388 387)
4(387 388 402 401)
4(401 402 416 415)
4(415 416 430 429)
4(429 430 444 443)
4(443 444 458 457)
4(457 458 472 471)
4(471 472 486 485)
4(485 486 500 499)
4(499 500 514 513)
4(513 514 528 527)
4(527 528 542 541)
4(541 542 556 555)
4(555 556 570 569)
4(569 570 584 583)
4(583 584 598 597)
4(597 598 612 611)
4(611 612 626 625)
4(318 319 333 332)
4(332 333 347 346)
4(346 347 361 360)
4(360 361 375 374)
4(374 375 389 388)
4(388 389 403 402)
4(402 403 417 416)
4(416 417 431 430)
4(430 431 445 444)
4(444 445 459 458)
4(458 459 473 472)
4(472 473 487 486)
4(486 487 501 500)
4(500 501 515 514)
4(514 515 529 528)
4(528 529 543 542)
4(542 543 557 556)
4(556 557 571 570)
4(570 571 585 584)
4(584 585 599 598)
4(598 599 613 612)
4(612 613 627 626)
4(319 320 334 333)
4(333 334 348 347)
4(347 348 362 361)
4(361 362 376 375)
4(375 376 390 389)
4(389 390 404 403)
4(403 404 418 417)
4(417 418 432 431)
4(431 432 446 445)
4(445 446 460 459)
4(459 460 474 473)
4(473 474 488 487)
4(487 488 502 501)
4(501 502 516 515)
4(515 516 530 529)
4(529 530 544 543)
4(543 544 558 557)
4(557 558 572 571)
4(571 572 586 585)
4(585 586 600 599)
4(599 600 614 613)
4(613 614 628 627)
4(320 321 335 334)
4(334 335 349 348)
4(348 349 363 362)
4(362 363 377 376)
4(376 377 391 390)
4(390 391 405 404)
4(404 405 419 418)
4(418 419 433 432)
4(432 433 447 446)
4(446 447 461 460)
4(460 461 475 474)
4(474 475 489 488)
4(488 489 503 502)
4(502 503 517 516)
4(516 517 531 530)
4(530 531 545 544)
4(544 545 559 558)
4(558 559 573 572)
4(572 573 587 586)
4(586 587 601 600)
4(600 601 615 614)
4(614 615 629 628)
4(321 322 336 335)
4(335 336 350 349)
4(349 350 364 363)
4(363 364 378 377)
4(377 378 392 391)
4(391 392 406 405)
4(405 406 420 419)
4(419 420 434 433)
4(433 434 448 447)
4(447 448 462 461)
4(461 462 476 475)
4(475 476 490 489)
4(489 490 504 503)
4(503 504 518 517)
4(517 518 532 531)
4(531 532 546 545)
4(545 546 560 559)
4(559 560 574 573)
4(573 574 588 587)
4(587 588 602 601)
4(601 602 616 615)
4(322 323 337 336)
4(336 337 351 350)
4(350 351 365 364)
4(364 365 379 378)
4(378 379 393 392)
4(392 393 407 406)
4(406 407 421 420)
4(420 421 435 434)
4(434 435 449 448)
4(448 449 463 462)
4(462 463 477 476)
4(476 477 491 490)
4(490 491 505 504)
4(504 505 519 518)
4(518 519 533 532)
4(532 533 547 546)
4(546 547 561 560)
4(560 561 575 574)
4(574 575 589 588)
4(588 589 603 602)
4(602 603 617 616)
4(323 324 338 337)
4(337 338 352 351)
4(351 352 366 365)
4(365 366 380 379)
4(379 380 394 393)
4(393 394 408 407)
4(407 408 422 421)
4(421 422 436 435)
4(435 436 450 449)
4(449 450 464 463)
4(463 464 478 477)
4(477 478 492 491)
4(491 492 506 505)
4(505 506 520 519)
4(519 520 534 533)
4(533 534 548 547)
4(547 548 562 561)
4(561 562 576 575)
4(575 576 590 589)
4(589 590 604 603)
4(603 604 618 617)
4(324 325 339 338)
4(338 339 353 352)
4(352 353 367 366)
4(366 367 381 380)
4(380 381 395 394)
4(394 395 409 408)
4(408 409 423 422)
4(422 423 437 436)
4(436 437 451 450)
4(450 451 465 464)
4(464 465 479 478)
4(478 479 493 492)
4(492 493 507 506)
4(506 507 521 520)
4(520 521 535 534)
4(534 535 549 548)
4(548 549 563 562)
4(562 563 577 576)
4(576 577 591 590)
4(590 591 605 604)
4(604 605 619 618)
4(325 326 340 339)
4(339 340 354 353)
4(353 354 368 367)
4(367 368 382 381)
4(381 382 396 395)
4(395 396 410 409)
4(409 410 424 423)
4(423 424 438 437)
4(437 438 452 451)
4(451 452 466 465)
4(465 466 480 479)
4(479 480 494 493)
4(493 494 508 507)
4(507 508 522 521)
4(521 522 536 535)
4(535 536 550 549)
4(549 550 564 563)
4(563 564 578 577)
4(577 578 592 591)
4(591 592 606 605)
4(605 606 620 619)
4(326 327 341 340)
4(340 341 355 354)
4(354 355 369 368)
4(368 369 383 382)
4(382 383 397 396)
4(396 397 411 410)
4(410 411 425 424)
4(424 425 439 438)
4(438 439 453 452)
4(452 453 467 466)
4(466 467 481 480)
4(480 481 495 494)
4(494 495 509 508)
4(508 509 523 522)
4(522 523 537 536)
4(536 537 551 550)
4(550 551 565 564)
4(564 565 579 578)
4(578 579 593 592)
4(592 593 607 606)
4(606 607 621 620)
4(327 328 342 341)
4(341 342 356 355)
4(355 356 370 369)
4(369 370 384 383)
4(383 384 398 397)
4(397 398 412 411)
4(411 412 426 425)
4(425 426 440 439)
4(439 440 454 453)
4(453 454 468 467)
4(467 468 482 481)
4(481 482 496 495)
4(495 496 510 509)
4(509 510 524 523)
4(523 524 538 537)
4(537 538 552 551)
4(551 552 566 565)
4(565 566 580 579)
4(579 580 594 593)
4(593 594 608 607)
4(607 608 622 621)
4(630 632 633 631)
4(632 637 638 633)
4(637 642 643 638)
4(642 647 648 643)
4(647 652 653 648)
4(652 657 658 653)
4(657 662 663 658)
4(662 667 668 663)
4(667 672 673 668)
4(672 677 678 673)
4(677 682 683 678)
4(682 687 688 683)
4(687 692 693 688)
4(692 697 698 693)
4(697 702 703 698)
4(702 707 708 703)
4(707 712 713 708)
4(712 717 718 713)
4(717 722 723 718)
4(722 727 728 723)
4(727 732 733 728)
4(732 737 738 733)
4(633 638 639 634)
4(638 643 644 639)
4(643 648 649 644)
4(648 653 654 649)
4(653 658 659 654)
4(658 663 664 659)
4(663 668 669 664)
4(668 673 674 669)
4(673 678 679 674)
4(678 683 684 679)
4(683 688 689 684)
4(688 693 694 689)
4(693 698 699 694)
4(698 703 704 699)
4(703 708 709 704)
4(708 713 714 709)
4(713 718 719 714)
4(718 723 724 719)
4(723 728 729 724)
4(728 733 734 729)
4(733 738 739 734)
4(634 639 640 635)
4(639 644 645 640)
4(644 649 650 645)
4(649 654 655 650)
4(654 659 660 655)
4(659 664 665 660)
4(664 669 670 665)
4(669 674 675 670)
4(674 679 680 675)
4(679 684 685 680)
4(684 689 690 685)
4(689 694 695 690)
4(694 699 700 695)
4(699 704 705 700)
4(704 709 710 705)
4(709 714 715 710)
4(714 719 720 715)
4(719 724 725 720)
4(724 729 730 725)
4(729 734 735 730)
4(734 739 740 735)
4(635 640 641 636)
4(640 645 646 641)
4(645 650 651 646)
4(650 655 656 651)
4(655 660 661 656)
4(660 665 666 661)
4(665 670 671 666)
4(670 675 676 671)
4(675 680 681 676)
4(680 685 686 681)
4(685 690 691 686)
4(690 695 696 691)
4(695 700 701 696)
4(700 705 706 701)
4(705 710 711 706)
4(710 715 716 711)
4(715 720 721 716)
4(720 725 726 721)
4(725 730 731 726)
4(730 735 736 731)
4(735 740 741 736)
4(636 641 14 0)
4(641 646 28 14)
4(646 651 42 28)
4(651 656 56 42)
4(656 661 70 56)
4(661 666 84 70)
4(666 671 98 84)
4(671 676 112 98)
4(676 681 126 112)
4(681 686 140 126)
4(686 691 154 140)
4(691 696 168 154)
4(696 701 182 168)
4(701 706 196 182)
4(706 711 210 196)
4(711 716 224 210)
4(716 721 238 224)
4(721 726 252 238)
4(726 731 266 252)
4(731 736 280 266)
4(736 741 294 280)
4(742 743 745 744)
4(744 745 750 749)
4(749 750 755 754)
4(754 755 760 759)
4(759 760 765 764)
4(764 765 770 769)
4(769 770 775 774)
4(774 775 780 779)
4(779 780 785 784)
4(784 785 790 789)
4(789 790 795 794)
4(794 795 800 799)
4(799 800 805 804)
4(804 805 810 809)
4(809 810 815 814)
4(814 815 820 819)
4(819 820 825 824)
4(824 825 830 829)
4(829 830 835 834)
4(834 835 840 839)
4(839 840 845 844)
4(844 845 850 849)
4(745 746 751 750)
4(750 751 756 755)
4(755 756 761 760)
4(760 761 766 765)
4(765 766 771 770)
4(770 771 776 775)
4(775 776 781 780)
4(780 781 786 785)
4(785 786 791 790)
4(790 791 796 795)
4(795 796 801 800)
4(800 801 806 805)
4(805 806 811 810)
4(810 811 816 815)
4(815 816 821 820)
4(820 821 826 825)
4(825 826 831 830)
4(830 831 836 835)
4(835 836 841 840)
4(840 841 846 845)
4(845 846 851 850)
4(746 747 752 751)
4(751 752 757 756)
4(756 757 762 761)
4(761 762 767 766)
4(766 767 772 771)
4(771 772 777 776)
4(776 777 782 781)
4(781 782 787 786)
4(786 787 792 791)
4(791 792 797 796)
4(796 797 802 801)
4(801 802 807 806)
4(806 807 812 811)
4(811 812 817 816)
4(816 817 822 821)
4(821 822 827 826)
4(826 827 832 831)
4(831 832 837 836)
4(836 837 842 841)
4(841 842 847 846)
4(846 847 852 851)
4(747 748 753 752)
4(752 753 758 757)
4(757 758 763 762)
4(762 763 768 767)
4(767 768 773 772)
4(772 773 778 777)
4(777 778 783 782)
4(782 783 788 787)
4(787 788 793 792)
4(792 793 798 797)
4(797 798 803 802)
4(802 803 808 807)
4(807 808 813 812)
4(812 813 818 817)
4(817 818 823 822)
4(822 823 828 827)
4(827 828 833 832)
4(832 833 838 837)
4(837 838 843 842)
4(842 843 848 847)
4(847 848 853 852)
4(748 315 329 753)
4(753 329 343 758)
4(758 343 357 763)
4(763 357 371 768)
4(768 371 385 773)
4(773 385 399 778)
4(778 399 413 783)
4(783 413 427 788)
4(788 427 441 793)
4(793 441 455 798)
4(798 455 469 803)
4(803 469 483 808)
4(808 483 497 813)
4(813 497 511 818)
4(818 511 525 823)
4(823 525 539 828)
4(828 539 553 833)
4(833 553 567 838)
4(838 567 581 843)
4(843 581 595 848)
4(848 595 609 853)
4(0 1 316 315)
4(1 2 317 316)
4(2 3 318 317)
4(3 4 319 318)
4(4 5 320 319)
4(5 6 321 320)
4(6 7 322 321)
4(7 8 323 322)
4(8 9 324 323)
4(9 10 325 324)
4(10 11 326 325)
4(11 12 327 326)
4(12 13 328 327)
4(630 631 743 742)
4(631 633 745 743)
4(633 634 746 745)
4(634 635 747 746)
4(635 636 748 747)
4(636 0 315 748)
4(630 742 744 632)
4(632 744 749 637)
4(637 749 754 642)
4(642 754 759 647)
4(647 759 764 652)
4(652 764 769 657)
4(657 769 774 662)
4(662 774 779 667)
4(667 779 784 672)
4(672 784 789 677)
4(677 789 794 682)
4(682 794 799 687)
4(687 799 804 692)
4(692 804 809 697)
4(697 809 814 702)
4(702 814 819 707)
4(707 819 824 712)
4(712 824 829 717)
4(717 829 834 722)
4(722 834 839 727)
4(13 27 342 328)
4(27 41 356 342)
4(41 55 370 356)
4(55 69 384 370)
4(69 83 398 384)
4(83 97 412 398)
4(97 111 426 412)
4(111 125 440 426)
4(125 139 454 440)
4(139 153 468 454)
4(153 167 482 468)
4(167 181 496 482)
4(181 195 510 496)
4(727 839 844 732)
4(732 844 849 737)
4(300 615 616 301)
4(301 616 617 302)
4(302 617 618 303)
4(303 618 619 304)
4(304 619 620 305)
4(305 620 621 306)
4(306 621 622 307)
4(308 623 624 309)
4(294 609 623 308)
4(309 624 625 310)
4(310 625 626 311)
4(311 626 627 312)
4(312 627 628 313)
4(300 314 629 615)
4(313 628 629 314)
4(737 849 850 738)
4(738 850 851 739)
4(739 851 852 740)
4(740 852 853 741)
4(741 853 609 294)
4(195 209 524 510)
4(209 223 538 524)
4(223 237 552 538)
4(237 251 566 552)
4(251 265 580 566)
4(265 279 594 580)
4(279 293 608 594)
4(293 307 622 608)
)


// ************************************************************************* //
