/*--------------------------------*- C++ -*----------------------------------*\
  =========                 |
  \\      /  F ield         | OpenFOAM: The Open Source CFD Toolbox
   \\    /   O peration     | Website:  https://openfoam.org
    \\  /    A nd           | Version:  7
     \\/     M anipulation  |
\*---------------------------------------------------------------------------*/
FoamFile
{
    version     2.0;
    format      ascii;
    class       volVectorField;
    location    "14.5";
    object      U;
}
// * * * * * * * * * * * * * * * * * * * * * * * * * * * * * * * * * * * * * //

dimensions      [0 1 -1 0 0 0 0];

internalField   nonuniform List<vector> 
2413
(
(2.07463 -0.0655713 0)
(2.07028 -0.0644962 0)
(2.06632 -0.0617585 0)
(2.06219 -0.0597976 0)
(2.05943 -0.0573843 0)
(2.05766 -0.0566289 0)
(2.05603 -0.0551781 0)
(2.05532 -0.0533751 0)
(2.05525 -0.0522602 0)
(2.05524 -0.0512882 0)
(2.05493 -0.0498809 0)
(2.05446 -0.0485143 0)
(2.05385 -0.0474526 0)
(2.05297 -0.0461581 0)
(2.05278 -0.0455538 0)
(2.05245 -0.0450469 0)
(2.05222 -0.0444301 0)
(2.05214 -0.0438095 0)
(2.0519 -0.0425853 0)
(2.05183 -0.0413089 0)
(2.05193 -0.0407093 0)
(1.99683 0.110522 0)
(2.00033 0.107588 0)
(2.00366 0.105296 0)
(2.00688 0.102422 0)
(2.01009 0.0984526 0)
(2.01376 0.0941664 0)
(2.01818 0.0892352 0)
(2.02188 0.086113 0)
(2.02514 0.0840808 0)
(2.02801 0.0808826 0)
(2.03005 0.0795233 0)
(2.03227 0.0784024 0)
(2.03622 0.0738327 0)
(2.03874 0.0703149 0)
(2.04121 0.0676011 0)
(2.04445 0.0630787 0)
(2.04609 0.0608127 0)
(2.04701 0.0603371 0)
(2.04811 0.0577009 0)
(2.04912 0.0538259 0)
(2.05012 0.0494875 0)
(2.04908 0.0465228 0)
(2.04786 0.0428664 0)
(2.04814 0.0403857 0)
(2.04732 0.0383165 0)
(2.04632 0.0375636 0)
(2.04569 0.0362896 0)
(2.0455 0.0345715 0)
(2.0452 0.0341575 0)
(2.04574 0.0333526 0)
(2.04736 0.0314278 0)
(2.04899 0.0307359 0)
(2.05107 0.0305035 0)
(2.05328 0.0301885 0)
(2.05539 0.0294206 0)
(2.05755 0.0293247 0)
(2.06004 0.0299216 0)
(2.06225 0.0301167 0)
(2.06536 0.0287402 0)
(2.06768 0.0272366 0)
(2.06888 0.0255762 0)
(2.06958 0.0245742 0)
(2.06716 0.0256157 0)
(2.0602 0.0305172 0)
(2.04609 0.0369356 0)
(2.01855 0.0466446 0)
(1.98598 0.0600734 0)
(1.96896 0.0690551 0)
(1.96259 0.0681143 0)
(1.96261 0.0673823 0)
(1.96326 0.0661174 0)
(1.96509 0.0658158 0)
(1.97032 0.0622841 0)
(1.97618 0.0566221 0)
(1.98027 0.0558459 0)
(1.98364 0.0537079 0)
(1.98718 0.049163 0)
(1.98951 0.0478924 0)
(1.9916 0.0479139 0)
(1.99577 0.044757 0)
(1.99979 0.0401197 0)
(2.00297 0.0369526 0)
(2.00613 0.0336402 0)
(2.00954 0.0322467 0)
(2.01313 0.0312529 0)
(2.0164 0.0273171 0)
(2.01867 0.0245593 0)
(2.02159 0.0247137 0)
(2.02506 0.0225988 0)
(2.02839 0.0156439 0)
(2.02974 0.0110167 0)
(2.03187 0.0111367 0)
(2.03446 0.00910435 0)
(2.03781 0.00153005 0)
(2.03935 -0.00342032 0)
(2.04148 -0.00380183 0)
(2.04447 -0.00691853 0)
(2.04829 -0.0150544 0)
(2.04979 -0.0209057 0)
(2.05166 -0.0219683 0)
(2.05413 -0.024905 0)
(2.05721 -0.0323388 0)
(2.05844 -0.037857 0)
(2.06005 -0.0386102 0)
(2.0618 -0.0398536 0)
(2.06451 -0.0454412 0)
(2.06585 -0.0507889 0)
(2.06738 -0.0517367 0)
(2.06901 -0.0523684 0)
(2.07179 -0.0572876 0)
(2.07347 -0.0628911 0)
(2.07496 -0.0649893 0)
(2.07639 -0.0653786 0)
(2.0788 -0.0686445 0)
(2.08115 -0.0733724 0)
(2.08306 -0.0751218 0)
(2.08538 -0.0748783 0)
(2.08796 -0.0762176 0)
(2.09018 -0.0787262 0)
(2.09141 -0.0802875 0)
(2.09265 -0.0806614 0)
(2.09323 -0.0809345 0)
(2.093 -0.0817056 0)
(2.09317 -0.0825571 0)
(2.0935 -0.0830124 0)
(2.09371 -0.0831611 0)
(2.0938 -0.0831011 0)
(2.09337 -0.0823498 0)
(2.09233 -0.0808079 0)
(2.09052 -0.0798094 0)
(2.08657 -0.076887 0)
(2.08153 -0.0719204 0)
(2.07675 -0.0701137 0)
(2.07159 -0.0668997 0)
(2.06563 -0.061425 0)
(2.06194 -0.0583663 0)
(2.05945 -0.057195 0)
(2.05784 -0.0549165 0)
(2.05761 -0.0529656 0)
(2.0577 -0.0519247 0)
(2.05727 -0.0508555 0)
(2.05666 -0.0498826 0)
(2.05619 -0.0490451 0)
(2.0554 -0.0480542 0)
(2.05478 -0.0468642 0)
(2.05454 -0.04634 0)
(2.05418 -0.0459035 0)
(2.05374 -0.0450648 0)
(2.05356 -0.0442562 0)
(2.05341 -0.0430446 0)
(2.05337 -0.0413669 0)
(2.05362 -0.0406864 0)
(1.99103 0.125845 0)
(1.99462 0.121584 0)
(1.99812 0.117655 0)
(2.00172 0.114284 0)
(2.00528 0.111255 0)
(2.00898 0.107992 0)
(2.01251 0.105367 0)
(2.01565 0.103313 0)
(2.01867 0.100523 0)
(2.02227 0.0958323 0)
(2.02554 0.0909833 0)
(2.02851 0.0885686 0)
(2.03166 0.0863074 0)
(2.03452 0.0827799 0)
(2.03656 0.0810716 0)
(2.03876 0.0785712 0)
(2.04159 0.0741706 0)
(2.0431 0.0715192 0)
(2.04387 0.0697525 0)
(2.04463 0.0667221 0)
(2.04489 0.0634683 0)
(2.04391 0.0609258 0)
(2.04242 0.057656 0)
(2.04203 0.0546712 0)
(2.0425 0.0517945 0)
(2.04172 0.0497734 0)
(2.04207 0.0471977 0)
(2.04312 0.0433989 0)
(2.04309 0.0418899 0)
(2.04442 0.0403917 0)
(2.0465 0.0382568 0)
(2.04842 0.0381197 0)
(2.05088 0.037407 0)
(2.05359 0.0360059 0)
(2.05624 0.0343165 0)
(2.05872 0.0336222 0)
(2.06111 0.0335979 0)
(2.06351 0.0329216 0)
(2.06587 0.0325433 0)
(2.06792 0.0331321 0)
(2.06946 0.032661 0)
(2.06949 0.032602 0)
(2.06836 0.0334186 0)
(2.0648 0.0352629 0)
(2.05662 0.0375152 0)
(2.03778 0.0463472 0)
(2.00623 0.0589197 0)
(1.97773 0.0714101 0)
(1.96564 0.0770713 0)
(1.96079 0.0760421 0)
(1.96074 0.0748067 0)
(1.96131 0.073974 0)
(1.96526 0.0700533 0)
(1.97019 0.0640653 0)
(1.9745 0.0634969 0)
(1.97898 0.0610362 0)
(1.98336 0.0552273 0)
(1.98598 0.0538969 0)
(1.98763 0.0532698 0)
(1.99175 0.049053 0)
(1.99495 0.0438513 0)
(1.99794 0.0424175 0)
(2.00141 0.0399313 0)
(2.00487 0.0363864 0)
(2.00843 0.0347928 0)
(2.01171 0.0316661 0)
(2.01377 0.0269888 0)
(2.01578 0.025663 0)
(2.01834 0.0242012 0)
(2.02185 0.017514 0)
(2.02343 0.0113867 0)
(2.02536 0.0104801 0)
(2.0279 0.00844574 0)
(2.03165 0.000994481 0)
(2.03345 -0.00477123 0)
(2.03559 -0.00551341 0)
(2.03827 -0.00800702 0)
(2.04208 -0.0154689 0)
(2.04373 -0.0214077 0)
(2.04559 -0.0225195 0)
(2.04789 -0.0247457 0)
(2.05113 -0.0315454 0)
(2.05258 -0.0370484 0)
(2.05436 -0.0377857 0)
(2.0563 -0.0388168 0)
(2.05915 -0.0440487 0)
(2.06068 -0.0493459 0)
(2.06231 -0.0504867 0)
(2.06395 -0.0509135 0)
(2.06668 -0.0555121 0)
(2.06848 -0.0608951 0)
(2.07027 -0.0625856 0)
(2.07208 -0.0630946 0)
(2.07514 -0.0658743 0)
(2.07806 -0.0697548 0)
(2.08015 -0.0714775 0)
(2.0828 -0.0712317 0)
(2.0856 -0.0727122 0)
(2.08812 -0.0763913 0)
(2.08939 -0.0790268 0)
(2.09086 -0.0794596 0)
(2.09134 -0.0794705 0)
(2.09191 -0.0813071 0)
(2.09238 -0.0821807 0)
(2.093 -0.0826686 0)
(2.09374 -0.0830142 0)
(2.09403 -0.0833878 0)
(2.0942 -0.083372 0)
(2.09377 -0.0828365 0)
(2.09291 -0.0822123 0)
(2.0909 -0.081111 0)
(2.08736 -0.0779258 0)
(2.08335 -0.0758204 0)
(2.07841 -0.0732007 0)
(2.07141 -0.0656827 0)
(2.06654 -0.0597894 0)
(2.06335 -0.058958 0)
(2.06155 -0.0563058 0)
(2.06064 -0.0529455 0)
(2.06035 -0.0512677 0)
(2.05892 -0.0500995 0)
(2.05806 -0.0496727 0)
(2.05759 -0.0490759 0)
(2.05679 -0.0481648 0)
(2.05646 -0.0475497 0)
(2.05601 -0.0470669 0)
(2.05561 -0.0465543 0)
(2.05515 -0.0455333 0)
(2.05504 -0.0445633 0)
(2.05516 -0.0434846 0)
(2.05517 -0.0417314 0)
(2.05548 -0.0407241 0)
(1.98473 0.142132 0)
(1.98826 0.138241 0)
(1.99186 0.134307 0)
(1.99581 0.131586 0)
(2.00008 0.129098 0)
(2.00429 0.125322 0)
(2.00757 0.121733 0)
(2.0105 0.118655 0)
(2.01358 0.115406 0)
(2.01662 0.112168 0)
(2.01991 0.108618 0)
(2.02312 0.106086 0)
(2.02598 0.104246 0)
(2.0295 0.100382 0)
(2.03223 0.0969823 0)
(2.03416 0.0951647 0)
(2.03658 0.0915784 0)
(2.03802 0.0882588 0)
(2.03841 0.0858135 0)
(2.0392 0.0818735 0)
(2.04012 0.0772733 0)
(2.03908 0.0741452 0)
(2.03783 0.0706329 0)
(2.03824 0.0664485 0)
(2.03812 0.0639628 0)
(2.03754 0.0632835 0)
(2.03868 0.0609425 0)
(2.03918 0.0586674 0)
(2.03954 0.058085 0)
(2.0413 0.0561142 0)
(2.04362 0.0534921 0)
(2.04605 0.0523362 0)
(2.04844 0.052314 0)
(2.05133 0.0506868 0)
(2.05408 0.0485064 0)
(2.05642 0.047795 0)
(2.05904 0.046487 0)
(2.06079 0.0457077 0)
(2.06354 0.0439495 0)
(2.0665 0.0417374 0)
(2.0689 0.040335 0)
(2.07048 0.0377792 0)
(2.07064 0.0368278 0)
(2.06921 0.0374213 0)
(2.06447 0.0403783 0)
(2.05366 0.0458946 0)
(2.02995 0.0579429 0)
(1.99603 0.0735733 0)
(1.97423 0.0843461 0)
(1.96095 0.0861864 0)
(1.95765 0.0849829 0)
(1.957 0.0835224 0)
(1.9593 0.079263 0)
(1.96335 0.0733435 0)
(1.96781 0.0720347 0)
(1.97432 0.0674289 0)
(1.97957 0.059846 0)
(1.98258 0.0583954 0)
(1.98423 0.0581386 0)
(1.98773 0.0528983 0)
(1.98993 0.047333 0)
(1.99239 0.0469588 0)
(1.99549 0.044576 0)
(1.99885 0.0386407 0)
(2.00135 0.0366935 0)
(2.00404 0.0351586 0)
(2.00714 0.0295584 0)
(2.00917 0.0264834 0)
(2.01132 0.025339 0)
(2.015 0.0193087 0)
(2.01738 0.0117565 0)
(2.01931 0.00960036 0)
(2.02182 0.00771581 0)
(2.02564 0.00102735 0)
(2.02769 -0.00491717 0)
(2.02982 -0.00588088 0)
(2.0322 -0.00767493 0)
(2.03594 -0.014602 0)
(2.03772 -0.020796 0)
(2.0396 -0.0220803 0)
(2.04189 -0.0239521 0)
(2.04518 -0.0301904 0)
(2.04687 -0.0356353 0)
(2.04881 -0.036372 0)
(2.05079 -0.037139 0)
(2.05392 -0.0421665 0)
(2.05578 -0.0475029 0)
(2.05759 -0.0489523 0)
(2.05936 -0.0494694 0)
(2.06233 -0.0537212 0)
(2.06439 -0.0586599 0)
(2.06654 -0.0599197 0)
(2.06881 -0.0598175 0)
(2.07211 -0.0619459 0)
(2.0751 -0.0656798 0)
(2.07713 -0.0676548 0)
(2.07964 -0.0672071 0)
(2.08208 -0.0684691 0)
(2.08467 -0.0729571 0)
(2.08594 -0.076178 0)
(2.08735 -0.0763052 0)
(2.08821 -0.0771839 0)
(2.0902 -0.0802809 0)
(2.09129 -0.0821152 0)
(2.09251 -0.0823336 0)
(2.09343 -0.0827072 0)
(2.0939 -0.0832491 0)
(2.09407 -0.0836432 0)
(2.09419 -0.0837486 0)
(2.09364 -0.083385 0)
(2.09294 -0.083065 0)
(2.09118 -0.0818882 0)
(2.08857 -0.0800215 0)
(2.08493 -0.0779849 0)
(2.07894 -0.0712963 0)
(2.0739 -0.0641577 0)
(2.06987 -0.0626693 0)
(2.06743 -0.0596078 0)
(2.06414 -0.0542122 0)
(2.06288 -0.0519175 0)
(2.06052 -0.0505915 0)
(2.05957 -0.0504177 0)
(2.05908 -0.0499312 0)
(2.05842 -0.048919 0)
(2.05804 -0.0483654 0)
(2.05747 -0.047737 0)
(2.0571 -0.0468948 0)
(2.05683 -0.0456143 0)
(2.05685 -0.0445471 0)
(2.05706 -0.0436828 0)
(2.0571 -0.0424 0)
(2.05709 -0.0412317 0)
(1.97945 0.15109 0)
(1.98316 0.148853 0)
(1.98723 0.14586 0)
(1.99105 0.14428 0)
(1.99464 0.142926 0)
(1.99837 0.139947 0)
(2.00155 0.136334 0)
(2.00455 0.13317 0)
(2.00809 0.130208 0)
(2.0119 0.127541 0)
(2.01558 0.125006 0)
(2.0185 0.122906 0)
(2.02101 0.120998 0)
(2.0245 0.117494 0)
(2.02732 0.114171 0)
(2.02892 0.112246 0)
(2.03115 0.1088 0)
(2.03283 0.105143 0)
(2.03295 0.102681 0)
(2.03315 0.0992468 0)
(2.034 0.0952512 0)
(2.03315 0.0925365 0)
(2.03255 0.0893757 0)
(2.03338 0.0849815 0)
(2.03304 0.0826142 0)
(2.03301 0.0814861 0)
(2.03464 0.0786153 0)
(2.03552 0.075586 0)
(2.03629 0.0741403 0)
(2.03838 0.0718421 0)
(2.04105 0.0687848 0)
(2.04364 0.0675251 0)
(2.04649 0.0668419 0)
(2.04947 0.064876 0)
(2.05242 0.0614238 0)
(2.05453 0.0592302 0)
(2.05655 0.0587497 0)
(2.05867 0.0574762 0)
(2.06096 0.0560104 0)
(2.06373 0.0540537 0)
(2.06618 0.0532905 0)
(2.06806 0.0517667 0)
(2.06975 0.0492009 0)
(2.07005 0.0483305 0)
(2.06919 0.0483572 0)
(2.06325 0.0522257 0)
(2.05 0.0578069 0)
(2.02374 0.0672467 0)
(1.98997 0.0843961 0)
(1.96838 0.0942732 0)
(1.95437 0.0945239 0)
(1.95226 0.0935185 0)
(1.95189 0.0906091 0)
(1.95439 0.08539 0)
(1.95824 0.083395 0)
(1.96545 0.0773305 0)
(1.97305 0.0665938 0)
(1.97675 0.0633537 0)
(1.97899 0.0627879 0)
(1.98296 0.0567321 0)
(1.98525 0.0499025 0)
(1.9876 0.0492848 0)
(1.99017 0.0473088 0)
(1.99275 0.0407967 0)
(1.99434 0.038562 0)
(1.99631 0.037945 0)
(2.00002 0.0320219 0)
(2.00245 0.0270876 0)
(2.00445 0.0256314 0)
(2.00815 0.0202337 0)
(2.01144 0.0121647 0)
(2.0136 0.00903137 0)
(2.01614 0.00744068 0)
(2.01979 0.00160794 0)
(2.02198 -0.00437691 0)
(2.02408 -0.00557526 0)
(2.02629 -0.00685807 0)
(2.03011 -0.0132131 0)
(2.03218 -0.0195919 0)
(2.03407 -0.021238 0)
(2.03641 -0.0230537 0)
(2.0398 -0.0288193 0)
(2.04173 -0.0340704 0)
(2.04389 -0.0348566 0)
(2.04603 -0.0352104 0)
(2.04925 -0.0397332 0)
(2.0512 -0.0446908 0)
(2.05317 -0.0458871 0)
(2.05503 -0.0462719 0)
(2.05837 -0.0499253 0)
(2.06087 -0.0544402 0)
(2.06317 -0.0556663 0)
(2.0657 -0.0554171 0)
(2.0691 -0.0576685 0)
(2.07206 -0.062036 0)
(2.07394 -0.0644247 0)
(2.07622 -0.0640906 0)
(2.07854 -0.0655342 0)
(2.08102 -0.0703303 0)
(2.08224 -0.0737274 0)
(2.08383 -0.0737583 0)
(2.08502 -0.0742748 0)
(2.08754 -0.0777291 0)
(2.08897 -0.0801619 0)
(2.09045 -0.0803139 0)
(2.0917 -0.0811667 0)
(2.09297 -0.0824983 0)
(2.09355 -0.0835964 0)
(2.09399 -0.084156 0)
(2.09389 -0.0841862 0)
(2.09331 -0.0838692 0)
(2.09282 -0.0835572 0)
(2.09159 -0.0823632 0)
(2.08969 -0.0809537 0)
(2.0862 -0.076995 0)
(2.08188 -0.0699078 0)
(2.07798 -0.0673402 0)
(2.07413 -0.063865 0)
(2.06872 -0.0561441 0)
(2.06591 -0.0529278 0)
(2.06372 -0.0524842 0)
(2.06187 -0.0516595 0)
(2.06103 -0.0510448 0)
(2.06007 -0.049414 0)
(2.05955 -0.0485657 0)
(2.059 -0.0478891 0)
(2.05867 -0.0468523 0)
(2.05855 -0.0455251 0)
(2.0586 -0.0444303 0)
(2.05863 -0.0436143 0)
(2.05866 -0.0429136 0)
(2.0582 -0.0418388 0)
(1.97719 0.149572 0)
(1.98113 0.148919 0)
(1.98475 0.148617 0)
(1.9878 0.147155 0)
(1.99059 0.144814 0)
(1.99392 0.142053 0)
(1.99748 0.139689 0)
(2.00105 0.137417 0)
(2.00448 0.1348 0)
(2.00801 0.133597 0)
(2.0111 0.132407 0)
(2.01432 0.129828 0)
(2.01709 0.12756 0)
(2.02 0.124821 0)
(2.02237 0.122351 0)
(2.02374 0.12053 0)
(2.02586 0.117361 0)
(2.02743 0.114261 0)
(2.02781 0.112534 0)
(2.02812 0.110076 0)
(2.02874 0.107408 0)
(2.0285 0.105134 0)
(2.02759 0.103008 0)
(2.02845 0.0990799 0)
(2.02827 0.0958555 0)
(2.02774 0.0937906 0)
(2.02933 0.0909914 0)
(2.03082 0.0876972 0)
(2.0319 0.0859829 0)
(2.03463 0.0837824 0)
(2.03798 0.0809129 0)
(2.04104 0.0791779 0)
(2.04404 0.0783011 0)
(2.04681 0.0766998 0)
(2.04953 0.0737516 0)
(2.05186 0.0711436 0)
(2.05413 0.0697415 0)
(2.05672 0.0678029 0)
(2.05919 0.0654674 0)
(2.0614 0.0637823 0)
(2.06325 0.0633012 0)
(2.06521 0.0616028 0)
(2.06843 0.0577266 0)
(2.06959 0.0539205 0)
(2.06796 0.0534225 0)
(2.06608 0.0541495 0)
(2.05906 0.0592785 0)
(2.04431 0.0647427 0)
(2.01394 0.079968 0)
(1.98124 0.0946786 0)
(1.9583 0.101991 0)
(1.94967 0.102108 0)
(1.94785 0.0996408 0)
(1.94812 0.0947589 0)
(1.9507 0.0900173 0)
(1.95655 0.082993 0)
(1.96254 0.0740304 0)
(1.96618 0.0718438 0)
(1.96909 0.0695139 0)
(1.97491 0.0607117 0)
(1.97769 0.0524739 0)
(1.9802 0.0517451 0)
(1.98306 0.0504702 0)
(1.98595 0.0441925 0)
(1.98719 0.0415601 0)
(1.98854 0.040783 0)
(1.99292 0.0341165 0)
(1.99602 0.0276984 0)
(1.99818 0.0257998 0)
(2.00192 0.0206147 0)
(2.00552 0.012539 0)
(2.0078 0.00923154 0)
(2.01035 0.00791908 0)
(2.01395 0.00264771 0)
(2.01612 -0.0030713 0)
(2.01802 -0.00425952 0)
(2.02 -0.00525479 0)
(2.02376 -0.0111621 0)
(2.02615 -0.0174051 0)
(2.02828 -0.0190602 0)
(2.03077 -0.0207214 0)
(2.03455 -0.0260193 0)
(2.03683 -0.0310115 0)
(2.03924 -0.031873 0)
(2.0416 -0.0320903 0)
(2.04499 -0.0362107 0)
(2.04713 -0.0410922 0)
(2.04929 -0.0421994 0)
(2.0514 -0.0422911 0)
(2.05489 -0.0454971 0)
(2.05756 -0.0499439 0)
(2.05981 -0.0513627 0)
(2.06234 -0.0510562 0)
(2.06555 -0.0534542 0)
(2.06848 -0.0583756 0)
(2.07021 -0.0611813 0)
(2.07234 -0.0609502 0)
(2.07454 -0.0623584 0)
(2.07716 -0.0672456 0)
(2.07849 -0.0709474 0)
(2.0803 -0.0712004 0)
(2.08181 -0.0715707 0)
(2.08476 -0.0751254 0)
(2.0865 -0.0788432 0)
(2.08838 -0.0793754 0)
(2.08997 -0.0797063 0)
(2.09188 -0.0818339 0)
(2.0927 -0.0838787 0)
(2.09331 -0.0844469 0)
(2.09351 -0.084041 0)
(2.09327 -0.0835273 0)
(2.09315 -0.0833989 0)
(2.09293 -0.0830698 0)
(2.09239 -0.0823324 0)
(2.09101 -0.0804082 0)
(2.08846 -0.0757552 0)
(2.08568 -0.0729543 0)
(2.08165 -0.0698575 0)
(2.07518 -0.061476 0)
(2.07119 -0.0567241 0)
(2.06864 -0.0563784 0)
(2.06581 -0.0540863 0)
(2.06322 -0.0512703 0)
(2.06215 -0.0490638 0)
(2.06125 -0.0482853 0)
(2.06059 -0.0476104 0)
(2.06026 -0.0462806 0)
(2.06021 -0.0450762 0)
(2.06021 -0.044777 0)
(2.05986 -0.0439527 0)
(2.05933 -0.0435262 0)
(2.05824 -0.0443912 0)
(1.97276 0.149308 0)
(1.97665 0.146937 0)
(1.98195 0.143749 0)
(1.98583 0.139819 0)
(1.98894 0.137336 0)
(1.99232 0.136055 0)
(1.99598 0.136443 0)
(1.99911 0.137381 0)
(2.00117 0.136861 0)
(2.00354 0.134124 0)
(2.00772 0.131379 0)
(2.01097 0.127469 0)
(2.01371 0.125199 0)
(2.0168 0.122991 0)
(2.01939 0.120909 0)
(2.02104 0.119065 0)
(2.02277 0.116211 0)
(2.02412 0.113347 0)
(2.02488 0.111962 0)
(2.02519 0.11085 0)
(2.02527 0.108959 0)
(2.0244 0.106929 0)
(2.02354 0.104114 0)
(2.02419 0.100388 0)
(2.02412 0.0966492 0)
(2.02332 0.094001 0)
(2.02497 0.0911311 0)
(2.02729 0.0885332 0)
(2.02903 0.0871388 0)
(2.03185 0.0852423 0)
(2.03539 0.0821513 0)
(2.03855 0.0802098 0)
(2.04149 0.0796382 0)
(2.04423 0.0783968 0)
(2.04678 0.0758068 0)
(2.04891 0.0733845 0)
(2.05098 0.0712985 0)
(2.05342 0.068745 0)
(2.05595 0.067593 0)
(2.05857 0.0668215 0)
(2.06037 0.0654506 0)
(2.06274 0.0628326 0)
(2.06504 0.0594844 0)
(2.06693 0.0555128 0)
(2.06663 0.0518801 0)
(2.06476 0.0526682 0)
(2.06294 0.0541028 0)
(2.05638 0.0588507 0)
(2.03884 0.0679576 0)
(2.00754 0.0817726 0)
(1.97605 0.099429 0)
(1.95566 0.107877 0)
(1.9435 0.107297 0)
(1.94221 0.103689 0)
(1.94248 0.097929 0)
(1.9462 0.0899036 0)
(1.95233 0.0804067 0)
(1.9576 0.0772583 0)
(1.96114 0.0751383 0)
(1.96682 0.0654432 0)
(1.96947 0.0559487 0)
(1.97177 0.0548066 0)
(1.97465 0.0542036 0)
(1.97799 0.0483235 0)
(1.9793 0.0449957 0)
(1.98063 0.043161 0)
(1.98574 0.0356929 0)
(1.98942 0.0280949 0)
(1.99183 0.0257574 0)
(1.9956 0.0208969 0)
(1.9995 0.0130615 0)
(2.00207 0.00975037 0)
(2.00469 0.0087509 0)
(2.00852 0.00387113 0)
(2.01101 -0.00180928 0)
(2.01296 -0.00318177 0)
(2.01504 -0.00435765 0)
(2.01878 -0.0100357 0)
(2.02128 -0.0158006 0)
(2.0236 -0.0171579 0)
(2.02614 -0.0182995 0)
(2.02998 -0.0227359 0)
(2.03243 -0.0271553 0)
(2.03493 -0.0279507 0)
(2.03739 -0.0280147 0)
(2.04087 -0.031725 0)
(2.04323 -0.0365917 0)
(2.04546 -0.0378625 0)
(2.04782 -0.0377911 0)
(2.05128 -0.0408093 0)
(2.05404 -0.0455646 0)
(2.05613 -0.0474756 0)
(2.05863 -0.0471953 0)
(2.06152 -0.0493636 0)
(2.06432 -0.0544709 0)
(2.06591 -0.0575553 0)
(2.06797 -0.0574044 0)
(2.0701 -0.0586555 0)
(2.07298 -0.0635024 0)
(2.07449 -0.0673125 0)
(2.07647 -0.0676536 0)
(2.07833 -0.0682149 0)
(2.08163 -0.0719269 0)
(2.08355 -0.0760271 0)
(2.08553 -0.0770753 0)
(2.08745 -0.0770081 0)
(2.08955 -0.0792496 0)
(2.09103 -0.0824804 0)
(2.09188 -0.0840992 0)
(2.0926 -0.0839334 0)
(2.09308 -0.0833908 0)
(2.09331 -0.083165 0)
(2.09347 -0.0830589 0)
(2.09369 -0.0827654 0)
(2.09367 -0.0818797 0)
(2.09265 -0.0794564 0)
(2.09126 -0.0773525 0)
(2.08825 -0.0746809 0)
(2.08285 -0.0680864 0)
(2.07865 -0.0634195 0)
(2.07542 -0.0622121 0)
(2.07054 -0.0578069 0)
(2.06706 -0.0527404 0)
(2.06526 -0.0506872 0)
(2.06384 -0.0490365 0)
(2.06291 -0.0481457 0)
(2.06221 -0.0474064 0)
(2.06149 -0.0473629 0)
(2.06015 -0.0488279 0)
(2.05757 -0.0523777 0)
(2.05388 -0.0586249 0)
(2.04908 -0.0682925 0)
(1.97211 0.131551 0)
(1.97527 0.131303 0)
(1.9782 0.131876 0)
(1.98155 0.132849 0)
(1.98453 0.133319 0)
(1.98741 0.132261 0)
(1.99143 0.130379 0)
(1.99599 0.12736 0)
(2.0001 0.123565 0)
(2.00278 0.121093 0)
(2.00528 0.121676 0)
(2.00774 0.123084 0)
(2.01021 0.123003 0)
(2.01254 0.12173 0)
(2.01508 0.119527 0)
(2.01704 0.117132 0)
(2.01821 0.114722 0)
(2.01921 0.112116 0)
(2.01981 0.108938 0)
(2.01963 0.104875 0)
(2.02111 0.101634 0)
(2.0213 0.0979904 0)
(2.02101 0.0945892 0)
(2.0222 0.0909724 0)
(2.02209 0.0882147 0)
(2.02212 0.0855528 0)
(2.02322 0.0834549 0)
(2.02571 0.0842763 0)
(2.02776 0.0869728 0)
(2.02939 0.0877083 0)
(2.03193 0.0849754 0)
(2.03461 0.0832457 0)
(2.03746 0.082985 0)
(2.04037 0.0817166 0)
(2.0432 0.0790876 0)
(2.04533 0.0769199 0)
(2.04716 0.0749014 0)
(2.0483 0.0718326 0)
(2.05081 0.0683828 0)
(2.05466 0.0650205 0)
(2.0575 0.0601586 0)
(2.05962 0.0568651 0)
(2.06235 0.0535022 0)
(2.06465 0.0503633 0)
(2.06607 0.0474692 0)
(2.06706 0.0453375 0)
(2.06613 0.0458085 0)
(2.06396 0.0480618 0)
(2.05537 0.056534 0)
(2.03865 0.0633444 0)
(2.00391 0.0876667 0)
(1.97049 0.120785 0)
(1.94684 0.119723 0)
(1.93462 0.109342 0)
(1.93372 0.103755 0)
(1.9343 0.100941 0)
(1.93833 0.0963909 0)
(1.944 0.0914254 0)
(1.9501 0.0843887 0)
(1.95689 0.0718562 0)
(1.9603 0.0602409 0)
(1.96316 0.0575061 0)
(1.96672 0.057608 0)
(1.97026 0.0530898 0)
(1.97185 0.0488461 0)
(1.97334 0.0451947 0)
(1.97869 0.036517 0)
(1.98272 0.0280751 0)
(1.9857 0.0251543 0)
(1.98995 0.0205057 0)
(1.99383 0.0136541 0)
(1.99636 0.0112555 0)
(1.99855 0.0109216 0)
(2.0021 0.00656774 0)
(2.0047 0.00131201 0)
(2.00686 0.00014905 0)
(2.0091 -0.00102401 0)
(2.01325 -0.00657119 0)
(2.01618 -0.0120907 0)
(2.01877 -0.0134872 0)
(2.02161 -0.0148237 0)
(2.02564 -0.0188718 0)
(2.02836 -0.022967 0)
(2.03093 -0.0239197 0)
(2.03352 -0.0239684 0)
(2.03694 -0.0273093 0)
(2.03957 -0.0323902 0)
(2.04173 -0.0342324 0)
(2.04423 -0.0342405 0)
(2.04755 -0.0370061 0)
(2.0505 -0.042018 0)
(2.05241 -0.0445452 0)
(2.0549 -0.044496 0)
(2.05773 -0.0463615 0)
(2.06054 -0.0513116 0)
(2.06203 -0.0546923 0)
(2.06408 -0.0547255 0)
(2.06615 -0.0554853 0)
(2.06907 -0.0598839 0)
(2.07065 -0.0637379 0)
(2.07271 -0.064187 0)
(2.07473 -0.0644635 0)
(2.07804 -0.0679647 0)
(2.08008 -0.0723011 0)
(2.08198 -0.0734422 0)
(2.08402 -0.0735075 0)
(2.08684 -0.0765563 0)
(2.08853 -0.0803497 0)
(2.08981 -0.0817604 0)
(2.09105 -0.0816788 0)
(2.09179 -0.0817139 0)
(2.09282 -0.0818755 0)
(2.09366 -0.0821531 0)
(2.09427 -0.0821453 0)
(2.09476 -0.0817604 0)
(2.09443 -0.0807267 0)
(2.09408 -0.0794968 0)
(2.09271 -0.0777888 0)
(2.08985 -0.0745111 0)
(2.08654 -0.0714474 0)
(2.08212 -0.0680912 0)
(2.07656 -0.0638108 0)
(2.07188 -0.0587727 0)
(2.06849 -0.0568629 0)
(2.06578 -0.0554319 0)
(2.06332 -0.0557743 0)
(2.05983 -0.0592133 0)
(2.05469 -0.0664384 0)
(2.0487 -0.0770651 0)
(2.04101 -0.0913403 0)
(2.03306 -0.107497 0)
(2.02787 -0.121277 0)
(1.97246 0.0986223 0)
(1.97521 0.100113 0)
(1.97869 0.100482 0)
(1.98167 0.102209 0)
(1.98497 0.102843 0)
(1.98837 0.102516 0)
(1.9911 0.103317 0)
(1.99341 0.104322 0)
(1.99602 0.106058 0)
(1.99855 0.106151 0)
(2.00142 0.10533 0)
(2.0049 0.103553 0)
(2.00813 0.102271 0)
(2.01082 0.101231 0)
(2.01297 0.099956 0)
(2.01459 0.098472 0)
(2.01538 0.0966624 0)
(2.0161 0.0950805 0)
(2.01551 0.0935586 0)
(2.01447 0.091766 0)
(2.01449 0.0905571 0)
(2.01423 0.0898454 0)
(2.01407 0.0889085 0)
(2.01483 0.0874829 0)
(2.01506 0.086435 0)
(2.01581 0.0843517 0)
(2.01814 0.0808437 0)
(2.02023 0.0775596 0)
(2.0231 0.0752683 0)
(2.02777 0.0714605 0)
(2.03157 0.0671796 0)
(2.0347 0.0648529 0)
(2.03777 0.0642512 0)
(2.0406 0.0629002 0)
(2.04411 0.0600315 0)
(2.04692 0.0573725 0)
(2.04925 0.0557068 0)
(2.05086 0.053776 0)
(2.05177 0.052291 0)
(2.05265 0.0538651 0)
(2.05339 0.0570296 0)
(2.05428 0.057972 0)
(2.0558 0.0562297 0)
(2.05756 0.0542138 0)
(2.05948 0.0531131 0)
(2.06176 0.0506788 0)
(2.06204 0.0460486 0)
(2.06335 0.041523 0)
(2.06278 0.0414213 0)
(2.05695 0.0441295 0)
(2.03863 0.0542691 0)
(2.00542 0.0817124 0)
(1.97602 0.0950114 0)
(1.94358 0.10389 0)
(1.93638 0.105189 0)
(1.93141 0.10818 0)
(1.92816 0.107969 0)
(1.92925 0.102337 0)
(1.93373 0.0930649 0)
(1.94126 0.0806488 0)
(1.94786 0.0699874 0)
(1.95284 0.0652012 0)
(1.95767 0.0636377 0)
(1.96174 0.0592301 0)
(1.96435 0.0528069 0)
(1.96661 0.0466383 0)
(1.9716 0.0378821 0)
(1.97594 0.0300467 0)
(1.97951 0.0271428 0)
(1.98401 0.0229286 0)
(1.98796 0.0165797 0)
(1.99044 0.0144546 0)
(1.9926 0.013818 0)
(1.99672 0.00888788 0)
(1.99979 0.00331049 0)
(2.00228 0.00216321 0)
(2.00495 0.000461178 0)
(2.00933 -0.00520064 0)
(2.01218 -0.00959922 0)
(2.01476 -0.0103556 0)
(2.01779 -0.0119195 0)
(2.02163 -0.0156082 0)
(2.0245 -0.0189426 0)
(2.02703 -0.0200826 0)
(2.0296 -0.0205297 0)
(2.03273 -0.0233188 0)
(2.03556 -0.0282012 0)
(2.03759 -0.030882 0)
(2.04014 -0.0311096 0)
(2.043 -0.0329179 0)
(2.04615 -0.0376259 0)
(2.04805 -0.0408886 0)
(2.05056 -0.0411518 0)
(2.05319 -0.0423144 0)
(2.05626 -0.0469525 0)
(2.0579 -0.0509753 0)
(2.06 -0.0515669 0)
(2.0622 -0.0521227 0)
(2.06533 -0.0560939 0)
(2.06716 -0.060265 0)
(2.06924 -0.0611396 0)
(2.07149 -0.0612738 0)
(2.07472 -0.0643895 0)
(2.0769 -0.0687932 0)
(2.07868 -0.0703918 0)
(2.08081 -0.0701758 0)
(2.08334 -0.0724566 0)
(2.08543 -0.0767413 0)
(2.08701 -0.0786027 0)
(2.0888 -0.0783118 0)
(2.09042 -0.0792315 0)
(2.09239 -0.0808744 0)
(2.09357 -0.0816391 0)
(2.09474 -0.0814331 0)
(2.09521 -0.0809601 0)
(2.09524 -0.0804259 0)
(2.09491 -0.0798905 0)
(2.09453 -0.079695 0)
(2.09334 -0.0790714 0)
(2.09099 -0.0784985 0)
(2.0868 -0.0768422 0)
(2.0808 -0.0746301 0)
(2.07257 -0.0744469 0)
(2.06584 -0.0758113 0)
(2.05781 -0.0825565 0)
(2.04908 -0.0925257 0)
(2.04118 -0.103127 0)
(2.02891 -0.122028 0)
(2.02096 -0.135981 0)
(2.01444 -0.1485 0)
(2.00519 -0.1686 0)
(2.00407 -0.173008 0)
(1.9765 0.04782 0)
(1.97903 0.0490309 0)
(1.98175 0.050161 0)
(1.98382 0.0526668 0)
(1.98653 0.055415 0)
(1.98901 0.0570166 0)
(1.99196 0.0577754 0)
(1.99457 0.0589929 0)
(1.99751 0.0603665 0)
(2.00007 0.0611813 0)
(2.00277 0.0619417 0)
(2.00429 0.0625361 0)
(2.00705 0.0632192 0)
(2.00949 0.0636435 0)
(2.01091 0.0632441 0)
(2.01205 0.0627324 0)
(2.0128 0.0620342 0)
(2.01295 0.0609951 0)
(2.01283 0.0600548 0)
(2.01237 0.0587576 0)
(2.01188 0.0571694 0)
(2.01183 0.0559205 0)
(2.01185 0.0542339 0)
(2.01304 0.0519314 0)
(2.01388 0.0503243 0)
(2.01501 0.0489461 0)
(2.01635 0.0477273 0)
(2.01821 0.0475004 0)
(2.02037 0.0483678 0)
(2.02302 0.0476223 0)
(2.02587 0.0453405 0)
(2.02864 0.044334 0)
(2.03151 0.0449827 0)
(2.03406 0.0445527 0)
(2.03681 0.0427225 0)
(2.0393 0.0417162 0)
(2.04165 0.0417617 0)
(2.04355 0.0409953 0)
(2.04554 0.0386875 0)
(2.04768 0.0353403 0)
(2.04987 0.0324796 0)
(2.05217 0.0296842 0)
(2.05412 0.0269571 0)
(2.05599 0.0248381 0)
(2.05862 0.0227894 0)
(2.06164 0.0201507 0)
(2.06343 0.0182619 0)
(2.06431 0.0174509 0)
(2.06442 0.0200807 0)
(2.0631 0.0223342 0)
(2.05659 0.0266164 0)
(2.03423 0.0486662 0)
(2.00512 0.0676239 0)
(1.97033 0.0841196 0)
(1.94061 0.107727 0)
(1.9198 0.110061 0)
(1.91722 0.108681 0)
(1.91786 0.102566 0)
(1.92188 0.0931764 0)
(1.92939 0.084083 0)
(1.9368 0.0764976 0)
(1.94179 0.0723897 0)
(1.9455 0.0692184 0)
(1.94961 0.0637 0)
(1.95454 0.0561049 0)
(1.95903 0.0493006 0)
(1.96426 0.0418357 0)
(1.96907 0.0349004 0)
(1.9732 0.0310585 0)
(1.97779 0.0267205 0)
(1.98169 0.0210776 0)
(1.98436 0.0188191 0)
(1.98688 0.0180871 0)
(1.99103 0.0134091 0)
(1.9944 0.00780425 0)
(1.99696 0.00644823 0)
(1.99999 0.00421854 0)
(2.0047 -0.00159095 0)
(2.00758 -0.00547562 0)
(2.01021 -0.00588968 0)
(2.01381 -0.00828082 0)
(2.01754 -0.0124549 0)
(2.02033 -0.0147077 0)
(2.02286 -0.0160739 0)
(2.02559 -0.0181215 0)
(2.02856 -0.0207663 0)
(2.0316 -0.0248421 0)
(2.0339 -0.0284283 0)
(2.03633 -0.0295055 0)
(2.03921 -0.0306649 0)
(2.04258 -0.0345622 0)
(2.04462 -0.0383937 0)
(2.0469 -0.039214 0)
(2.04944 -0.0395902 0)
(2.05236 -0.0431611 0)
(2.05412 -0.0473746 0)
(2.05609 -0.0484743 0)
(2.05833 -0.0485894 0)
(2.06136 -0.0516519 0)
(2.06357 -0.0559114 0)
(2.06558 -0.0572543 0)
(2.06804 -0.0572062 0)
(2.07112 -0.0597731 0)
(2.07351 -0.0642286 0)
(2.07517 -0.0662342 0)
(2.07731 -0.0660466 0)
(2.07987 -0.0680176 0)
(2.08229 -0.0723705 0)
(2.08394 -0.0744982 0)
(2.08616 -0.0742391 0)
(2.08834 -0.0750486 0)
(2.09103 -0.0776539 0)
(2.09258 -0.0795273 0)
(2.09405 -0.0794808 0)
(2.09504 -0.0794165 0)
(2.09465 -0.080652 0)
(2.09436 -0.0818139 0)
(2.0935 -0.0835185 0)
(2.0917 -0.0860522 0)
(2.08792 -0.0909268 0)
(2.08223 -0.0976662 0)
(2.07477 -0.105628 0)
(2.06452 -0.1193 0)
(2.05393 -0.130922 0)
(2.04181 -0.141966 0)
(2.02592 -0.162144 0)
(2.01683 -0.168576 0)
(2.00594 -0.181777 0)
(2.00089 -0.185775 0)
(1.99892 -0.189505 0)
(1.99224 -0.20159 0)
(1.98913 -0.208978 0)
(1.97696 0.0176996 0)
(1.9801 0.0166593 0)
(1.98238 0.0152476 0)
(1.98529 0.0155421 0)
(1.98804 0.0164588 0)
(1.99083 0.0156237 0)
(1.99271 0.0145763 0)
(1.99508 0.0148418 0)
(1.99762 0.0158284 0)
(2.00039 0.0161293 0)
(2.00302 0.0158343 0)
(2.00514 0.0151454 0)
(2.00727 0.0147268 0)
(2.00921 0.0148123 0)
(2.01071 0.0145186 0)
(2.01108 0.0140953 0)
(2.01175 0.01342 0)
(2.01153 0.0118862 0)
(2.01106 0.0105258 0)
(2.01094 0.00995129 0)
(2.01032 0.00844168 0)
(2.01002 0.00761405 0)
(2.00984 0.00679037 0)
(2.01017 0.00482038 0)
(2.01054 0.00431796 0)
(2.01191 0.00339382 0)
(2.01392 0.00107698 0)
(2.01628 0.000105415 0)
(2.01901 0.000676712 0)
(2.02207 -0.000627781 0)
(2.02492 -0.00370884 0)
(2.02749 -0.0047667 0)
(2.03024 -0.00394576 0)
(2.03273 -0.00454286 0)
(2.03567 -0.00680489 0)
(2.03785 -0.00828801 0)
(2.04033 -0.00806039 0)
(2.04219 -0.00818525 0)
(2.04425 -0.00934767 0)
(2.04586 -0.010399 0)
(2.04771 -0.0105706 0)
(2.04904 -0.0102093 0)
(2.05018 -0.0103917 0)
(2.05132 -0.0109382 0)
(2.05314 -0.0112108 0)
(2.05519 -0.0115283 0)
(2.0578 -0.0132725 0)
(2.06036 -0.0161346 0)
(2.06272 -0.0186268 0)
(2.06525 -0.0202252 0)
(2.06464 -0.0193347 0)
(2.05886 -0.0138905 0)
(2.04269 0.00235422 0)
(2.01342 0.0231076 0)
(1.96754 0.0608914 0)
(1.92942 0.0925068 0)
(1.91203 0.0954265 0)
(1.90976 0.091257 0)
(1.91315 0.0892291 0)
(1.92011 0.0850523 0)
(1.9265 0.0796682 0)
(1.93041 0.0752743 0)
(1.93467 0.0689784 0)
(1.94082 0.061354 0)
(1.94742 0.0544934 0)
(1.95343 0.049031 0)
(1.95873 0.0440009 0)
(1.96313 0.0391331 0)
(1.96671 0.0354082 0)
(1.97053 0.0314396 0)
(1.97427 0.0265687 0)
(1.97745 0.024115 0)
(1.98074 0.0230408 0)
(1.98528 0.0185341 0)
(1.98919 0.0127415 0)
(1.99196 0.0104342 0)
(1.99552 0.00742696 0)
(2.00026 0.00172765 0)
(2.00338 -0.00180076 0)
(2.00625 -0.00205244 0)
(2.00992 -0.00456945 0)
(2.01343 -0.00945202 0)
(2.0158 -0.0110488 0)
(2.01779 -0.0118008 0)
(2.02139 -0.0158782 0)
(2.0244 -0.0191878 0)
(2.02705 -0.020994 0)
(2.02985 -0.024174 0)
(2.03245 -0.026725 0)
(2.03535 -0.0276743 0)
(2.03841 -0.0300356 0)
(2.04094 -0.0342388 0)
(2.04294 -0.0362587 0)
(2.0454 -0.036502 0)
(2.04817 -0.0389678 0)
(2.05057 -0.0435035 0)
(2.05243 -0.0455812 0)
(2.0549 -0.045686 0)
(2.05778 -0.047695 0)
(2.06049 -0.0517957 0)
(2.06236 -0.0538313 0)
(2.06492 -0.0537528 0)
(2.0678 -0.055488 0)
(2.0704 -0.0597559 0)
(2.07198 -0.0622654 0)
(2.07418 -0.0622019 0)
(2.07647 -0.0632951 0)
(2.07931 -0.0672967 0)
(2.08102 -0.069951 0)
(2.08324 -0.0700709 0)
(2.08543 -0.0708317 0)
(2.08861 -0.0741375 0)
(2.08965 -0.0766261 0)
(2.09081 -0.0796939 0)
(2.09075 -0.083605 0)
(2.08955 -0.0893571 0)
(2.08709 -0.0969829 0)
(2.08241 -0.108019 0)
(2.07766 -0.120171 0)
(2.06964 -0.137765 0)
(2.06073 -0.157111 0)
(2.05535 -0.167794 0)
(2.04488 -0.187139 0)
(2.03572 -0.197696 0)
(2.02486 -0.209199 0)
(2.01821 -0.213194 0)
(2.0144 -0.207537 0)
(2.00988 -0.208645 0)
(2.00494 -0.211543 0)
(2.0012 -0.209126 0)
(1.99888 -0.20711 0)
(1.99502 -0.208809 0)
(1.97505 0.0139546 0)
(1.97832 0.0112196 0)
(1.98109 0.00791625 0)
(1.98387 0.00704798 0)
(1.98661 0.00705463 0)
(1.98945 0.00548597 0)
(1.99197 0.00321358 0)
(1.99433 0.00154442 0)
(1.99697 0.000254731 0)
(1.99952 -0.000498721 0)
(2.00174 -0.00185316 0)
(2.00383 -0.00426159 0)
(2.00566 -0.00657935 0)
(2.00736 -0.00755111 0)
(2.00911 -0.00830405 0)
(2.00945 -0.0105257 0)
(2.00977 -0.0129696 0)
(2.00944 -0.0153701 0)
(2.00816 -0.0171838 0)
(2.00806 -0.0194852 0)
(2.00791 -0.0220203 0)
(2.00704 -0.0232428 0)
(2.00754 -0.0254213 0)
(2.00778 -0.0283905 0)
(2.00782 -0.0290874 0)
(2.0094 -0.0310611 0)
(2.01154 -0.0346967 0)
(2.01367 -0.0358654 0)
(2.01627 -0.0351093 0)
(2.01951 -0.0365763 0)
(2.02277 -0.0405582 0)
(2.02523 -0.0424314 0)
(2.02781 -0.0418145 0)
(2.03047 -0.0429799 0)
(2.03348 -0.0464567 0)
(2.03551 -0.0483539 0)
(2.03785 -0.0478139 0)
(2.03991 -0.0483832 0)
(2.04265 -0.0510054 0)
(2.04429 -0.0531372 0)
(2.04626 -0.0531591 0)
(2.04765 -0.053752 0)
(2.04946 -0.054609 0)
(2.05068 -0.0560812 0)
(2.05242 -0.0561711 0)
(2.05396 -0.056092 0)
(2.05607 -0.0569195 0)
(2.05805 -0.0582051 0)
(2.06028 -0.0594069 0)
(2.06305 -0.0612427 0)
(2.06557 -0.0618205 0)
(2.0654 -0.0611754 0)
(2.06212 -0.0578022 0)
(2.04936 -0.0442851 0)
(2.02542 -0.0279904 0)
(1.97783 0.0202868 0)
(1.93524 0.0696998 0)
(1.90936 0.0708924 0)
(1.90922 0.06769 0)
(1.91318 0.0656111 0)
(1.91922 0.0651828 0)
(1.92435 0.0643472 0)
(1.93039 0.0598247 0)
(1.93735 0.0532313 0)
(1.94378 0.0481172 0)
(1.94978 0.0455605 0)
(1.95481 0.0434552 0)
(1.9588 0.0397363 0)
(1.96169 0.036429 0)
(1.96474 0.0332995 0)
(1.96836 0.0296111 0)
(1.97184 0.0273183 0)
(1.97514 0.0260746 0)
(1.97943 0.0222925 0)
(1.98355 0.0171397 0)
(1.98668 0.014469 0)
(1.99069 0.0113938 0)
(1.99525 0.00630644 0)
(1.99859 0.00303907 0)
(2.00155 0.00250304 0)
(2.00499 -1.9352e-05 0)
(2.00841 -0.00505037 0)
(2.01077 -0.00743434 0)
(2.01301 -0.00858437 0)
(2.01679 -0.0126193 0)
(2.02004 -0.0166932 0)
(2.02291 -0.0178171 0)
(2.02593 -0.0197396 0)
(2.02912 -0.0234711 0)
(2.03186 -0.0253697 0)
(2.03455 -0.026398 0)
(2.03727 -0.0298876 0)
(2.03929 -0.0333592 0)
(2.04164 -0.0341337 0)
(2.04414 -0.0352399 0)
(2.04703 -0.0391225 0)
(2.04896 -0.0420782 0)
(2.05151 -0.0424001 0)
(2.05421 -0.043272 0)
(2.0573 -0.0468912 0)
(2.0592 -0.0497292 0)
(2.06168 -0.0499372 0)
(2.06432 -0.0508869 0)
(2.06724 -0.0548746 0)
(2.06893 -0.0579609 0)
(2.07103 -0.0583277 0)
(2.07319 -0.0590985 0)
(2.07615 -0.0627096 0)
(2.07794 -0.0659708 0)
(2.07879 -0.0679731 0)
(2.0814 -0.0712706 0)
(2.08153 -0.0767414 0)
(2.08062 -0.0846331 0)
(2.07812 -0.0961835 0)
(2.07379 -0.111539 0)
(2.06918 -0.127203 0)
(2.06595 -0.141172 0)
(2.05423 -0.16829 0)
(2.04775 -0.185637 0)
(2.0446 -0.195746 0)
(2.04019 -0.208269 0)
(2.02976 -0.22819 0)
(2.02588 -0.238436 0)
(2.02439 -0.234457 0)
(2.02281 -0.236088 0)
(2.01926 -0.239435 0)
(2.0149 -0.239335 0)
(2.01089 -0.236701 0)
(2.0074 -0.234001 0)
(2.00398 -0.232692 0)
(2.00119 -0.227965 0)
(1.99918 -0.221707 0)
(1.97281 0.0129002 0)
(1.97608 0.0108121 0)
(1.97838 0.00856551 0)
(1.98033 0.00832514 0)
(1.9828 0.00709954 0)
(1.98642 0.00398701 0)
(1.98927 0.0015693 0)
(1.99189 3.96831e-05 0)
(1.99443 -0.00136382 0)
(1.99679 -0.00236398 0)
(1.99862 -0.00304152 0)
(2.00035 -0.0051067 0)
(2.00263 -0.00834271 0)
(2.00445 -0.0110514 0)
(2.006 -0.0127173 0)
(2.00641 -0.0142256 0)
(2.00616 -0.0166832 0)
(2.00602 -0.0195893 0)
(2.00461 -0.0213801 0)
(2.00462 -0.0244776 0)
(2.00464 -0.0278428 0)
(2.0036 -0.0290249 0)
(2.00423 -0.0315181 0)
(2.00451 -0.0343908 0)
(2.00469 -0.0349605 0)
(2.00621 -0.0367525 0)
(2.00868 -0.0408811 0)
(2.01098 -0.0428284 0)
(2.01356 -0.042446 0)
(2.0169 -0.0443936 0)
(2.02042 -0.0487976 0)
(2.02297 -0.051001 0)
(2.02564 -0.0506495 0)
(2.02859 -0.0522931 0)
(2.03165 -0.0565451 0)
(2.03372 -0.0589576 0)
(2.03598 -0.0586129 0)
(2.03808 -0.0596413 0)
(2.04084 -0.0632901 0)
(2.04229 -0.0660689 0)
(2.04392 -0.0661377 0)
(2.04549 -0.0667076 0)
(2.04808 -0.0697465 0)
(2.0495 -0.0725246 0)
(2.05111 -0.0729349 0)
(2.05274 -0.0731559 0)
(2.05505 -0.075642 0)
(2.05665 -0.0778118 0)
(2.0583 -0.0789907 0)
(2.06068 -0.0808898 0)
(2.06315 -0.081207 0)
(2.06578 -0.0837491 0)
(2.0658 -0.0843011 0)
(2.06391 -0.0833822 0)
(2.05625 -0.0768639 0)
(2.03569 -0.05903 0)
(1.99889 -0.0214007 0)
(1.95523 0.0125252 0)
(1.92733 0.0266225 0)
(1.90866 0.047222 0)
(1.90868 0.060724 0)
(1.91423 0.0613559 0)
(1.92202 0.0580254 0)
(1.92967 0.0516801 0)
(1.93571 0.0474028 0)
(1.94311 0.0426278 0)
(1.94972 0.0372244 0)
(1.95419 0.0336109 0)
(1.95792 0.0316318 0)
(1.96126 0.0298505 0)
(1.96447 0.027738 0)
(1.96788 0.0266926 0)
(1.97121 0.0258592 0)
(1.97518 0.0229406 0)
(1.97925 0.018874 0)
(1.98262 0.0162596 0)
(1.98652 0.0136118 0)
(1.99071 0.00921062 0)
(1.99387 0.00631844 0)
(1.99669 0.00550904 0)
(2.00012 0.00278079 0)
(2.00341 -0.00169153 0)
(2.00583 -0.00380449 0)
(2.00854 -0.0051762 0)
(2.01239 -0.00869945 0)
(2.01568 -0.0123798 0)
(2.01864 -0.0136131 0)
(2.02172 -0.0150493 0)
(2.02509 -0.018725 0)
(2.02772 -0.0217107 0)
(2.03023 -0.0226541 0)
(2.03292 -0.0252099 0)
(2.03553 -0.0294797 0)
(2.03788 -0.0312254 0)
(2.04042 -0.0316974 0)
(2.04355 -0.034657 0)
(2.04591 -0.038306 0)
(2.04836 -0.0391844 0)
(2.05109 -0.0394078 0)
(2.05435 -0.042425 0)
(2.05652 -0.0458336 0)
(2.05872 -0.0466287 0)
(2.06095 -0.0470451 0)
(2.06395 -0.0506125 0)
(2.06579 -0.0542133 0)
(2.06665 -0.0555967 0)
(2.06996 -0.058433 0)
(2.06974 -0.0636022 0)
(2.07006 -0.0701428 0)
(2.06888 -0.079142 0)
(2.0657 -0.092588 0)
(2.06211 -0.108134 0)
(2.05506 -0.128692 0)
(2.05105 -0.145276 0)
(2.04767 -0.161736 0)
(2.03563 -0.191132 0)
(2.03105 -0.208975 0)
(2.03347 -0.2108 0)
(2.02843 -0.22278 0)
(2.02072 -0.241319 0)
(2.01977 -0.247944 0)
(2.01989 -0.246532 0)
(2.02092 -0.247847 0)
(2.02016 -0.250662 0)
(2.01963 -0.253464 0)
(2.01791 -0.25319 0)
(2.01536 -0.251512 0)
(2.01334 -0.250194 0)
(2.01078 -0.246141 0)
(2.00825 -0.24113 0)
(2.00632 -0.235064 0)
(2.00269 -0.227186 0)
(1.96872 0.0181415 0)
(1.97167 0.0163413 0)
(1.97498 0.0121515 0)
(1.97718 0.0100168 0)
(1.97996 0.00826463 0)
(1.98297 0.00625387 0)
(1.98525 0.00538172 0)
(1.98706 0.00452521 0)
(1.98961 0.00207149 0)
(1.9927 -0.00125157 0)
(1.99517 -0.00398016 0)
(1.9973 -0.00522039 0)
(1.99841 -0.00588129 0)
(1.99978 -0.008353 0)
(2.00097 -0.0109343 0)
(2.00117 -0.0129311 0)
(2.00113 -0.0158516 0)
(2.00128 -0.0194144 0)
(2.00012 -0.0209662 0)
(2.00005 -0.0235806 0)
(1.99988 -0.0268973 0)
(1.99859 -0.0280715 0)
(1.99889 -0.0305226 0)
(1.99995 -0.0340079 0)
(2.00057 -0.0351539 0)
(2.00266 -0.0372864 0)
(2.00548 -0.0414299 0)
(2.00803 -0.0432969 0)
(2.01077 -0.0427076 0)
(2.01392 -0.0443352 0)
(2.01707 -0.0484639 0)
(2.01947 -0.0504041 0)
(2.02199 -0.0499897 0)
(2.02486 -0.0516853 0)
(2.02786 -0.056063 0)
(2.02983 -0.0585 0)
(2.03193 -0.0584014 0)
(2.03388 -0.0595285 0)
(2.03684 -0.0634055 0)
(2.03853 -0.0665226 0)
(2.04016 -0.0669529 0)
(2.04219 -0.0683948 0)
(2.04525 -0.0719507 0)
(2.04687 -0.0748686 0)
(2.04877 -0.0751014 0)
(2.0507 -0.0755993 0)
(2.05281 -0.0781025 0)
(2.05418 -0.0800347 0)
(2.05561 -0.081021 0)
(2.0576 -0.082461 0)
(2.05999 -0.0840238 0)
(2.06246 -0.0853386 0)
(2.06445 -0.0873466 0)
(2.06438 -0.0891996 0)
(2.06336 -0.0893843 0)
(2.05854 -0.0868812 0)
(2.0444 -0.0771391 0)
(2.01418 -0.0548656 0)
(1.97132 -0.0261071 0)
(1.9355 -0.000345934 0)
(1.91949 0.0233961 0)
(1.92027 0.0309614 0)
(1.92706 0.0321852 0)
(1.93418 0.0304928 0)
(1.93809 0.0293886 0)
(1.94247 0.0287278 0)
(1.94538 0.0295947 0)
(1.94839 0.030693 0)
(1.95197 0.0316594 0)
(1.95586 0.031143 0)
(1.95922 0.0289088 0)
(1.96285 0.0261508 0)
(1.96717 0.0238715 0)
(1.97175 0.02138 0)
(1.9762 0.01784 0)
(1.9798 0.0150123 0)
(1.98347 0.0126793 0)
(1.98719 0.00953742 0)
(1.99007 0.00727674 0)
(1.99265 0.00633005 0)
(1.99572 0.00412643 0)
(1.99888 0.00083673 0)
(2.00156 -0.00096165 0)
(2.00449 -0.00205309 0)
(2.00829 -0.00502449 0)
(2.0116 -0.00840519 0)
(2.01441 -0.00994236 0)
(2.01751 -0.011636 0)
(2.0209 -0.0151379 0)
(2.02354 -0.0184272 0)
(2.02602 -0.0195643 0)
(2.02884 -0.0215308 0)
(2.03187 -0.0254281 0)
(2.03429 -0.0277471 0)
(2.0369 -0.0280335 0)
(2.03993 -0.030041 0)
(2.04283 -0.0339584 0)
(2.04524 -0.0356315 0)
(2.04784 -0.035718 0)
(2.05107 -0.0383299 0)
(2.05343 -0.042083 0)
(2.05494 -0.0433826 0)
(2.0569 -0.0458716 0)
(2.05886 -0.050438 0)
(2.05911 -0.0561253 0)
(2.05799 -0.0644153 0)
(2.05636 -0.0751374 0)
(2.05277 -0.0891687 0)
(2.04869 -0.105582 0)
(2.04299 -0.125415 0)
(2.03348 -0.150441 0)
(2.03314 -0.16258 0)
(2.02823 -0.180167 0)
(2.01687 -0.208538 0)
(2.01572 -0.21959 0)
(2.01832 -0.221518 0)
(2.01522 -0.230822 0)
(2.01169 -0.243283 0)
(2.01101 -0.250723 0)
(2.01187 -0.251781 0)
(2.01379 -0.253072 0)
(2.01506 -0.253967 0)
(2.01614 -0.255543 0)
(2.01673 -0.257806 0)
(2.01652 -0.258021 0)
(2.0172 -0.257591 0)
(2.01776 -0.256563 0)
(2.01854 -0.25386 0)
(2.01781 -0.249223 0)
(2.01608 -0.243381 0)
(2.01575 -0.239475 0)
(2.01165 -0.23282 0)
(1.96581 0.0237526 0)
(1.96906 0.0212496 0)
(1.97188 0.0185847 0)
(1.97383 0.0175484 0)
(1.97639 0.0156493 0)
(1.97924 0.0135224 0)
(1.98169 0.0119609 0)
(1.98468 0.00843245 0)
(1.9871 0.00503507 0)
(1.98905 0.00459906 0)
(1.99067 0.00374946 0)
(1.9931 0.00107364 0)
(1.99467 -0.000946225 0)
(1.99606 -0.00390404 0)
(1.99735 -0.00749093 0)
(1.99715 -0.00949613 0)
(1.99653 -0.0116383 0)
(1.99656 -0.0145014 0)
(1.99541 -0.0163711 0)
(1.99524 -0.0190332 0)
(1.99538 -0.0224622 0)
(1.99415 -0.0242806 0)
(1.99464 -0.0276736 0)
(1.9953 -0.0307315 0)
(1.99625 -0.0310222 0)
(1.99815 -0.032229 0)
(2.00126 -0.0362907 0)
(2.00392 -0.0386979 0)
(2.00669 -0.0387265 0)
(2.01014 -0.0410209 0)
(2.01349 -0.045666 0)
(2.0159 -0.048018 0)
(2.01839 -0.0477163 0)
(2.0211 -0.0494185 0)
(2.02429 -0.0541677 0)
(2.02618 -0.0570322 0)
(2.02816 -0.0569312 0)
(2.03059 -0.0587705 0)
(2.03315 -0.0628614 0)
(2.03472 -0.0651317 0)
(2.03658 -0.0648279 0)
(2.03805 -0.0650059 0)
(2.0407 -0.0682666 0)
(2.04235 -0.0713671 0)
(2.04399 -0.0717007 0)
(2.04563 -0.0727841 0)
(2.04862 -0.0760358 0)
(2.0506 -0.0795132 0)
(2.05244 -0.0812436 0)
(2.05451 -0.0826296 0)
(2.05646 -0.0841312 0)
(2.05926 -0.0869776 0)
(2.06246 -0.0892319 0)
(2.06372 -0.0901115 0)
(2.06336 -0.0900902 0)
(2.06172 -0.0899265 0)
(2.05702 -0.0883268 0)
(2.04488 -0.0831049 0)
(2.01902 -0.0719752 0)
(1.97985 -0.0469916 0)
(1.9489 -0.021092 0)
(1.93617 -0.00476947 0)
(1.93473 0.00339186 0)
(1.93853 0.00666526 0)
(1.94089 0.0119392 0)
(1.94249 0.0164133 0)
(1.94474 0.0178974 0)
(1.94768 0.0188356 0)
(1.95146 0.0186931 0)
(1.95621 0.0185574 0)
(1.95949 0.0184165 0)
(1.96263 0.0178479 0)
(1.9659 0.0171496 0)
(1.96943 0.0173845 0)
(1.97295 0.0168869 0)
(1.97623 0.0151613 0)
(1.97939 0.0126257 0)
(1.98294 0.00892633 0)
(1.98628 0.00619486 0)
(1.98952 0.00518296 0)
(1.993 0.00366445 0)
(1.99617 0.00152193 0)
(1.99902 -0.0003167 0)
(2.00189 -0.0014053 0)
(2.00517 -0.00372111 0)
(2.0081 -0.00660042 0)
(2.01068 -0.00844567 0)
(2.01347 -0.0100276 0)
(2.01669 -0.0129716 0)
(2.01943 -0.0158281 0)
(2.02198 -0.0167724 0)
(2.02497 -0.0183731 0)
(2.02834 -0.0218116 0)
(2.03094 -0.0244307 0)
(2.03348 -0.0249037 0)
(2.03636 -0.0264144 0)
(2.0396 -0.0304328 0)
(2.0417 -0.0326059 0)
(2.04403 -0.0342372 0)
(2.04694 -0.0375028 0)
(2.04693 -0.0432282 0)
(2.04763 -0.0491723 0)
(2.0464 -0.0586017 0)
(2.04301 -0.0727217 0)
(2.03949 -0.0873802 0)
(2.03373 -0.105799 0)
(2.02988 -0.123617 0)
(2.01925 -0.150599 0)
(2.0153 -0.167919 0)
(2.018 -0.176333 0)
(2.0067 -0.197584 0)
(2.00147 -0.220042 0)
(2.00235 -0.22377 0)
(2.0034 -0.225537 0)
(2.00376 -0.23301 0)
(2.00175 -0.241659 0)
(2.00076 -0.248149 0)
(2.00355 -0.250913 0)
(2.0054 -0.25125 0)
(2.00759 -0.251163 0)
(2.0103 -0.252721 0)
(2.01241 -0.255182 0)
(2.01349 -0.25671 0)
(2.01421 -0.257389 0)
(2.01589 -0.256816 0)
(2.019 -0.255015 0)
(2.02148 -0.252682 0)
(2.0226 -0.251394 0)
(2.0232 -0.249652 0)
(2.02258 -0.247256 0)
(2.02165 -0.243585 0)
(2.02049 -0.238728 0)
(1.96227 0.0312841 0)
(1.96495 0.029717 0)
(1.9679 0.0277477 0)
(1.97032 0.026201 0)
(1.97346 0.02303 0)
(1.97639 0.0194104 0)
(1.97867 0.0186856 0)
(1.98073 0.017638 0)
(1.98321 0.0146073 0)
(1.98513 0.0130637 0)
(1.9873 0.0109883 0)
(1.99009 0.00718187 0)
(1.99156 0.00506512 0)
(1.9922 0.00396635 0)
(1.99303 0.00124303 0)
(1.99301 -0.00164804 0)
(1.9921 -0.00385885 0)
(1.99232 -0.00684595 0)
(1.99154 -0.00934754 0)
(1.99129 -0.0123432 0)
(1.99094 -0.0149652 0)
(1.99004 -0.0164723 0)
(1.99068 -0.019617 0)
(1.99137 -0.0228863 0)
(1.9925 -0.0237096 0)
(1.99483 -0.0255278 0)
(1.99811 -0.0297314 0)
(2.00081 -0.0321277 0)
(2.00358 -0.0320076 0)
(2.0068 -0.0338998 0)
(2.00999 -0.038283 0)
(2.01234 -0.0403424 0)
(2.01477 -0.0400552 0)
(2.01774 -0.0420895 0)
(2.02082 -0.0467267 0)
(2.02269 -0.0494257 0)
(2.02465 -0.0492909 0)
(2.02675 -0.0507731 0)
(2.02953 -0.0554579 0)
(2.03109 -0.0582688 0)
(2.03272 -0.0583751 0)
(2.03492 -0.0603512 0)
(2.03781 -0.0645077 0)
(2.03951 -0.067872 0)
(2.04122 -0.0683018 0)
(2.04286 -0.0689967 0)
(2.04563 -0.0724957 0)
(2.04721 -0.0744871 0)
(2.049 -0.0749171 0)
(2.0509 -0.0761885 0)
(2.0528 -0.0782141 0)
(2.05516 -0.080976 0)
(2.05792 -0.0826044 0)
(2.06031 -0.0837767 0)
(2.06124 -0.0860904 0)
(2.06063 -0.0865253 0)
(2.0582 -0.086482 0)
(2.05213 -0.0857396 0)
(2.03935 -0.0822362 0)
(2.01436 -0.0726511 0)
(1.98381 -0.0553914 0)
(1.9613 -0.0398476 0)
(1.95228 -0.0321351 0)
(1.94928 -0.0235045 0)
(1.94925 -0.0161224 0)
(1.94982 -0.00936752 0)
(1.95093 -0.00425849 0)
(1.95236 -0.000312882 0)
(1.95357 0.00407754 0)
(1.95572 0.00761067 0)
(1.95709 0.0127052 0)
(1.96058 0.0144784 0)
(1.96307 0.0135792 0)
(1.96605 0.0125979 0)
(1.97036 0.0101026 0)
(1.97447 0.00726837 0)
(1.97791 0.00491805 0)
(1.98115 0.00287574 0)
(1.98415 0.00220895 0)
(1.98712 0.00279398 0)
(1.99024 0.00263133 0)
(1.9932 0.00167406 0)
(1.99613 -8.0342e-05 0)
(1.99883 -0.00165076 0)
(2.0019 -0.00421364 0)
(2.00471 -0.00683266 0)
(2.00758 -0.00914442 0)
(2.01047 -0.0104104 0)
(2.01381 -0.0129576 0)
(2.01655 -0.0150119 0)
(2.01905 -0.015773 0)
(2.02202 -0.0173611 0)
(2.0253 -0.0205195 0)
(2.02799 -0.0230418 0)
(2.03032 -0.0243596 0)
(2.03258 -0.0264745 0)
(2.03499 -0.0306929 0)
(2.03494 -0.0362562 0)
(2.03402 -0.0445766 0)
(2.03279 -0.0551194 0)
(2.02917 -0.0699067 0)
(2.02555 -0.0854486 0)
(2.0187 -0.106091 0)
(2.01546 -0.123639 0)
(2.00706 -0.148473 0)
(1.9996 -0.172068 0)
(2.00262 -0.177358 0)
(1.99833 -0.191283 0)
(1.98947 -0.212434 0)
(1.98891 -0.22302 0)
(1.98994 -0.224109 0)
(1.99169 -0.228041 0)
(1.99229 -0.233488 0)
(1.99087 -0.23749 0)
(1.99193 -0.242719 0)
(1.99396 -0.246628 0)
(1.99646 -0.247054 0)
(1.99947 -0.24714 0)
(2.00288 -0.248464 0)
(2.00614 -0.249748 0)
(2.00894 -0.250691 0)
(2.01098 -0.251876 0)
(2.01272 -0.252528 0)
(2.01521 -0.251914 0)
(2.01851 -0.250555 0)
(2.02131 -0.249934 0)
(2.02319 -0.250016 0)
(2.02385 -0.249816 0)
(2.02467 -0.248274 0)
(2.02616 -0.247038 0)
(2.02685 -0.245307 0)
(2.02615 -0.242353 0)
(1.95886 0.0388455 0)
(1.96198 0.0356835 0)
(1.96484 0.0335296 0)
(1.9675 0.0321512 0)
(1.9701 0.0300379 0)
(1.97228 0.0282969 0)
(1.97445 0.027499 0)
(1.97747 0.0251524 0)
(1.98051 0.0212178 0)
(1.98229 0.0192206 0)
(1.98378 0.0185129 0)
(1.98575 0.0163313 0)
(1.98736 0.0139587 0)
(1.98828 0.0121944 0)
(1.98867 0.00944658 0)
(1.98901 0.00607714 0)
(1.98871 0.00280215 0)
(1.98747 0.00134096 0)
(1.98704 -0.000973747 0)
(1.98713 -0.00415903 0)
(1.98624 -0.00590247 0)
(1.98548 -0.00732093 0)
(1.98691 -0.0110308 0)
(1.98774 -0.0146644 0)
(1.98899 -0.0155299 0)
(1.99135 -0.0171062 0)
(1.99448 -0.0209588 0)
(1.99711 -0.0231148 0)
(1.99984 -0.022954 0)
(2.00302 -0.0247916 0)
(2.00643 -0.0293149 0)
(2.0089 -0.0318239 0)
(2.01146 -0.0317594 0)
(2.01438 -0.0336105 0)
(2.01748 -0.0381809 0)
(2.01936 -0.0408529 0)
(2.02129 -0.0409654 0)
(2.02365 -0.0429293 0)
(2.02626 -0.0474263 0)
(2.02777 -0.0500971 0)
(2.02935 -0.0500079 0)
(2.03136 -0.0515847 0)
(2.03412 -0.0557913 0)
(2.03572 -0.0582709 0)
(2.0375 -0.0588137 0)
(2.03939 -0.0601172 0)
(2.04225 -0.0637377 0)
(2.04425 -0.0677572 0)
(2.04601 -0.0682143 0)
(2.04813 -0.0696344 0)
(2.05042 -0.072967 0)
(2.05211 -0.0745975 0)
(2.0551 -0.0782321 0)
(2.05806 -0.0807161 0)
(2.06049 -0.0823845 0)
(2.06064 -0.0844768 0)
(2.05952 -0.0843989 0)
(2.05555 -0.0826207 0)
(2.04676 -0.0808125 0)
(2.03071 -0.0763367 0)
(2.00611 -0.0668472 0)
(1.98145 -0.0554724 0)
(1.96699 -0.0496657 0)
(1.96097 -0.0435488 0)
(1.95916 -0.037369 0)
(1.95909 -0.0322358 0)
(1.95961 -0.0277913 0)
(1.96017 -0.0234748 0)
(1.96089 -0.0189652 0)
(1.96172 -0.0139599 0)
(1.96276 -0.00853673 0)
(1.96443 -0.00398468 0)
(1.96599 -0.00168578 0)
(1.96839 0.000199675 0)
(1.96957 0.00101105 0)
(1.97217 0.00181432 0)
(1.97466 0.00192981 0)
(1.97765 0.00161838 0)
(1.98057 0.00117709 0)
(1.98361 0.000405277 0)
(1.98719 -0.00144274 0)
(1.99046 -0.00313929 0)
(1.99378 -0.00513851 0)
(1.99695 -0.00690594 0)
(2.00005 -0.00849497 0)
(2.00283 -0.0099791 0)
(2.00551 -0.0112111 0)
(2.00773 -0.0118926 0)
(2.01088 -0.0140171 0)
(2.01395 -0.015546 0)
(2.01654 -0.0165494 0)
(2.01921 -0.0188591 0)
(2.02097 -0.0219293 0)
(2.02202 -0.0268236 0)
(2.02299 -0.0317849 0)
(2.02148 -0.040746 0)
(2.01972 -0.0519705 0)
(2.01503 -0.0681902 0)
(2.01076 -0.0853586 0)
(2.00417 -0.105627 0)
(1.99939 -0.125176 0)
(1.99584 -0.14335 0)
(1.98474 -0.172205 0)
(1.98405 -0.182295 0)
(1.98719 -0.188528 0)
(1.98074 -0.202462 0)
(1.97708 -0.218683 0)
(1.97775 -0.222861 0)
(1.97944 -0.224201 0)
(1.98168 -0.227674 0)
(1.98211 -0.229727 0)
(1.98313 -0.233118 0)
(1.98408 -0.237796 0)
(1.98576 -0.239451 0)
(1.9884 -0.240499 0)
(1.99161 -0.241594 0)
(1.99546 -0.242171 0)
(1.99936 -0.242239 0)
(2.00261 -0.242574 0)
(2.00509 -0.243722 0)
(2.00748 -0.245172 0)
(2.01032 -0.245801 0)
(2.01377 -0.245423 0)
(2.01702 -0.245444 0)
(2.0196 -0.24625 0)
(2.02141 -0.247051 0)
(2.02259 -0.247147 0)
(2.02391 -0.246423 0)
(2.0258 -0.245625 0)
(2.02769 -0.24517 0)
(2.02927 -0.245044 0)
(2.02971 -0.244204 0)
(1.95624 0.043048 0)
(1.95883 0.0412606 0)
(1.9612 0.0398948 0)
(1.96355 0.0393714 0)
(1.96655 0.0371617 0)
(1.9696 0.0337576 0)
(1.97204 0.0315352 0)
(1.97448 0.0299125 0)
(1.97651 0.0289763 0)
(1.97827 0.0278478 0)
(1.98062 0.0253009 0)
(1.98266 0.0223261 0)
(1.98409 0.0197147 0)
(1.98492 0.0177043 0)
(1.98473 0.0161084 0)
(1.98391 0.0138532 0)
(1.98406 0.0112012 0)
(1.98335 0.00905896 0)
(1.98246 0.00686538 0)
(1.98279 0.00357535 0)
(1.98244 0.000696119 0)
(1.98177 -0.000364659 0)
(1.98293 -0.00341279 0)
(1.98382 -0.00647163 0)
(1.98513 -0.0070385 0)
(1.98755 -0.00854264 0)
(1.99092 -0.0125753 0)
(1.99362 -0.0150369 0)
(1.9964 -0.0150306 0)
(1.99957 -0.0167501 0)
(2.00294 -0.0210137 0)
(2.00539 -0.0234059 0)
(2.00793 -0.0232948 0)
(2.01078 -0.0249959 0)
(2.01383 -0.0293367 0)
(2.0157 -0.0318707 0)
(2.01757 -0.0319519 0)
(2.01993 -0.0339193 0)
(2.02249 -0.0382881 0)
(2.02405 -0.0407358 0)
(2.02566 -0.0408129 0)
(2.02778 -0.0426192 0)
(2.03055 -0.0469378 0)
(2.03218 -0.0494862 0)
(2.03386 -0.0496054 0)
(2.03626 -0.0515959 0)
(2.03894 -0.055241 0)
(2.0408 -0.0581289 0)
(2.0426 -0.0591399 0)
(2.04413 -0.0596451 0)
(2.0468 -0.0632167 0)
(2.0486 -0.06612 0)
(2.05057 -0.067069 0)
(2.05367 -0.0701925 0)
(2.05651 -0.0719371 0)
(2.05828 -0.074071 0)
(2.05807 -0.0766669 0)
(2.05693 -0.0771555 0)
(2.05166 -0.0758161 0)
(2.04018 -0.0734372 0)
(2.02054 -0.0672074 0)
(1.99625 -0.0578626 0)
(1.97707 -0.0504379 0)
(1.96699 -0.0454947 0)
(1.96393 -0.0415354 0)
(1.96396 -0.0391139 0)
(1.96485 -0.0376525 0)
(1.9661 -0.036351 0)
(1.96756 -0.0341916 0)
(1.9689 -0.0312214 0)
(1.96994 -0.0271145 0)
(1.97087 -0.0229395 0)
(1.97148 -0.0192672 0)
(1.97227 -0.0167443 0)
(1.97324 -0.0144262 0)
(1.9748 -0.0126649 0)
(1.97696 -0.0113122 0)
(1.97958 -0.00907775 0)
(1.98096 -0.00840757 0)
(1.98315 -0.00751045 0)
(1.98539 -0.0071292 0)
(1.98782 -0.00734313 0)
(1.9904 -0.00769086 0)
(1.99333 -0.0089906 0)
(1.99632 -0.00929911 0)
(1.99958 -0.0108495 0)
(2.00152 -0.0127433 0)
(2.00428 -0.0157946 0)
(2.00666 -0.0182402 0)
(2.0094 -0.0214755 0)
(2.01065 -0.0260827 0)
(2.01141 -0.0319586 0)
(2.0099 -0.0409619 0)
(2.00744 -0.0521433 0)
(2.00249 -0.0678267 0)
(1.99677 -0.0870082 0)
(1.98926 -0.108628 0)
(1.98449 -0.128238 0)
(1.98449 -0.140962 0)
(1.97226 -0.167611 0)
(1.96909 -0.186218 0)
(1.97188 -0.187262 0)
(1.97074 -0.195275 0)
(1.9671 -0.207707 0)
(1.96598 -0.217768 0)
(1.96799 -0.22058 0)
(1.96976 -0.223011 0)
(1.97153 -0.224837 0)
(1.97345 -0.226825 0)
(1.97531 -0.230173 0)
(1.97704 -0.232842 0)
(1.97895 -0.233831 0)
(1.98141 -0.234646 0)
(1.9849 -0.235244 0)
(1.98915 -0.234956 0)
(1.99293 -0.234607 0)
(1.99562 -0.234809 0)
(1.99796 -0.235629 0)
(2.00055 -0.236398 0)
(2.00352 -0.23697 0)
(2.007 -0.237632 0)
(2.01062 -0.238242 0)
(2.01379 -0.238868 0)
(2.01608 -0.240221 0)
(2.01742 -0.242119 0)
(2.0185 -0.243334 0)
(2.02036 -0.243394 0)
(2.02303 -0.243058 0)
(2.02587 -0.242744 0)
(2.02825 -0.242759 0)
(2.02994 -0.242697 0)
(2.03093 -0.242203 0)
(1.95211 0.0496384 0)
(1.95551 0.0468726 0)
(1.95858 0.0438554 0)
(1.96137 0.0417529 0)
(1.96414 0.0398246 0)
(1.96631 0.0392151 0)
(1.96812 0.0389306 0)
(1.97089 0.0366193 0)
(1.97369 0.0335643 0)
(1.97606 0.0311871 0)
(1.97803 0.0293563 0)
(1.97904 0.0283384 0)
(1.97973 0.026632 0)
(1.98084 0.024324 0)
(1.98087 0.0223856 0)
(1.98011 0.0199164 0)
(1.98015 0.0169746 0)
(1.97988 0.0141456 0)
(1.97866 0.012514 0)
(1.97859 0.00981636 0)
(1.97819 0.00734962 0)
(1.97751 0.00659711 0)
(1.9788 0.0038321 0)
(1.98024 0.000344554 0)
(1.98186 -0.000560318 0)
(1.98445 -0.00212857 0)
(1.98771 -0.00591979 0)
(1.9903 -0.00807984 0)
(1.99297 -0.0079061 0)
(1.99605 -0.00943218 0)
(1.99955 -0.0136115 0)
(2.00206 -0.0161431 0)
(2.00457 -0.0161278 0)
(2.00735 -0.0177495 0)
(2.01031 -0.0218092 0)
(2.01219 -0.0241001 0)
(2.01404 -0.0241369 0)
(2.01642 -0.0261006 0)
(2.01894 -0.0303386 0)
(2.02054 -0.0325412 0)
(2.02218 -0.0326042 0)
(2.02443 -0.0345355 0)
(2.02708 -0.0386112 0)
(2.0287 -0.0409367 0)
(2.03039 -0.0409748 0)
(2.03271 -0.0427917 0)
(2.03543 -0.0467777 0)
(2.03719 -0.0489981 0)
(2.03911 -0.0498859 0)
(2.041 -0.0512529 0)
(2.04329 -0.054129 0)
(2.04526 -0.0575473 0)
(2.04704 -0.0584558 0)
(2.04954 -0.0601679 0)
(2.05264 -0.0635415 0)
(2.05529 -0.0648849 0)
(2.05649 -0.0676232 0)
(2.05619 -0.0693742 0)
(2.054 -0.0692296 0)
(2.04664 -0.0673173 0)
(2.03206 -0.0639161 0)
(2.01 -0.0565022 0)
(1.98702 -0.0455494 0)
(1.97188 -0.0409637 0)
(1.96683 -0.0402703 0)
(1.96663 -0.0394488 0)
(1.96735 -0.0385945 0)
(1.96836 -0.037449 0)
(1.96973 -0.0364751 0)
(1.97188 -0.0351823 0)
(1.97416 -0.0327804 0)
(1.97557 -0.0312386 0)
(1.97645 -0.0305592 0)
(1.97713 -0.0294892 0)
(1.97806 -0.0280622 0)
(1.97894 -0.0259194 0)
(1.98028 -0.0238482 0)
(1.98206 -0.0213054 0)
(1.98265 -0.0191538 0)
(1.98393 -0.0176043 0)
(1.98604 -0.0171752 0)
(1.98809 -0.0169137 0)
(1.99025 -0.0172014 0)
(1.99233 -0.0183003 0)
(1.99409 -0.0192947 0)
(1.99688 -0.0196719 0)
(1.99974 -0.0217205 0)
(1.99984 -0.0251396 0)
(1.99865 -0.0315071 0)
(1.99549 -0.0424566 0)
(1.99202 -0.0560554 0)
(1.98753 -0.073044 0)
(1.98291 -0.0918555 0)
(1.97508 -0.114563 0)
(1.96957 -0.13426 0)
(1.97266 -0.142442 0)
(1.96315 -0.162498 0)
(1.95581 -0.187164 0)
(1.95616 -0.191505 0)
(1.95813 -0.194789 0)
(1.95761 -0.203411 0)
(1.9546 -0.21198 0)
(1.95429 -0.216932 0)
(1.95635 -0.219932 0)
(1.95909 -0.221867 0)
(1.96147 -0.222538 0)
(1.96428 -0.223799 0)
(1.96702 -0.226078 0)
(1.96979 -0.22732 0)
(1.97242 -0.228218 0)
(1.97521 -0.228716 0)
(1.97904 -0.22792 0)
(1.98303 -0.227208 0)
(1.98662 -0.227026 0)
(1.9896 -0.227407 0)
(1.99183 -0.228241 0)
(1.99375 -0.22937 0)
(1.99625 -0.230062 0)
(1.99973 -0.229933 0)
(2.00338 -0.229926 0)
(2.00661 -0.230637 0)
(2.00912 -0.231901 0)
(2.01112 -0.233188 0)
(2.01313 -0.234516 0)
(2.01532 -0.235794 0)
(2.01766 -0.236634 0)
(2.02019 -0.237147 0)
(2.02284 -0.237732 0)
(2.02529 -0.23861 0)
(2.02733 -0.239389 0)
(2.02898 -0.239609 0)
(2.03139 -0.238917 0)
(1.95005 0.0521814 0)
(1.95287 0.0506841 0)
(1.95537 0.0492964 0)
(1.95735 0.0486738 0)
(1.96001 0.0467068 0)
(1.96327 0.0437658 0)
(1.96622 0.0413698 0)
(1.96885 0.0391992 0)
(1.97068 0.0377617 0)
(1.97234 0.0371998 0)
(1.97417 0.0361911 0)
(1.97555 0.0342471 0)
(1.97671 0.0311897 0)
(1.97781 0.0282289 0)
(1.97782 0.0260342 0)
(1.97678 0.0246541 0)
)
;

boundaryField
{
    inlet
    {
        type            fixedValue;
        value           nonuniform 0();
    }
    outlet
    {
        type            inletOutlet;
        inletValue      nonuniform 0();
        value           nonuniform 0();
    }
    bottom
    {
        type            symmetryPlane;
    }
    top
    {
        type            symmetryPlane;
    }
    obstacle
    {
        type            slip;
    }
    front
    {
        type            empty;
    }
    back
    {
        type            empty;
    }
    procBoundary30to22
    {
        type            processor;
        value           nonuniform List<vector> 
133
(
(2.06853 -0.0605402 0)
(2.06525 -0.0589322 0)
(2.06162 -0.0583219 0)
(2.05995 -0.0582685 0)
(2.05828 -0.0577052 0)
(2.05669 -0.0568673 0)
(2.05558 -0.0561124 0)
(2.05419 -0.0545682 0)
(2.05352 -0.052663 0)
(2.05342 -0.0514761 0)
(2.05326 -0.0501604 0)
(2.05277 -0.0483273 0)
(2.05215 -0.0470305 0)
(2.05132 -0.0458393 0)
(2.05111 -0.0449662 0)
(2.05062 -0.0443237 0)
(2.05048 -0.0438835 0)
(2.05046 -0.0434238 0)
(2.05033 -0.0423076 0)
(2.05036 -0.0414754 0)
(2.05035 -0.0405555 0)
(2.00217 0.0979764 0)
(2.00604 0.0945691 0)
(2.00961 0.0924051 0)
(2.01401 0.087722 0)
(2.01699 0.0839773 0)
(2.01985 0.0815359 0)
(2.02283 0.0794646 0)
(2.02494 0.0790027 0)
(2.02765 0.0757908 0)
(2.03247 0.0694174 0)
(2.03568 0.0663102 0)
(2.03911 0.0637595 0)
(2.04222 0.0592819 0)
(2.04417 0.0574414 0)
(2.04552 0.0576154 0)
(2.04746 0.0549053 0)
(2.05071 0.0502724 0)
(2.0524 0.0472537 0)
(2.05347 0.04472 0)
(2.05385 0.0416503 0)
(2.0532 0.040038 0)
(2.05191 0.0389533 0)
(2.0505 0.0364236 0)
(2.05019 0.0352198 0)
(2.04919 0.0332684 0)
(2.04814 0.0307544 0)
(2.04818 0.0285861 0)
(2.04847 0.0257215 0)
(2.0488 0.0236461 0)
(2.04921 0.022695 0)
(2.05007 0.0218261 0)
(2.05129 0.0216949 0)
(2.05275 0.0219486 0)
(2.05491 0.0211624 0)
(2.05718 0.0202002 0)
(2.05963 0.0201702 0)
(2.0626 0.0200432 0)
(2.0653 0.0198155 0)
(2.06746 0.020464 0)
(2.06799 0.0212384 0)
(2.06793 0.022321 0)
(2.06675 0.0235706 0)
(2.06227 0.0257659 0)
(2.05075 0.0321819 0)
(2.02836 0.0395097 0)
(1.99623 0.0520044 0)
(1.97407 0.0627634 0)
(1.96482 0.0626508 0)
(1.96375 0.0621258 0)
(1.96429 0.0611192 0)
(1.96595 0.0591703 0)
(1.96876 0.0587987 0)
(1.9743 0.0558093 0)
(1.98088 0.0499095 0)
(1.98499 0.0483022 0)
(1.9883 0.0462292 0)
(1.99116 0.0429642 0)
(1.99327 0.0418235 0)
(1.99564 0.0422946 0)
(1.99846 0.0412074 0)
(2.00303 0.0374168 0)
(2.00706 0.0323724 0)
(2.01039 0.029527 0)
(2.01409 0.029141 0)
(2.01815 0.026745 0)
(2.02126 0.0227057 0)
(2.02413 0.021582 0)
(2.02741 0.0222807 0)
(2.03105 0.0196135 0)
(2.03389 0.0134198 0)
(2.03569 0.0102307 0)
(2.03822 0.0109977 0)
(2.04119 0.00856232 0)
(2.04407 0.00151781 0)
(2.04558 -0.00209281 0)
(2.04776 -0.00187308 0)
(2.05077 -0.00511258 0)
(2.05427 -0.0133732 0)
(2.05561 -0.0186789 0)
(2.05742 -0.0194747 0)
(2.06012 -0.0231938 0)
(2.06318 -0.0315206 0)
(2.06425 -0.0373089 0)
(2.06577 -0.0382328 0)
(2.06753 -0.0400533 0)
(2.07023 -0.0462944 0)
(2.07137 -0.0517073 0)
(2.07278 -0.052553 0)
(2.07438 -0.0533676 0)
(2.07702 -0.0583495 0)
(2.07851 -0.064094 0)
(2.07978 -0.0661065 0)
(2.08106 -0.0661962 0)
(2.08319 -0.0697386 0)
(2.08495 -0.0749594 0)
(2.0864 -0.0766515 0)
(2.08804 -0.0770275 0)
(2.08997 -0.078667 0)
(2.09184 -0.0804073 0)
(2.09295 -0.0820849 0)
(2.09411 -0.0824821 0)
(2.09464 -0.0823284 0)
(2.09424 -0.0825575 0)
(2.09368 -0.0829549 0)
(2.09358 -0.0829877 0)
(2.09335 -0.0829166 0)
(2.09271 -0.0825403 0)
(2.09108 -0.0803521 0)
(2.08907 -0.0778013 0)
(2.08615 -0.0765434 0)
(2.08032 -0.0713027 0)
(2.08032 -0.0713027 0)
)
;
    }
    procBoundary30to23
    {
        type            processor;
        value           uniform (2.05181 -0.039362 0);
    }
    procBoundary30to29
    {
        type            processor;
        value           nonuniform List<vector> 
16
(
(1.99313 0.11351 0)
(1.98732 0.129495 0)
(1.98124 0.145254 0)
(1.97597 0.153074 0)
(1.97326 0.151089 0)
(1.96965 0.150313 0)
(1.9684 0.131775 0)
(1.96978 0.095502 0)
(1.97339 0.0454685 0)
(1.97466 0.0175166 0)
(1.97273 0.014154 0)
(1.96972 0.0133512 0)
(1.96637 0.0181801 0)
(1.96322 0.0258067 0)
(1.96012 0.032588 0)
(1.95586 0.0412004 0)
)
;
    }
    procBoundary30to31
    {
        type            processor;
        value           nonuniform List<vector> 
18
(
(2.05356 -0.0396863 0)
(2.05553 -0.0398363 0)
(2.05692 -0.0401754 0)
(2.05787 -0.0410479 0)
(2.05643 -0.0469974 0)
(2.04375 -0.0796526 0)
(2.01854 -0.141269 0)
(2.00248 -0.178351 0)
(1.98737 -0.207011 0)
(1.99311 -0.20926 0)
(1.9982 -0.220284 0)
(2.0024 -0.222889 0)
(2.01028 -0.227665 0)
(2.01952 -0.235508 0)
(2.02554 -0.238754 0)
(2.02927 -0.242036 0)
(2.03225 -0.241515 0)
(2.03441 -0.238037 0)
)
;
    }
    procBoundary30to37
    {
        type            processor;
        value           nonuniform List<vector> 3((1.95347 0.0440549 0) (1.9497 0.0504756 0) (1.94734 0.0538599 0));
    }
    procBoundary30to38
    {
        type            processor;
        value           nonuniform List<vector> 
133
(
(1.97607 0.0225962 0)
(1.97568 0.0204272 0)
(1.97442 0.0188604 0)
(1.97443 0.0160816 0)
(1.97455 0.0127861 0)
(1.97405 0.0115555 0)
(1.9753 0.00887271 0)
(1.9767 0.00600709 0)
(1.97838 0.00560346 0)
(1.98081 0.00450986 0)
(1.98425 0.000740794 0)
(1.98699 -0.0017163 0)
(1.9897 -0.00184419 0)
(1.99293 -0.00360911 0)
(1.99637 -0.00760113 0)
(1.99887 -0.00979506 0)
(2.00125 -0.00964427 0)
(2.00394 -0.0112381 0)
(2.00688 -0.0151684 0)
(2.0088 -0.0173158 0)
(2.01072 -0.0173476 0)
(2.01315 -0.0192977 0)
(2.01565 -0.0234079 0)
(2.01726 -0.0254594 0)
(2.01893 -0.0254739 0)
(2.02124 -0.0274195 0)
(2.02378 -0.0313072 0)
(2.02541 -0.0333661 0)
(2.02718 -0.0334584 0)
(2.02946 -0.0351738 0)
(2.03213 -0.039137 0)
(2.03377 -0.0412683 0)
(2.03551 -0.0413265 0)
(2.03783 -0.0432862 0)
(2.04 -0.0461097 0)
(2.04193 -0.0487713 0)
(2.04377 -0.0501393 0)
(2.04572 -0.0509565 0)
(2.04873 -0.0541181 0)
(2.05151 -0.0564209 0)
(2.05398 -0.0579165 0)
(2.05437 -0.0607421 0)
(2.05366 -0.0613528 0)
(2.05021 -0.0608652 0)
(2.04085 -0.059144 0)
(2.02301 -0.0527007 0)
(1.99862 -0.0431042 0)
(1.98009 -0.0353978 0)
(1.97016 -0.0345699 0)
(1.96838 -0.0344428 0)
(1.96834 -0.0340947 0)
(1.96889 -0.0341153 0)
(1.97037 -0.0341281 0)
(1.97266 -0.0334204 0)
(1.97479 -0.0324507 0)
(1.97641 -0.0321282 0)
(1.97764 -0.0323332 0)
(1.97918 -0.0325016 0)
(1.98101 -0.0324476 0)
(1.98195 -0.0318474 0)
(1.98284 -0.0301815 0)
(1.98383 -0.0275054 0)
(1.98427 -0.0263621 0)
(1.98558 -0.0258864 0)
(1.98741 -0.0259049 0)
(1.98892 -0.0262092 0)
(1.99012 -0.0271571 0)
(1.99101 -0.0289189 0)
(1.99004 -0.0326633 0)
(1.98827 -0.038917 0)
(1.98504 -0.05041 0)
(1.9817 -0.064214 0)
(1.97703 -0.0801186 0)
(1.9726 -0.0963471 0)
(1.96509 -0.117644 0)
(1.95581 -0.143016 0)
(1.95674 -0.150016 0)
(1.95523 -0.161271 0)
(1.94474 -0.183744 0)
(1.94308 -0.197069 0)
(1.9445 -0.197525 0)
(1.94636 -0.20111 0)
(1.94687 -0.206066 0)
(1.94673 -0.211405 0)
(1.94752 -0.214035 0)
(1.94902 -0.214887 0)
(1.95134 -0.21604 0)
(1.95392 -0.217265 0)
(1.95673 -0.218711 0)
(1.95986 -0.219722 0)
(1.96286 -0.22015 0)
(1.9656 -0.220913 0)
(1.96861 -0.22126 0)
(1.97242 -0.220977 0)
(1.97652 -0.220336 0)
(1.98016 -0.220025 0)
(1.98328 -0.220586 0)
(1.98583 -0.221562 0)
(1.98781 -0.22221 0)
(1.98957 -0.222603 0)
(1.99183 -0.223356 0)
(1.99481 -0.224152 0)
(1.99809 -0.224479 0)
(2.00102 -0.22483 0)
(2.00339 -0.225807 0)
(2.0056 -0.226998 0)
(2.00817 -0.227735 0)
(2.01137 -0.228459 0)
(2.01511 -0.229667 0)
(2.01867 -0.230807 0)
(2.02185 -0.23146 0)
(2.02437 -0.231819 0)
(2.02589 -0.232667 0)
(2.02721 -0.233685 0)
(2.02926 -0.233853 0)
(2.03178 -0.233479 0)
(1.94593 0.0595897 0)
(1.94922 0.0566571 0)
(1.95217 0.0542516 0)
(1.95508 0.0522362 0)
(1.95814 0.0494567 0)
(1.96048 0.0477945 0)
(1.96246 0.0479307 0)
(1.96427 0.0470719 0)
(1.96738 0.0437615 0)
(1.96985 0.0402203 0)
(1.97186 0.0383763 0)
(1.97317 0.0378496 0)
(1.97343 0.0366832 0)
(1.97384 0.0345279 0)
(1.97374 0.0324399 0)
(1.97607 0.0225962 0)
(1.97266 0.0305379 0)
)
;
    }
}


// ************************************************************************* //
