/*--------------------------------*- C++ -*----------------------------------*\
  =========                 |
  \\      /  F ield         | OpenFOAM: The Open Source CFD Toolbox
   \\    /   O peration     | Website:  https://openfoam.org
    \\  /    A nd           | Version:  7
     \\/     M anipulation  |
\*---------------------------------------------------------------------------*/
FoamFile
{
    version     2.0;
    format      ascii;
    class       volVectorField;
    location    "5";
    object      U;
}
// * * * * * * * * * * * * * * * * * * * * * * * * * * * * * * * * * * * * * //

dimensions      [0 1 -1 0 0 0 0];

internalField   nonuniform List<vector> 
2413
(
(1.62921 0.327884 0)
(1.63018 0.328084 0)
(1.63335 0.326504 0)
(1.63688 0.322381 0)
(1.64093 0.31628 0)
(1.64357 0.311197 0)
(1.64479 0.309788 0)
(1.64543 0.309858 0)
(1.64583 0.309607 0)
(1.64625 0.309034 0)
(1.64594 0.307901 0)
(1.6447 0.308198 0)
(1.6435 0.309617 0)
(1.64248 0.311848 0)
(1.64184 0.314424 0)
(1.64123 0.317155 0)
(1.64143 0.320162 0)
(1.64198 0.322873 0)
(1.64317 0.324703 0)
(1.64471 0.326321 0)
(1.64612 0.327784 0)
(1.6489 0.328279 0)
(1.65246 0.328206 0)
(1.65721 0.326899 0)
(1.66268 0.324745 0)
(1.66911 0.322022 0)
(1.67748 0.317776 0)
(1.68538 0.313951 0)
(1.69437 0.308899 0)
(1.70513 0.301638 0)
(1.71335 0.296675 0)
(1.72233 0.290263 0)
(1.73286 0.281497 0)
(1.7396 0.275892 0)
(1.74797 0.268405 0)
(1.75716 0.259247 0)
(1.76205 0.254066 0)
(1.76932 0.24635 0)
(1.77616 0.236286 0)
(1.77844 0.231422 0)
(1.78069 0.226078 0)
(1.78658 0.216915 0)
(1.78973 0.209502 0)
(1.79298 0.203302 0)
(1.79653 0.194617 0)
(1.79757 0.189557 0)
(1.79844 0.186958 0)
(1.80078 0.180651 0)
(1.80277 0.175047 0)
(1.8053 0.171644 0)
(1.80926 0.166553 0)
(1.81201 0.161268 0)
(1.81396 0.159921 0)
(1.81587 0.158127 0)
(1.818 0.154238 0)
(1.8197 0.15368 0)
(1.82279 0.151243 0)
(1.82858 0.146403 0)
(1.83217 0.142557 0)
(1.83518 0.141175 0)
(1.83909 0.136674 0)
(1.84192 0.133083 0)
(1.84472 0.133487 0)
(1.84783 0.133416 0)
(1.85137 0.13279 0)
(2 -3.55667e-15 0)
(2 -4.0628e-15 0)
(2 -3.85014e-15 0)
(2 -3.24583e-15 0)
(2 -3.20027e-15 0)
(2 -3.06945e-15 0)
(2 -3.18309e-15 0)
(2 -3.37247e-15 0)
(2 -4.87618e-15 0)
(2 -3.83234e-15 0)
(2 -3.43856e-15 0)
(2 -2.95472e-15 0)
(2 1.77489e-13 0)
(2 5.18062e-11 0)
(2 3.5486e-09 0)
(2 2.30818e-07 0)
(1.99999 1.07934e-05 0)
(1.99983 0.000173486 0)
(1.99705 0.00328127 0)
(1.98168 0.0201385 0)
(1.91604 0.0886655 0)
(1.78253 0.218149 0)
(1.70422 0.272571 0)
(1.65217 0.318219 0)
(1.6316 0.332567 0)
(1.6306 0.33234 0)
(1.63222 0.329205 0)
(1.63505 0.324403 0)
(1.63755 0.320734 0)
(1.63938 0.319642 0)
(1.64109 0.319114 0)
(1.64308 0.317629 0)
(1.64526 0.315161 0)
(1.64669 0.31306 0)
(1.64732 0.311319 0)
(1.64697 0.311159 0)
(1.64599 0.312722 0)
(1.64492 0.315288 0)
(1.64495 0.317882 0)
(1.64523 0.319903 0)
(1.64587 0.321377 0)
(1.64653 0.322585 0)
(1.64708 0.324093 0)
(1.6481 0.325412 0)
(1.64997 0.32651 0)
(1.65292 0.327154 0)
(1.65682 0.326966 0)
(1.66137 0.326008 0)
(1.66667 0.324873 0)
(1.67375 0.322415 0)
(1.68085 0.319596 0)
(1.68843 0.315916 0)
(1.69792 0.309712 0)
(1.70591 0.304268 0)
(1.71408 0.298026 0)
(1.72388 0.289346 0)
(1.73108 0.282817 0)
(1.73832 0.275802 0)
(1.74747 0.266646 0)
(1.75408 0.259295 0)
(1.75962 0.252945 0)
(1.76645 0.244203 0)
(1.77108 0.237066 0)
(1.77441 0.231508 0)
(1.7791 0.223685 0)
(1.78169 0.217757 0)
(1.78406 0.212955 0)
(1.78877 0.205136 0)
(1.79201 0.198314 0)
(1.79482 0.194082 0)
(1.79719 0.188767 0)
(1.7979 0.184998 0)
(1.79864 0.183827 0)
(1.80067 0.180139 0)
(1.80351 0.174874 0)
(1.80706 0.171794 0)
(1.81241 0.16736 0)
(1.81628 0.161812 0)
(1.81874 0.160273 0)
(1.82037 0.160012 0)
(1.82471 0.154767 0)
(1.82782 0.150898 0)
(1.83128 0.147699 0)
(1.83715 0.141951 0)
(1.84126 0.136793 0)
(1.84484 0.136136 0)
(1.84825 0.135103 0)
(1.85143 0.134246 0)
(2 -1.67689e-15 0)
(2 -1.78289e-15 0)
(2 -6.22125e-16 0)
(2 -1.02101e-16 0)
(2 3.45899e-16 0)
(2 2.16832e-17 0)
(2 -7.53183e-16 0)
(2 -2.60727e-15 0)
(2 -2.81193e-15 0)
(2 -2.56324e-15 0)
(2 -2.10854e-15 0)
(2 -1.29091e-15 0)
(2 9.24252e-16 0)
(2 4.41409e-14 0)
(2 4.56446e-12 0)
(2 1.11117e-09 0)
(2 6.47785e-08 0)
(2 2.88317e-06 0)
(1.99991 0.000105669 0)
(1.99889 0.00121406 0)
(1.98664 0.0144295 0)
(1.93862 0.0636317 0)
(1.83511 0.164391 0)
(1.69226 0.300897 0)
(1.64961 0.321975 0)
(1.63615 0.326116 0)
(1.63368 0.326957 0)
(1.63393 0.32783 0)
(1.63643 0.326627 0)
(1.6393 0.324158 0)
(1.6412 0.323451 0)
(1.64242 0.323383 0)
(1.64338 0.32244 0)
(1.64433 0.321121 0)
(1.64541 0.319419 0)
(1.64606 0.318107 0)
(1.64618 0.318336 0)
(1.64697 0.318086 0)
(1.64798 0.318503 0)
(1.64885 0.319309 0)
(1.64927 0.32013 0)
(1.64964 0.32108 0)
(1.65012 0.322075 0)
(1.65076 0.322991 0)
(1.65213 0.323577 0)
(1.65435 0.324085 0)
(1.65775 0.324121 0)
(1.66178 0.323629 0)
(1.6663 0.323036 0)
(1.67243 0.321561 0)
(1.67863 0.319836 0)
(1.68465 0.317949 0)
(1.69248 0.314067 0)
(1.69941 0.310023 0)
(1.70652 0.305359 0)
(1.71556 0.298035 0)
(1.72264 0.291924 0)
(1.72986 0.28542 0)
(1.73817 0.276654 0)
(1.74424 0.269947 0)
(1.75029 0.262924 0)
(1.75739 0.253839 0)
(1.76258 0.246418 0)
(1.76665 0.240776 0)
(1.77129 0.233331 0)
(1.77505 0.226448 0)
(1.77791 0.221998 0)
(1.78149 0.215901 0)
(1.78469 0.209247 0)
(1.78722 0.205332 0)
(1.79067 0.200342 0)
(1.79398 0.194311 0)
(1.79671 0.190908 0)
(1.79936 0.187937 0)
(1.80155 0.18383 0)
(1.80384 0.181504 0)
(1.80765 0.178312 0)
(1.81225 0.172805 0)
(1.81581 0.169819 0)
(1.81934 0.167772 0)
(1.82444 0.161089 0)
(1.82777 0.156026 0)
(1.83044 0.153545 0)
(1.83615 0.147838 0)
(1.84031 0.142592 0)
(1.84375 0.14111 0)
(1.84858 0.137779 0)
(1.85243 0.135486 0)
(2 -1.79896e-15 0)
(2 -1.29674e-15 0)
(2 -7.26256e-16 0)
(2 4.1235e-16 0)
(2 1.25769e-15 0)
(2 1.00045e-15 0)
(2 6.52947e-16 0)
(2 8.81875e-16 0)
(2 1.34391e-15 0)
(2 1.72174e-15 0)
(2 2.93427e-15 0)
(2 4.22015e-15 0)
(2 4.92575e-15 0)
(2 3.68011e-15 0)
(2 5.62697e-15 0)
(2 2.01823e-12 0)
(2 1.70009e-10 0)
(2 2.26872e-08 0)
(2 1.23487e-06 0)
(1.99997 2.98272e-05 0)
(1.99921 0.000858857 0)
(1.9935 0.00714313 0)
(1.95521 0.0466834 0)
(1.84729 0.154169 0)
(1.7531 0.236273 0)
(1.66 0.321714 0)
(1.63312 0.339627 0)
(1.62945 0.333851 0)
(1.63352 0.330942 0)
(1.63542 0.330188 0)
(1.63851 0.329731 0)
(1.64128 0.329345 0)
(1.64321 0.328379 0)
(1.64442 0.326759 0)
(1.64513 0.325265 0)
(1.6458 0.323737 0)
(1.64647 0.322986 0)
(1.6474 0.322558 0)
(1.64857 0.321944 0)
(1.64926 0.322332 0)
(1.65029 0.321966 0)
(1.65088 0.321265 0)
(1.65168 0.320715 0)
(1.65249 0.320777 0)
(1.65383 0.320733 0)
(1.65558 0.320576 0)
(1.65862 0.3204 0)
(1.66205 0.320118 0)
(1.66632 0.319603 0)
(1.67188 0.318315 0)
(1.67733 0.316852 0)
(1.68267 0.315506 0)
(1.68956 0.312797 0)
(1.69533 0.310214 0)
(1.70092 0.307027 0)
(1.70878 0.301941 0)
(1.715 0.297566 0)
(1.72174 0.292927 0)
(1.72912 0.286011 0)
(1.73481 0.280321 0)
(1.74054 0.274292 0)
(1.74738 0.265839 0)
(1.75265 0.258673 0)
(1.75742 0.252456 0)
(1.76275 0.244544 0)
(1.76713 0.23734 0)
(1.77077 0.232598 0)
(1.7744 0.227207 0)
(1.77842 0.220277 0)
(1.78188 0.215511 0)
(1.78532 0.211325 0)
(1.78928 0.204958 0)
(1.79256 0.200129 0)
(1.7956 0.197852 0)
(1.79843 0.194143 0)
(1.80122 0.190644 0)
(1.80453 0.187931 0)
(1.80911 0.183031 0)
(1.81307 0.178887 0)
(1.81746 0.175168 0)
(1.82249 0.168778 0)
(1.82569 0.163864 0)
(1.82828 0.161038 0)
(1.83373 0.15496 0)
(1.83851 0.14904 0)
(1.84213 0.146827 0)
(1.84712 0.143165 0)
(1.85148 0.139949 0)
(2 -2.38191e-16 0)
(2 -1.60582e-16 0)
(2 -7.7203e-17 0)
(2 -1.98689e-16 0)
(2 -3.60241e-16 0)
(2 -3.3734e-16 0)
(2 2.85755e-16 0)
(2 3.24938e-15 0)
(2 4.42422e-15 0)
(2 7.20796e-15 0)
(2 7.33483e-15 0)
(2 7.13489e-15 0)
(2 6.17947e-15 0)
(2 3.65553e-15 0)
(2 2.99077e-15 0)
(2 4.7502e-15 0)
(2 2.85697e-13 0)
(2 8.48978e-11 0)
(2 5.39639e-09 0)
(2 3.87993e-07 0)
(1.99998 1.97153e-05 0)
(1.99971 0.000296638 0)
(1.99514 0.00516526 0)
(1.97032 0.0313949 0)
(1.89288 0.110239 0)
(1.74708 0.251606 0)
(1.68328 0.297247 0)
(1.65111 0.316232 0)
(1.64174 0.328434 0)
(1.63804 0.333344 0)
(1.63891 0.33326 0)
(1.64054 0.332847 0)
(1.64197 0.332699 0)
(1.64234 0.332108 0)
(1.6426 0.331346 0)
(1.64335 0.330614 0)
(1.64482 0.329641 0)
(1.64639 0.328615 0)
(1.64819 0.327041 0)
(1.64918 0.325869 0)
(1.65008 0.324539 0)
(1.65058 0.323065 0)
(1.65057 0.322074 0)
(1.65198 0.321095 0)
(1.65345 0.320155 0)
(1.65548 0.319073 0)
(1.6589 0.317422 0)
(1.66222 0.316704 0)
(1.66591 0.31612 0)
(1.67105 0.314843 0)
(1.67588 0.313293 0)
(1.68095 0.311601 0)
(1.68705 0.309159 0)
(1.69215 0.307477 0)
(1.69737 0.305179 0)
(1.70402 0.301239 0)
(1.70934 0.297967 0)
(1.71479 0.294745 0)
(1.72162 0.289587 0)
(1.72686 0.285449 0)
(1.73177 0.281763 0)
(1.73743 0.275384 0)
(1.74228 0.269452 0)
(1.74724 0.263928 0)
(1.75335 0.256255 0)
(1.75834 0.248805 0)
(1.76237 0.243842 0)
(1.76658 0.238326 0)
(1.77086 0.231669 0)
(1.77441 0.227431 0)
(1.77762 0.224044 0)
(1.78239 0.217521 0)
(1.78675 0.211439 0)
(1.79064 0.208381 0)
(1.7948 0.203931 0)
(1.79835 0.198722 0)
(1.80148 0.196484 0)
(1.80421 0.194251 0)
(1.80785 0.189524 0)
(1.81236 0.184488 0)
(1.818 0.178041 0)
(1.82207 0.172647 0)
(1.82585 0.167858 0)
(1.83142 0.160852 0)
(1.83533 0.156422 0)
(1.83853 0.154223 0)
(1.84417 0.149488 0)
(1.84903 0.145343 0)
(2 1.47553e-15 0)
(2 2.46357e-15 0)
(2 2.19316e-15 0)
(2 1.87463e-15 0)
(2 1.80242e-15 0)
(2 2.35351e-15 0)
(2 3.71308e-15 0)
(2 4.92855e-15 0)
(2 5.55875e-15 0)
(2 7.8194e-15 0)
(2 8.41335e-15 0)
(2 7.82205e-15 0)
(2 7.17056e-15 0)
(2 6.20394e-15 0)
(2 5.88928e-15 0)
(2 5.84318e-15 0)
(2 7.74865e-15 0)
(2 1.26725e-13 0)
(2 1.38288e-11 0)
(2 2.83856e-09 0)
(2 1.63556e-07 0)
(1.99999 5.87255e-06 0)
(1.9998 0.000215925 0)
(1.99781 0.00239203 0)
(1.97973 0.0213249 0)
(1.90844 0.0941866 0)
(1.8143 0.186294 0)
(1.68179 0.311377 0)
(1.64235 0.336633 0)
(1.63952 0.33136 0)
(1.64006 0.332589 0)
(1.64141 0.333272 0)
(1.64238 0.334687 0)
(1.64262 0.335274 0)
(1.64336 0.334377 0)
(1.64408 0.333929 0)
(1.64486 0.334087 0)
(1.64565 0.334163 0)
(1.64639 0.333741 0)
(1.64706 0.332384 0)
(1.64737 0.33049 0)
(1.64839 0.327728 0)
(1.64872 0.32541 0)
(1.65009 0.323226 0)
(1.65174 0.321289 0)
(1.6537 0.319374 0)
(1.6572 0.316776 0)
(1.66048 0.315119 0)
(1.66408 0.313981 0)
(1.66946 0.311915 0)
(1.67381 0.310479 0)
(1.67878 0.3083 0)
(1.68465 0.305303 0)
(1.68955 0.303536 0)
(1.69438 0.302071 0)
(1.70029 0.299246 0)
(1.70507 0.296848 0)
(1.70969 0.294108 0)
(1.71571 0.289627 0)
(1.72045 0.286126 0)
(1.72508 0.283371 0)
(1.73049 0.278342 0)
(1.73443 0.274497 0)
(1.73804 0.271053 0)
(1.74381 0.265037 0)
(1.74917 0.259011 0)
(1.75358 0.25466 0)
(1.75836 0.249078 0)
(1.76311 0.2422 0)
(1.76707 0.23786 0)
(1.77072 0.234785 0)
(1.77527 0.229076 0)
(1.77937 0.223852 0)
(1.78311 0.221213 0)
(1.78784 0.216582 0)
(1.79264 0.20984 0)
(1.79658 0.205939 0)
(1.79979 0.203931 0)
(1.80314 0.199213 0)
(1.80734 0.193539 0)
(1.81172 0.188709 0)
(1.81618 0.183297 0)
(1.82139 0.176604 0)
(1.82658 0.169834 0)
(1.8305 0.165743 0)
(1.83458 0.162025 0)
(1.83999 0.1567 0)
(1.84438 0.153347 0)
(2 9.70031e-16 0)
(2 2.63913e-15 0)
(2 2.62206e-15 0)
(2 2.51211e-15 0)
(2 2.08371e-15 0)
(2 1.96448e-15 0)
(2 2.44788e-15 0)
(2 2.74342e-15 0)
(2 5.02746e-15 0)
(2 4.93126e-15 0)
(2 5.46397e-15 0)
(2 5.01731e-15 0)
(2 5.19198e-15 0)
(2 5.24316e-15 0)
(2 5.36834e-15 0)
(2 5.38863e-15 0)
(2 6.34592e-15 0)
(2 8.4972e-15 0)
(2 4.35804e-14 0)
(2 8.48143e-12 0)
(2 6.127e-10 0)
(2 6.05465e-08 0)
(2 3.60803e-06 0)
(1.99993 6.95736e-05 0)
(1.99847 0.00161115 0)
(1.98795 0.0131396 0)
(1.94159 0.0620805 0)
(1.81614 0.190188 0)
(1.73427 0.256917 0)
(1.67408 0.311913 0)
(1.64603 0.340309 0)
(1.64192 0.339546 0)
(1.64161 0.337395 0)
(1.64172 0.337245 0)
(1.64226 0.337491 0)
(1.64335 0.337686 0)
(1.64476 0.338039 0)
(1.6454 0.338036 0)
(1.6459 0.337682 0)
(1.64588 0.336638 0)
(1.64556 0.33496 0)
(1.6457 0.332788 0)
(1.64614 0.330484 0)
(1.64698 0.328372 0)
(1.64869 0.325909 0)
(1.65022 0.323557 0)
(1.65343 0.320052 0)
(1.65707 0.316481 0)
(1.66075 0.313748 0)
(1.66586 0.310785 0)
(1.67013 0.309387 0)
(1.67505 0.307113 0)
(1.68134 0.304118 0)
(1.68637 0.301671 0)
(1.69144 0.299422 0)
(1.69682 0.296594 0)
(1.70127 0.295261 0)
(1.70537 0.293363 0)
(1.71097 0.289296 0)
(1.7152 0.285875 0)
(1.71944 0.282995 0)
(1.72481 0.278208 0)
(1.72896 0.2749 0)
(1.73277 0.272843 0)
(1.73746 0.268408 0)
(1.74122 0.264572 0)
(1.74486 0.262044 0)
(1.75032 0.257785 0)
(1.7556 0.251807 0)
(1.75958 0.247688 0)
(1.76349 0.244342 0)
(1.76797 0.238976 0)
(1.77192 0.234541 0)
(1.77558 0.23248 0)
(1.78013 0.228345 0)
(1.78548 0.221525 0)
(1.78973 0.217403 0)
(1.79346 0.215023 0)
(1.79787 0.209117 0)
(1.80196 0.202918 0)
(1.80534 0.199483 0)
(1.80947 0.194541 0)
(1.81554 0.18715 0)
(1.82065 0.180519 0)
(1.82478 0.176413 0)
(1.82967 0.171403 0)
(1.83498 0.165416 0)
(1.83932 0.162264 0)
(2 1.51195e-15 0)
(2 1.05942e-15 0)
(2 2.58577e-16 0)
(2 -5.07689e-16 0)
(2 -1.60727e-15 0)
(2 -1.60009e-15 0)
(2 -8.33399e-16 0)
(2 -2.58919e-16 0)
(2 1.292e-15 0)
(2 9.7015e-16 0)
(2 3.20758e-16 0)
(2 8.12612e-17 0)
(2 6.19086e-17 0)
(2 1.86147e-16 0)
(2 3.46231e-16 0)
(2 9.80887e-16 0)
(2 2.55434e-15 0)
(2 2.53055e-15 0)
(2 4.33405e-15 0)
(2 1.58719e-14 0)
(2 1.37914e-12 0)
(2 3.41286e-10 0)
(2 2.12476e-08 0)
(2 1.01575e-06 0)
(1.99996 4.7981e-05 0)
(1.9994 0.000646304 0)
(1.99223 0.00833699 0)
(1.95591 0.0472967 0)
(1.87716 0.129239 0)
(1.73594 0.269759 0)
(1.67823 0.316076 0)
(1.65996 0.326041 0)
(1.64864 0.329546 0)
(1.64535 0.335379 0)
(1.64514 0.338917 0)
(1.64548 0.339661 0)
(1.64578 0.339796 0)
(1.64565 0.340021 0)
(1.64493 0.340419 0)
(1.64379 0.340354 0)
(1.64286 0.33947 0)
(1.64241 0.337878 0)
(1.64331 0.335618 0)
(1.64421 0.333033 0)
(1.64559 0.330522 0)
(1.64731 0.327869 0)
(1.64927 0.325023 0)
(1.65245 0.321231 0)
(1.65622 0.317247 0)
(1.66127 0.313076 0)
(1.66627 0.309985 0)
(1.67106 0.30796 0)
(1.67645 0.305444 0)
(1.68146 0.302739 0)
(1.68738 0.299429 0)
(1.69294 0.295499 0)
(1.69741 0.293487 0)
(1.7016 0.292128 0)
(1.70657 0.288879 0)
(1.71024 0.286254 0)
(1.71397 0.283161 0)
(1.71944 0.278372 0)
(1.72392 0.274561 0)
(1.72828 0.272447 0)
(1.73295 0.268686 0)
(1.7367 0.265851 0)
(1.73994 0.264708 0)
(1.74367 0.261599 0)
(1.74803 0.257409 0)
(1.75194 0.255158 0)
(1.75683 0.252278 0)
(1.76172 0.247041 0)
(1.76546 0.24262 0)
(1.76872 0.241105 0)
(1.77241 0.237916 0)
(1.77742 0.231835 0)
(1.78165 0.228538 0)
(1.78588 0.225964 0)
(1.7915 0.219544 0)
(1.79582 0.213311 0)
(1.79906 0.210457 0)
(1.80339 0.205477 0)
(1.80955 0.197934 0)
(1.81401 0.192401 0)
(1.81807 0.188515 0)
(1.82361 0.182571 0)
(1.82889 0.176229 0)
(1.83321 0.173382 0)
(2 9.98085e-16 0)
(2 -1.30058e-15 0)
(2 -1.68788e-15 0)
(2 -2.37283e-15 0)
(2 -2.78168e-15 0)
(2 -2.56042e-15 0)
(2 -2.32323e-15 0)
(2 -2.11948e-15 0)
(2 -2.1722e-15 0)
(2 -2.58368e-15 0)
(2 -3.68767e-15 0)
(2 -3.43111e-15 0)
(2 -3.61572e-15 0)
(2 -3.42927e-15 0)
(2 -2.15311e-15 0)
(2 3.75581e-16 0)
(2 2.26082e-15 0)
(2 3.74498e-15 0)
(2 5.23632e-15 0)
(2 5.66377e-15 0)
(2 8.94176e-15 0)
(2 7.22954e-13 0)
(2 5.58166e-11 0)
(2 8.36711e-09 0)
(2 5.12351e-07 0)
(1.99999 1.38828e-05 0)
(1.99961 0.000405181 0)
(1.99615 0.00433592 0)
(1.97397 0.0282972 0)
(1.89001 0.116599 0)
(1.80598 0.199642 0)
(1.69698 0.303644 0)
(1.65413 0.346331 0)
(1.64409 0.339518 0)
(1.64562 0.339581 0)
(1.64596 0.341134 0)
(1.64566 0.342382 0)
(1.6453 0.342259 0)
(1.64504 0.341247 0)
(1.64405 0.34054 0)
(1.64291 0.340355 0)
(1.64162 0.339921 0)
(1.6405 0.339108 0)
(1.64032 0.33755 0)
(1.64104 0.335384 0)
(1.64214 0.333368 0)
(1.64389 0.331252 0)
(1.64612 0.32839 0)
(1.64973 0.324341 0)
(1.65521 0.319462 0)
(1.66114 0.314852 0)
(1.66697 0.311352 0)
(1.67293 0.307604 0)
(1.67768 0.305044 0)
(1.68183 0.302334 0)
(1.68782 0.297977 0)
(1.69316 0.294046 0)
(1.69782 0.291048 0)
(1.70228 0.287864 0)
(1.70586 0.286182 0)
(1.70906 0.284105 0)
(1.71433 0.279667 0)
(1.71894 0.275675 0)
(1.72325 0.273285 0)
(1.72863 0.269317 0)
(1.73293 0.26606 0)
(1.73632 0.265331 0)
(1.73978 0.262822 0)
(1.74347 0.2592 0)
(1.74686 0.257813 0)
(1.7503 0.256254 0)
(1.75496 0.252597 0)
(1.75932 0.249064 0)
(1.7632 0.247534 0)
(1.76698 0.244292 0)
(1.77106 0.23904 0)
(1.77473 0.236821 0)
(1.77864 0.234762 0)
(1.7846 0.228998 0)
(1.7894 0.223266 0)
(1.79313 0.220559 0)
(1.79811 0.215412 0)
(1.80388 0.208183 0)
(1.80774 0.203908 0)
(1.81179 0.200222 0)
(1.81768 0.193826 0)
(1.82279 0.187641 0)
(1.82709 0.18507 0)
(2 9.81551e-16 0)
(2 2.10898e-16 0)
(2 7.70477e-16 0)
(2 8.10591e-16 0)
(2 1.23443e-15 0)
(2 1.40333e-15 0)
(2 1.52452e-15 0)
(2 2.293e-16 0)
(2 -2.44309e-15 0)
(2 -4.58801e-15 0)
(2 -4.77874e-15 0)
(2 -3.95739e-15 0)
(2 -2.60059e-15 0)
(2 -5.86304e-16 0)
(2 1.63254e-15 0)
(2 3.65295e-15 0)
(2 5.40406e-15 0)
(2 7.38009e-15 0)
(2 7.26004e-15 0)
(2 6.72931e-15 0)
(2 5.75522e-15 0)
(2 6.63267e-15 0)
(2 1.28319e-13 0)
(2 2.98696e-11 0)
(2 2.1482e-09 0)
(2 1.41502e-07 0)
(1.99999 8.04756e-06 0)
(1.99987 0.000138189 0)
(1.99775 0.00242116 0)
(1.98329 0.0184754 0)
(1.93619 0.0705908 0)
(1.80896 0.203607 0)
(1.73445 0.270507 0)
(1.68815 0.310272 0)
(1.66062 0.340234 0)
(1.64815 0.346958 0)
(1.64534 0.345853 0)
(1.64402 0.344183 0)
(1.64361 0.343099 0)
(1.6435 0.343018 0)
(1.64205 0.343353 0)
(1.64001 0.343772 0)
(1.63799 0.343416 0)
(1.63684 0.342406 0)
(1.63723 0.340194 0)
(1.63934 0.33643 0)
(1.64071 0.333813 0)
(1.64286 0.33219 0)
(1.64546 0.330284 0)
(1.64964 0.326968 0)
(1.65536 0.32263 0)
(1.66164 0.317957 0)
(1.66802 0.313342 0)
(1.6735 0.309899 0)
(1.67802 0.306652 0)
(1.68277 0.302544 0)
(1.6874 0.298522 0)
(1.69286 0.294102 0)
(1.69804 0.288877 0)
(1.70197 0.286119 0)
(1.70531 0.284658 0)
(1.7099 0.280872 0)
(1.71374 0.278315 0)
(1.71777 0.276042 0)
(1.72364 0.271663 0)
(1.72842 0.267661 0)
(1.73248 0.26645 0)
(1.73666 0.263491 0)
(1.74007 0.259952 0)
(1.74297 0.259359 0)
(1.74569 0.2585 0)
(1.74975 0.254839 0)
(1.7534 0.252271 0)
(1.75695 0.251747 0)
(1.76159 0.248768 0)
(1.76596 0.244152 0)
(1.7696 0.242416 0)
(1.77343 0.240288 0)
(1.77934 0.235007 0)
(1.7841 0.230264 0)
(1.78801 0.228268 0)
(1.79304 0.223702 0)
(1.79859 0.217029 0)
(1.80244 0.213343 0)
(1.80684 0.209542 0)
(1.81281 0.203156 0)
(1.81752 0.197737 0)
(1.82162 0.195672 0)
(2 4.30668e-16 0)
(2 2.77686e-15 0)
(2 4.01764e-15 0)
(2 5.43916e-15 0)
(2 7.03478e-15 0)
(2 6.7402e-15 0)
(2 5.52044e-15 0)
(2 3.59926e-15 0)
(2 2.53624e-15 0)
(2 1.62758e-15 0)
(2 1.7333e-15 0)
(2 1.40798e-15 0)
(2 2.79195e-15 0)
(2 3.1102e-15 0)
(2 3.38739e-15 0)
(2 3.35667e-15 0)
(2 3.1574e-15 0)
(2 3.67632e-15 0)
(2 4.61292e-15 0)
(2 4.14139e-15 0)
(2 3.86617e-15 0)
(2 4.44811e-15 0)
(2 6.01969e-15 0)
(2 4.83221e-14 0)
(2 4.2145e-12 0)
(2 7.94424e-10 0)
(2 5.37329e-08 0)
(2 2.0741e-06 0)
(1.99993 7.47061e-05 0)
(1.99907 0.0010421 0)
(1.99088 0.0101478 0)
(1.95115 0.0534182 0)
(1.8747 0.135561 0)
(1.74749 0.26952 0)
(1.69183 0.322766 0)
(1.66901 0.335396 0)
(1.65194 0.338543 0)
(1.64674 0.34231 0)
(1.6457 0.343271 0)
(1.64562 0.343275 0)
(1.64388 0.343901 0)
(1.64153 0.345528 0)
(1.63753 0.346608 0)
(1.6344 0.345346 0)
(1.63381 0.342762 0)
(1.63505 0.340322 0)
(1.63865 0.336462 0)
(1.64114 0.33432 0)
(1.64406 0.333721 0)
(1.64686 0.332404 0)
(1.65069 0.329463 0)
(1.65609 0.325306 0)
(1.66222 0.320211 0)
(1.66791 0.315902 0)
(1.67332 0.312313 0)
(1.67809 0.30851 0)
(1.68165 0.305216 0)
(1.68596 0.300808 0)
(1.69204 0.295019 0)
(1.69695 0.290514 0)
(1.70149 0.287144 0)
(1.70614 0.282759 0)
(1.70995 0.280621 0)
(1.71326 0.279445 0)
(1.71838 0.275554 0)
(1.72309 0.271601 0)
(1.72742 0.269489 0)
(1.73267 0.265739 0)
(1.73653 0.261684 0)
(1.73956 0.261223 0)
(1.74202 0.260582 0)
(1.74562 0.256744 0)
(1.74881 0.254756 0)
(1.75201 0.254413 0)
(1.75683 0.251523 0)
(1.7615 0.247391 0)
(1.76548 0.245999 0)
(1.76912 0.244258 0)
(1.77456 0.239404 0)
(1.77891 0.235528 0)
(1.7828 0.233639 0)
(1.78863 0.228777 0)
(1.79389 0.222439 0)
(1.7976 0.219671 0)
(1.8017 0.216519 0)
(1.8073 0.21068 0)
(1.81177 0.206161 0)
(1.81578 0.204562 0)
(2 1.37934e-15 0)
(2 2.93012e-15 0)
(2 3.03936e-15 0)
(2 3.3429e-15 0)
(2 3.63955e-15 0)
(2 3.88192e-15 0)
(2 3.49588e-15 0)
(2 2.96095e-15 0)
(2 2.39967e-15 0)
(2 1.99074e-15 0)
(2 1.50735e-15 0)
(2 1.49245e-15 0)
(2 8.1825e-16 0)
(2 6.59774e-16 0)
(2 6.01382e-16 0)
(2 5.99544e-16 0)
(2 3.21186e-16 0)
(2 3.57826e-16 0)
(2 1.88119e-15 0)
(2 3.15187e-15 0)
(2 3.6605e-15 0)
(2 3.77384e-15 0)
(2 2.62012e-15 0)
(2 2.98847e-15 0)
(2 8.47896e-15 0)
(2 1.74516e-12 0)
(2 1.35613e-10 0)
(2 1.50648e-08 0)
(2 8.58848e-07 0)
(1.99998 2.23935e-05 0)
(1.99953 0.000507513 0)
(1.99554 0.00505571 0)
(1.97254 0.0312496 0)
(1.89674 0.114498 0)
(1.81277 0.201684 0)
(1.71691 0.296905 0)
(1.66197 0.350444 0)
(1.64575 0.354666 0)
(1.64041 0.34994 0)
(1.64276 0.347506 0)
(1.64483 0.344993 0)
(1.64316 0.344107 0)
(1.63993 0.344718 0)
(1.63492 0.345423 0)
(1.63185 0.344514 0)
(1.63201 0.343061 0)
(1.6348 0.340411 0)
(1.63952 0.33659 0)
(1.64266 0.335141 0)
(1.64579 0.334648 0)
(1.64742 0.333707 0)
(1.65036 0.331145 0)
(1.65613 0.327622 0)
(1.66179 0.322855 0)
(1.66739 0.318121 0)
(1.67256 0.314269 0)
(1.67643 0.31166 0)
(1.67962 0.308197 0)
(1.68475 0.303015 0)
(1.68979 0.298706 0)
(1.69544 0.294383 0)
(1.7013 0.288722 0)
(1.70573 0.285262 0)
(1.70924 0.283641 0)
(1.71378 0.279486 0)
(1.7179 0.275942 0)
(1.72165 0.274226 0)
(1.7268 0.270276 0)
(1.73129 0.265559 0)
(1.73487 0.264752 0)
(1.73814 0.263467 0)
(1.74186 0.259183 0)
(1.74482 0.257387 0)
(1.74794 0.256736 0)
(1.75282 0.253498 0)
(1.75722 0.249716 0)
(1.76112 0.24885 0)
(1.76479 0.247164 0)
(1.77034 0.242556 0)
(1.77468 0.239231 0)
(1.77871 0.23718 0)
(1.78437 0.23218 0)
(1.78933 0.225943 0)
(1.793 0.22344 0)
(1.79719 0.220383 0)
(1.80235 0.214857 0)
(1.80635 0.211507 0)
(1.8101 0.210352 0)
(2 1.87348e-15 0)
(2 2.91405e-15 0)
(2 3.67747e-15 0)
(2 4.10931e-15 0)
(2 3.94204e-15 0)
(2 4.18662e-15 0)
(2 4.11291e-15 0)
(2 4.08127e-15 0)
(2 3.46504e-15 0)
(2 3.47087e-15 0)
(2 3.23707e-15 0)
(2 3.56127e-15 0)
(2 2.71871e-15 0)
(2 2.71017e-15 0)
(2 2.84883e-15 0)
(2 1.97765e-15 0)
(2 5.84736e-16 0)
(2 6.59179e-16 0)
(2 2.32538e-16 0)
(2 1.41126e-15 0)
(2 1.24253e-15 0)
(2 1.92116e-18 0)
(2 5.86329e-16 0)
(2 6.98504e-17 0)
(2 1.00284e-15 0)
(2 1.04393e-15 0)
(2 1.96104e-13 0)
(2 4.39297e-11 0)
(2 3.50553e-09 0)
(2 2.11643e-07 0)
(1.99999 8.55079e-06 0)
(1.99984 0.000180915 0)
(1.99782 0.00250872 0)
(1.98575 0.0158638 0)
(1.93336 0.0769538 0)
(1.83601 0.181577 0)
(1.76713 0.25659 0)
(1.68306 0.324479 0)
(1.65009 0.360292 0)
(1.63841 0.358497 0)
(1.63834 0.352599 0)
(1.641 0.34731 0)
(1.63973 0.345233 0)
(1.63704 0.344709 0)
(1.63258 0.34507 0)
(1.63066 0.344133 0)
(1.63201 0.34282 0)
(1.63542 0.339874 0)
(1.63977 0.336167 0)
(1.64338 0.335348 0)
(1.64638 0.335023 0)
(1.64775 0.33399 0)
(1.64989 0.331669 0)
(1.65469 0.329348 0)
(1.66047 0.325347 0)
(1.66621 0.32009 0)
(1.6708 0.316846 0)
(1.67457 0.313746 0)
(1.67842 0.309799 0)
(1.68255 0.306624 0)
(1.68816 0.302751 0)
(1.69457 0.297434 0)
(1.69952 0.293612 0)
(1.7038 0.290764 0)
(1.70856 0.285628 0)
(1.7125 0.281519 0)
(1.71617 0.279372 0)
(1.72126 0.275061 0)
(1.72572 0.270475 0)
(1.72926 0.269812 0)
(1.7329 0.268012 0)
(1.73732 0.263155 0)
(1.74058 0.261139 0)
(1.74417 0.259802 0)
(1.7491 0.256012 0)
(1.75314 0.252142 0)
(1.75676 0.251438 0)
(1.76024 0.249758 0)
(1.76528 0.245047 0)
(1.76908 0.242216 0)
(1.7731 0.239562 0)
(1.77956 0.234655 0)
(1.78495 0.228703 0)
(1.78883 0.226173 0)
(1.79337 0.22267 0)
(1.79811 0.217058 0)
(1.80185 0.214195 0)
(1.80547 0.213523 0)
(2 3.71546e-16 0)
(2 2.75842e-15 0)
(2 4.1899e-15 0)
(2 3.88521e-15 0)
(2 2.74663e-15 0)
(2 2.97828e-15 0)
(2 3.43763e-15 0)
(2 3.61989e-15 0)
(2 3.67833e-15 0)
(2 3.99319e-15 0)
(2 4.46285e-15 0)
(2 4.70695e-15 0)
(2 4.51641e-15 0)
(2 3.75834e-15 0)
(2 3.68171e-15 0)
(2 3.13725e-15 0)
(2 1.84057e-15 0)
(2 1.35718e-15 0)
(2 -8.11762e-17 0)
(2 -1.45704e-15 0)
(2 -1.09764e-15 0)
(2 -7.72502e-16 0)
(2 5.64626e-16 0)
(2 2.58587e-16 0)
(2 -2.05668e-16 0)
(2 -3.38732e-16 0)
(2 2.54287e-16 0)
(2 4.91013e-14 0)
(2 5.39597e-12 0)
(2 7.90211e-10 0)
(2 5.76263e-08 0)
(2 2.26595e-06 0)
(1.99994 6.23225e-05 0)
(1.99913 0.00103012 0)
(1.9927 0.00824019 0)
(1.96201 0.0431867 0)
(1.87571 0.146991 0)
(1.79514 0.228838 0)
(1.70679 0.310113 0)
(1.65326 0.357276 0)
(1.63681 0.356961 0)
(1.63493 0.353467 0)
(1.63705 0.349628 0)
(1.63606 0.348425 0)
(1.63331 0.347594 0)
(1.62886 0.347483 0)
(1.62779 0.345515 0)
(1.63012 0.343314 0)
(1.63459 0.339534 0)
(1.63952 0.335104 0)
(1.64362 0.333967 0)
(1.64673 0.333823 0)
(1.64789 0.333504 0)
(1.65009 0.331704 0)
(1.65431 0.328772 0)
(1.65923 0.325302 0)
(1.66401 0.321809 0)
(1.66929 0.318079 0)
(1.67358 0.314433 0)
(1.67699 0.312264 0)
(1.68139 0.309164 0)
(1.68694 0.304837 0)
(1.69179 0.30177 0)
(1.69686 0.298473 0)
(1.70241 0.293039 0)
(1.70675 0.288767 0)
(1.71049 0.286333 0)
(1.71525 0.281698 0)
(1.71949 0.276841 0)
(1.72293 0.275637 0)
(1.72718 0.272978 0)
(1.73151 0.26822 0)
(1.73471 0.266561 0)
(1.73759 0.265168 0)
(1.74289 0.260803 0)
(1.74782 0.256394 0)
(1.75192 0.255299 0)
(1.7565 0.252201 0)
(1.76117 0.246716 0)
(1.76469 0.244107 0)
(1.76805 0.241822 0)
(1.77387 0.236893 0)
(1.77881 0.231401 0)
(1.78265 0.228785 0)
(1.78773 0.224901 0)
(1.7931 0.219351 0)
(1.79729 0.216525 0)
(1.80135 0.215488 0)
(2 -2.53987e-15 0)
(2 -1.44417e-15 0)
(2 -1.23776e-15 0)
(2 -1.09342e-15 0)
(2 -1.39124e-15 0)
(2 -2.04185e-15 0)
(2 -1.85401e-15 0)
(2 -1.37772e-15 0)
(2 -6.64115e-16 0)
(2 -3.24806e-16 0)
(2 1.36839e-16 0)
(2 8.39909e-16 0)
(2 1.35331e-15 0)
(2 1.11853e-15 0)
(2 5.68428e-16 0)
(2 1.8033e-16 0)
(2 -3.84075e-17 0)
(2 5.21673e-16 0)
(2 8.39912e-16 0)
(2 1.19984e-15 0)
(2 2.44148e-15 0)
(2 4.36932e-15 0)
(2 2.55689e-15 0)
(2 1.72756e-15 0)
(2 -2.3185e-16 0)
(2 -1.44565e-15 0)
(2 -1.12324e-15 0)
(2 1.58557e-16 0)
(2 4.17831e-15 0)
(2 1.16555e-12 0)
(2 1.20284e-10 0)
(2 1.22223e-08 0)
(2 5.92422e-07 0)
(1.99998 1.82939e-05 0)
(1.99968 0.000377563 0)
(1.9967 0.00382236 0)
(1.97904 0.0242623 0)
(1.91644 0.100922 0)
(1.83109 0.191286 0)
(1.72676 0.2893 0)
(1.65462 0.354212 0)
(1.6357 0.356213 0)
(1.63267 0.355391 0)
(1.63208 0.352834 0)
(1.63091 0.350767 0)
(1.62795 0.349641 0)
(1.62405 0.349796 0)
(1.62435 0.347671 0)
(1.62757 0.344787 0)
(1.63293 0.340118 0)
(1.63852 0.334859 0)
(1.6431 0.332967 0)
(1.64646 0.332585 0)
(1.6476 0.332257 0)
(1.64923 0.330625 0)
(1.65375 0.327933 0)
(1.65834 0.324777 0)
(1.66308 0.321788 0)
(1.66803 0.318933 0)
(1.67254 0.316927 0)
(1.67645 0.313871 0)
(1.68069 0.309773 0)
(1.68468 0.306975 0)
(1.68945 0.30405 0)
(1.69457 0.299714 0)
(1.69864 0.296636 0)
(1.70202 0.294726 0)
(1.70691 0.290173 0)
(1.71191 0.285454 0)
(1.71606 0.283129 0)
(1.72126 0.279015 0)
(1.72608 0.273326 0)
(1.72976 0.271312 0)
(1.73276 0.270132 0)
(1.73766 0.265508 0)
(1.74176 0.262036 0)
(1.74521 0.260787 0)
(1.7505 0.256629 0)
(1.75599 0.250271 0)
(1.75978 0.247348 0)
(1.76353 0.24441 0)
(1.76952 0.238561 0)
(1.77408 0.233513 0)
(1.77778 0.231304 0)
(1.7828 0.227346 0)
(1.78811 0.2219 0)
(1.79235 0.219262 0)
(1.79659 0.217832 0)
(2 -7.76778e-16 0)
(2 1.87507e-16 0)
(2 1.00319e-16 0)
(2 2.9734e-16 0)
(2 8.15059e-16 0)
(2 1.89596e-16 0)
(2 -2.64006e-16 0)
(2 2.74428e-16 0)
(2 6.51288e-16 0)
(2 1.77718e-15 0)
(2 3.32706e-15 0)
(2 3.08208e-15 0)
(2 2.78993e-15 0)
(2 3.07854e-15 0)
(2 3.65253e-15 0)
(2 4.1392e-15 0)
(2 4.00977e-15 0)
(2 3.71543e-15 0)
(2 3.54371e-15 0)
(2 3.73143e-15 0)
(2 3.77608e-15 0)
(2 4.39805e-15 0)
(2 5.22291e-15 0)
(2 4.72594e-15 0)
(2 3.84068e-15 0)
(2 2.02636e-15 0)
(2 2.36081e-15 0)
(2 1.54907e-15 0)
(2 1.15178e-15 0)
(2 6.01665e-16 0)
(2 1.1727e-13 0)
(2 2.03937e-11 0)
(2 2.04136e-09 0)
(2 1.36156e-07 0)
(2 4.70592e-06 0)
(1.9999 0.000123978 0)
(1.99867 0.00154862 0)
(1.98974 0.0119815 0)
(1.94844 0.0627404 0)
(1.86979 0.146924 0)
(1.7598 0.255786 0)
(1.66077 0.346815 0)
(1.63602 0.359806 0)
(1.62715 0.358696 0)
(1.625 0.356293 0)
(1.62447 0.352788 0)
(1.62268 0.351104 0)
(1.62037 0.351491 0)
(1.62129 0.349422 0)
(1.62544 0.346136 0)
(1.63112 0.341107 0)
(1.63657 0.335767 0)
(1.64158 0.332905 0)
(1.64481 0.331879 0)
(1.64608 0.330778 0)
(1.64909 0.328665 0)
(1.65306 0.32649 0)
(1.65835 0.323695 0)
(1.66325 0.320931 0)
(1.66703 0.319524 0)
(1.67071 0.317405 0)
(1.67417 0.314645 0)
(1.67783 0.312265 0)
(1.6828 0.308869 0)
(1.68796 0.304245 0)
(1.69228 0.301315 0)
(1.69613 0.299739 0)
(1.70028 0.296452 0)
(1.70398 0.29345 0)
(1.70788 0.291219 0)
(1.71376 0.286821 0)
(1.7194 0.28064 0)
(1.72362 0.277864 0)
(1.72766 0.275632 0)
(1.73267 0.270428 0)
(1.73658 0.267487 0)
(1.74001 0.265866 0)
(1.74576 0.260994 0)
(1.75125 0.254752 0)
(1.75495 0.25197 0)
(1.75936 0.247961 0)
(1.76529 0.241299 0)
(1.76942 0.236702 0)
(1.77312 0.234447 0)
(1.7784 0.230025 0)
(1.78349 0.224698 0)
(1.78764 0.222535 0)
(1.79171 0.221035 0)
(2 2.80725e-15 0)
(2 2.17636e-15 0)
(2 1.17291e-15 0)
(2 6.95244e-16 0)
(2 1.5509e-15 0)
(2 2.24396e-15 0)
(2 2.15242e-15 0)
(2 2.717e-15 0)
(2 2.90257e-15 0)
(2 2.91864e-15 0)
(2 2.85221e-15 0)
(2 2.84195e-15 0)
(2 3.42612e-15 0)
(2 3.89004e-15 0)
(2 4.20041e-15 0)
(2 4.41346e-15 0)
(2 4.99535e-15 0)
(2 4.54524e-15 0)
(2 4.13743e-15 0)
(2 3.69069e-15 0)
(2 3.38026e-15 0)
(2 4.10078e-15 0)
(2 5.76174e-15 0)
(2 5.24631e-15 0)
(2 4.59798e-15 0)
(2 4.28979e-15 0)
(2 3.29775e-15 0)
(2 2.00012e-15 0)
(2 8.67047e-16 0)
(2 -1.01686e-15 0)
(2 -2.41399e-15 0)
(2 7.66592e-15 0)
(2 2.39872e-12 0)
(2 3.03145e-10 0)
(2 2.52062e-08 0)
(2 1.09246e-06 0)
(1.99997 3.34254e-05 0)
(1.99951 0.000578455 0)
(1.99557 0.0051426 0)
(1.97159 0.0347193 0)
(1.90272 0.111407 0)
(1.80895 0.210105 0)
(1.67747 0.330141 0)
(1.63203 0.367494 0)
(1.62087 0.361693 0)
(1.6183 0.358573 0)
(1.6191 0.354945 0)
(1.619 0.352162 0)
(1.61754 0.352311 0)
(1.61818 0.350682 0)
(1.62263 0.346978 0)
(1.62906 0.341928 0)
(1.63511 0.336804 0)
(1.63946 0.334107 0)
(1.64297 0.33179 0)
(1.64521 0.329617 0)
(1.64842 0.327284 0)
(1.65323 0.324344 0)
(1.65776 0.32207 0)
(1.66181 0.320999 0)
(1.66556 0.319521 0)
(1.66854 0.31753 0)
(1.67135 0.315355 0)
(1.6757 0.312515 0)
(1.68115 0.30881 0)
(1.68604 0.305657 0)
(1.69077 0.303297 0)
(1.69514 0.300246 0)
(1.69848 0.29845 0)
(1.70124 0.29725 0)
(1.70634 0.293382 0)
(1.71267 0.288034 0)
(1.71747 0.28518 0)
(1.72276 0.281465 0)
(1.72794 0.275474 0)
(1.73172 0.272566 0)
(1.73487 0.270928 0)
(1.74048 0.265886 0)
(1.74567 0.260451 0)
(1.74945 0.257846 0)
(1.75453 0.253127 0)
(1.76067 0.246112 0)
(1.76481 0.241606 0)
(1.76886 0.23858 0)
(1.77441 0.233407 0)
(1.7792 0.228263 0)
(1.78327 0.226485 0)
(1.7874 0.224735 0)
(2 1.79714e-15 0)
(2 1.701e-15 0)
(2 1.90144e-15 0)
(2 2.41118e-15 0)
(2 3.27145e-15 0)
(2 4.19699e-15 0)
(2 4.85663e-15 0)
(2 4.74336e-15 0)
(2 4.45586e-15 0)
(2 3.33674e-15 0)
(2 1.19704e-15 0)
(2 1.28751e-15 0)
(2 1.4994e-15 0)
(2 1.38372e-15 0)
(2 1.30468e-15 0)
(2 1.57386e-15 0)
(2 2.26798e-15 0)
(2 2.85561e-15 0)
(2 3.10649e-15 0)
(2 3.10308e-15 0)
(2 3.20965e-15 0)
(2 3.23259e-15 0)
(2 3.34254e-15 0)
(2 3.6713e-15 0)
(2 3.7893e-15 0)
(2 3.81565e-15 0)
(2 3.26378e-15 0)
(2 2.10643e-15 0)
(2 1.35801e-15 0)
(2 5.05866e-16 0)
(2 -5.9573e-16 0)
(2 -2.01447e-16 0)
(2 1.60278e-15 0)
(2 2.36411e-13 0)
(2 3.82626e-11 0)
(2 3.88165e-09 0)
(2 2.25862e-07 0)
(1.99999 8.11351e-06 0)
(1.99985 0.000183062 0)
(1.99816 0.00215468 0)
(1.98624 0.0166285 0)
(1.93467 0.0782023 0)
(1.84909 0.168987 0)
(1.71036 0.295728 0)
(1.63389 0.367394 0)
(1.61759 0.361948 0)
(1.61307 0.362079 0)
(1.61362 0.359809 0)
(1.61397 0.356197 0)
(1.61355 0.353613 0)
(1.61569 0.350644 0)
(1.62084 0.347187 0)
(1.62671 0.343111 0)
(1.63219 0.339131 0)
(1.63695 0.336227 0)
(1.6406 0.334005 0)
(1.64351 0.331231 0)
(1.64761 0.327302 0)
(1.65204 0.323502 0)
(1.65638 0.321209 0)
(1.6609 0.319838 0)
(1.6645 0.318745 0)
(1.66714 0.317815 0)
(1.67007 0.315658 0)
(1.67479 0.312309 0)
(1.67978 0.309651 0)
(1.68527 0.306902 0)
(1.69047 0.303344 0)
(1.69444 0.3015 0)
(1.69724 0.300754 0)
(1.70135 0.297358 0)
(1.70628 0.293477 0)
(1.7106 0.291629 0)
(1.71623 0.287935 0)
(1.72213 0.281825 0)
(1.72633 0.27855 0)
(1.73024 0.275704 0)
(1.73618 0.269772 0)
(1.74089 0.265239 0)
(1.7447 0.263116 0)
(1.75002 0.258289 0)
(1.75599 0.251551 0)
(1.76004 0.247584 0)
(1.76442 0.244023 0)
(1.77025 0.238362 0)
(1.7751 0.233181 0)
(1.77925 0.231311 0)
(1.78357 0.229058 0)
(2 8.08666e-16 0)
(2 1.6954e-15 0)
(2 4.96329e-15 0)
(2 5.654e-15 0)
(2 5.63225e-15 0)
(2 5.56928e-15 0)
(2 5.39403e-15 0)
(2 4.26012e-15 0)
(2 2.95197e-15 0)
(2 2.05951e-15 0)
(2 5.73851e-16 0)
(2 -2.6335e-16 0)
(2 -1.29096e-15 0)
(2 -1.62315e-15 0)
(2 -1.52339e-15 0)
(2 -1.30244e-15 0)
(2 -9.50792e-16 0)
(2 -1.62693e-16 0)
(2 2.6355e-16 0)
(2 3.41362e-16 0)
(2 -5.03815e-17 0)
(2 -5.52077e-16 0)
(2 -1.00901e-15 0)
(2 1.20164e-15 0)
(2 1.73315e-15 0)
(2 1.91757e-15 0)
(2 2.2337e-15 0)
(2 2.40211e-15 0)
(2 2.25466e-15 0)
(2 1.89065e-15 0)
(2 1.2226e-15 0)
(2 7.49116e-16 0)
(2 -1.28029e-16 0)
(2 -1.15529e-15 0)
(2 1.81007e-14 0)
(2 3.98489e-12 0)
(2 5.38337e-10 0)
(2 4.06742e-08 0)
(2 1.6783e-06 0)
(1.99996 5.42148e-05 0)
(1.99935 0.000767352 0)
(1.9935 0.00766845 0)
(1.9608 0.048538 0)
(1.88521 0.128098 0)
(1.74262 0.264207 0)
(1.64358 0.350838 0)
(1.62093 0.364828 0)
(1.60624 0.366418 0)
(1.60611 0.365119 0)
(1.60773 0.359492 0)
(1.60982 0.353615 0)
(1.61379 0.349725 0)
(1.6193 0.34623 0)
(1.62449 0.343589 0)
(1.62945 0.341752 0)
(1.63352 0.339887 0)
(1.63634 0.336923 0)
(1.63981 0.332694 0)
(1.6451 0.328995 0)
(1.65064 0.325027 0)
(1.65606 0.321028 0)
(1.66062 0.318732 0)
(1.66403 0.318316 0)
(1.66691 0.316977 0)
(1.67058 0.314777 0)
(1.6744 0.312739 0)
(1.67964 0.309912 0)
(1.68518 0.306547 0)
(1.69001 0.304475 0)
(1.6941 0.303145 0)
(1.69826 0.299483 0)
(1.70213 0.296547 0)
(1.70567 0.295527 0)
(1.71091 0.292146 0)
(1.71689 0.286789 0)
(1.72124 0.283958 0)
(1.72589 0.280457 0)
(1.73199 0.274269 0)
(1.73653 0.270144 0)
(1.74039 0.267817 0)
(1.74614 0.26249 0)
(1.75145 0.256374 0)
(1.75529 0.253259 0)
(1.75997 0.249461 0)
(1.76591 0.243658 0)
(1.77067 0.239052 0)
(1.77486 0.237224 0)
(1.77961 0.234298 0)
(2 4.09566e-15 0)
(2 3.90771e-15 0)
(2 4.27783e-15 0)
(2 3.96394e-15 0)
(2 3.49314e-15 0)
(2 2.68674e-15 0)
(2 1.42556e-15 0)
(2 1.60871e-16 0)
(2 -5.43613e-16 0)
(2 -1.39457e-15 0)
(2 -1.31212e-15 0)
(2 -2.55048e-15 0)
(2 -3.94786e-15 0)
(2 -5.10364e-15 0)
(2 -5.37361e-15 0)
(2 -5.08369e-15 0)
(2 -4.38086e-15 0)
(2 -2.58472e-15 0)
(2 -3.36241e-16 0)
(2 1.02524e-15 0)
(2 1.43186e-15 0)
(2 1.23548e-15 0)
(2 -7.00489e-16 0)
(2 -7.37045e-16 0)
(2 -6.29719e-17 0)
(2 6.10498e-16 0)
(2 5.37838e-16 0)
(2 9.31812e-16 0)
(2 9.07761e-16 0)
(2 7.80463e-16 0)
(2 7.13557e-18 0)
(2 -7.45987e-16 0)
(2 -1.06111e-15 0)
(2 -1.69798e-15 0)
(2 -2.97933e-15 0)
(2 -3.2246e-15 0)
(2 3.82023e-13 0)
(2 5.73442e-11 0)
(2 6.22597e-09 0)
(2 3.43744e-07 0)
(1.99999 1.21963e-05 0)
(1.99975 0.00029195 0)
(1.99733 0.00313608 0)
(1.97829 0.0264339 0)
(1.90728 0.103241 0)
(1.80699 0.205892 0)
(1.6591 0.341235 0)
(1.61045 0.374618 0)
(1.59999 0.369983 0)
(1.59914 0.369179 0)
(1.60162 0.367131 0)
(1.6073 0.361576 0)
(1.6134 0.354779 0)
(1.61904 0.348204 0)
(1.62392 0.343239 0)
(1.62825 0.34094 0)
(1.63168 0.339694 0)
(1.63444 0.338317 0)
(1.63806 0.335625 0)
(1.6434 0.331305 0)
(1.64969 0.326797 0)
(1.65545 0.322394 0)
(1.66036 0.319308 0)
(1.66435 0.316721 0)
(1.66771 0.314948 0)
(1.67083 0.314306 0)
(1.67488 0.312528 0)
(1.6801 0.309391 0)
(1.68469 0.307422 0)
(1.68983 0.305344 0)
(1.6951 0.301251 0)
(1.6991 0.298526 0)
(1.70218 0.297778 0)
(1.70682 0.294508 0)
(1.71195 0.290218 0)
(1.71601 0.288173 0)
(1.72107 0.284449 0)
(1.72742 0.27839 0)
(1.73199 0.274742 0)
(1.73614 0.271948 0)
(1.7422 0.266294 0)
(1.74715 0.260762 0)
(1.751 0.25788 0)
(1.75601 0.253734 0)
(1.76158 0.248264 0)
(1.76608 0.244608 0)
(1.77026 0.242888 0)
(1.77508 0.239838 0)
(2 5.15595e-15 0)
(2 4.27952e-15 0)
(2 1.81102e-15 0)
(2 1.32652e-15 0)
(2 2.64631e-16 0)
(2 -3.90627e-16 0)
(2 -7.3659e-16 0)
(2 -1.00804e-15 0)
(2 -1.15233e-15 0)
(2 -1.29435e-15 0)
(2 -1.3264e-15 0)
(2 -1.60707e-15 0)
(2 -2.16378e-15 0)
(2 -3.73424e-15 0)
(2 -5.01719e-15 0)
(2 -6.02177e-15 0)
(2 -5.69184e-15 0)
(2 -3.64144e-15 0)
(2 -7.4109e-16 0)
(2 1.8305e-15 0)
(2 1.66208e-15 0)
(2 1.47423e-15 0)
(2 5.3267e-16 0)
(2 -1.06302e-15 0)
(2 -1.89928e-15 0)
(2 -1.47197e-15 0)
(2 -1.36085e-15 0)
(2 -1.2566e-15 0)
(2 -1.25316e-15 0)
(2 -1.41425e-15 0)
(2 -1.83857e-15 0)
(2 -2.29111e-15 0)
(2 -2.69135e-15 0)
(2 -3.08569e-15 0)
(2 -4.72229e-15 0)
(2 -6.87207e-15 0)
(2 -5.86743e-15 0)
(2 2.28165e-14 0)
(2 6.33747e-12 0)
(2 7.67924e-10 0)
(2 6.14597e-08 0)
(2 3.19259e-06 0)
(1.99993 7.96462e-05 0)
(1.99869 0.00153786 0)
(1.98935 0.0126104 0)
(1.94118 0.0680138 0)
(1.81678 0.1947 0)
(1.72052 0.283794 0)
(1.62354 0.360125 0)
(1.59849 0.378496 0)
(1.59583 0.376584 0)
(1.59632 0.373273 0)
(1.59968 0.367712 0)
(1.60708 0.360968 0)
(1.61591 0.353864 0)
(1.62291 0.345812 0)
(1.62788 0.341207 0)
(1.63173 0.339014 0)
(1.63482 0.337738 0)
(1.63804 0.336299 0)
(1.64236 0.333432 0)
(1.64835 0.329036 0)
(1.65477 0.324391 0)
(1.66046 0.31995 0)
(1.66493 0.316423 0)
(1.66822 0.315094 0)
(1.6717 0.313462 0)
(1.67579 0.311308 0)
(1.67966 0.310088 0)
(1.68501 0.307468 0)
(1.69094 0.303062 0)
(1.69544 0.301003 0)
(1.69903 0.300026 0)
(1.70395 0.29608 0)
(1.70849 0.292005 0)
(1.71212 0.290294 0)
(1.71722 0.286501 0)
(1.72301 0.281028 0)
(1.72711 0.278517 0)
(1.73154 0.275444 0)
(1.73791 0.269526 0)
(1.74243 0.264987 0)
(1.7463 0.262276 0)
(1.752 0.25759 0)
(1.75755 0.252259 0)
(1.76201 0.249253 0)
(1.76637 0.247126 0)
(1.77142 0.243685 0)
(2 1.38097e-15 0)
(2 6.65547e-16 0)
(2 -6.27687e-16 0)
(2 -1.86687e-16 0)
(2 -1.58047e-16 0)
(2 2.82967e-16 0)
(2 9.90882e-16 0)
(2 1.02756e-15 0)
(2 4.92248e-16 0)
(2 2.52627e-17 0)
(2 -1.60303e-16 0)
(2 -4.97065e-16 0)
(2 -3.1839e-16 0)
(2 -3.73784e-16 0)
(2 -6.84391e-16 0)
(2 -1.53777e-15 0)
(2 -1.89117e-15 0)
(2 -2.61782e-15 0)
(2 -2.30816e-15 0)
(2 -1.25941e-15 0)
(2 -1.54579e-15 0)
(2 -2.02751e-15 0)
(2 -1.13213e-15 0)
(2 -1.93018e-15 0)
(2 -2.4817e-15 0)
(2 -2.13805e-15 0)
(2 -1.98174e-15 0)
(2 -3.23755e-15 0)
(2 -3.94621e-15 0)
(2 -5.13667e-15 0)
(2 -6.4327e-15 0)
(2 -6.62708e-15 0)
(2 -6.76033e-15 0)
(2 -6.86868e-15 0)
(2 -7.71112e-15 0)
(2 -6.89205e-15 0)
(2 -5.01265e-15 0)
(2 -3.29466e-16 0)
(2 2.59233e-15 0)
(2 5.12892e-13 0)
(2 1.05392e-10 0)
(2 1.12271e-08 0)
(2 6.55874e-07 0)
(1.99998 2.85509e-05 0)
(1.99956 0.000514692 0)
(1.99384 0.0073807 0)
(1.96597 0.0380364 0)
(1.86128 0.151611 0)
(1.72311 0.283866 0)
(1.65416 0.335478 0)
(1.61115 0.364179 0)
(1.60023 0.375371 0)
(1.59502 0.375387 0)
(1.59619 0.372266 0)
(1.6027 0.365576 0)
(1.61197 0.35805 0)
(1.62099 0.350495 0)
(1.62732 0.343956 0)
(1.63197 0.339782 0)
(1.63531 0.337878 0)
(1.63822 0.336553 0)
(1.64216 0.334425 0)
(1.64777 0.331046 0)
(1.65365 0.326747 0)
(1.65945 0.322408 0)
(1.66455 0.318819 0)
(1.66887 0.315602 0)
(1.67262 0.312854 0)
(1.67626 0.311206 0)
(1.68119 0.308527 0)
(1.68623 0.305062 0)
(1.69027 0.304063 0)
(1.69411 0.302873 0)
(1.69977 0.298708 0)
(1.70438 0.294837 0)
(1.70817 0.292578 0)
(1.71393 0.288055 0)
(1.71948 0.282797 0)
(1.72337 0.280703 0)
(1.72821 0.277037 0)
(1.7342 0.271118 0)
(1.73827 0.267999 0)
(1.74229 0.265446 0)
(1.74841 0.260314 0)
(1.75331 0.255867 0)
(1.75742 0.253739 0)
(1.76235 0.250741 0)
(1.76754 0.247081 0)
(2 -4.84326e-16 0)
(2 -6.65507e-16 0)
(2 -2.50833e-16 0)
(2 -1.2824e-16 0)
(2 1.14211e-15 0)
(2 3.04131e-15 0)
(2 3.53614e-15 0)
(2 3.14663e-15 0)
(2 2.3104e-15 0)
(2 1.26684e-15 0)
(2 -4.79996e-16 0)
(2 -1.40213e-15 0)
(2 -5.63597e-16 0)
(2 1.78693e-15 0)
(2 2.02117e-15 0)
(2 2.22165e-15 0)
(2 1.37113e-15 0)
(2 -6.68949e-16 0)
(2 -3.31848e-15 0)
(2 -4.46117e-15 0)
(2 -3.19886e-15 0)
(2 -2.39069e-15 0)
(2 -1.94397e-15 0)
(2 -1.60607e-15 0)
(2 -2.05796e-15 0)
(2 -2.0316e-15 0)
(2 -1.58079e-15 0)
(2 -3.42959e-15 0)
(2 -5.07103e-15 0)
(2 -6.98626e-15 0)
(2 -7.46839e-15 0)
(2 -7.18045e-15 0)
(2 -6.67223e-15 0)
(2 -6.08541e-15 0)
(2 -5.63803e-15 0)
(2 -3.29944e-15 0)
(2 -3.15482e-15 0)
(2 -3.12234e-15 0)
(2 -3.03795e-15 0)
(2 -3.57099e-15 0)
(2 5.52532e-14 0)
(2 1.16088e-11 0)
(2 1.9558e-09 0)
(2 1.6127e-07 0)
(1.99999 7.59073e-06 0)
(1.99982 0.000202862 0)
(1.99731 0.00333019 0)
(1.97764 0.0252637 0)
(1.90945 0.0977933 0)
(1.75265 0.259635 0)
(1.66061 0.338363 0)
(1.61904 0.359564 0)
(1.60255 0.371654 0)
(1.59597 0.374157 0)
(1.59548 0.372302 0)
(1.60153 0.368703 0)
(1.60978 0.363127 0)
(1.61933 0.3563 0)
(1.62668 0.349884 0)
(1.63181 0.34457 0)
(1.63491 0.340916 0)
(1.63804 0.337977 0)
(1.64343 0.334278 0)
(1.64865 0.331618 0)
(1.6533 0.329306 0)
(1.65814 0.325817 0)
(1.66294 0.321713 0)
(1.66803 0.317224 0)
(1.673 0.313458 0)
(1.67804 0.310239 0)
(1.68266 0.307164 0)
(1.68646 0.306337 0)
(1.6904 0.304867 0)
(1.69605 0.300675 0)
(1.70035 0.297646 0)
(1.7043 0.295181 0)
(1.7104 0.290297 0)
(1.71527 0.285891 0)
(1.71893 0.283647 0)
(1.72465 0.279196 0)
(1.73074 0.272998 0)
(1.73492 0.270271 0)
(1.73936 0.267405 0)
(1.74533 0.261975 0)
(1.74974 0.258403 0)
(1.75351 0.256895 0)
(1.75866 0.253421 0)
(1.76367 0.249819 0)
(2 -1.49898e-15 0)
(2 -9.78218e-16 0)
(2 -4.03169e-16 0)
(2 -8.45311e-16 0)
(2 -6.3912e-16 0)
(2 -3.02375e-16 0)
(2 -5.94534e-16 0)
(2 -1.39298e-15 0)
(2 -2.14977e-15 0)
(2 -2.72287e-15 0)
(2 -3.68392e-15 0)
(2 -3.41129e-15 0)
(2 -2.54184e-15 0)
(2 -1.34321e-15 0)
(2 1.02046e-16 0)
(2 1.35291e-15 0)
(2 5.8195e-16 0)
(2 -9.60658e-16 0)
(2 -2.96681e-15 0)
(2 -3.85687e-15 0)
(2 -3.73893e-15 0)
(2 -2.95542e-15 0)
(2 -1.99974e-15 0)
(2 -7.44688e-16 0)
(2 -8.62572e-16 0)
(2 -2.50743e-15 0)
(2 -4.6575e-15 0)
(2 -5.11184e-15 0)
(2 -5.02396e-15 0)
(2 -4.60474e-15 0)
(2 -3.52607e-15 0)
(2 -2.08239e-15 0)
(2 -1.2454e-15 0)
(2 -1.57442e-15 0)
(2 -1.83366e-15 0)
(2 -1.12531e-15 0)
(2 -1.02767e-15 0)
(2 -3.24924e-15 0)
(2 -3.37051e-15 0)
(2 -3.21925e-15 0)
(2 -3.7317e-15 0)
(2 -1.78464e-15 0)
(2 2.04135e-12 0)
(2 2.78125e-10 0)
(2 3.59439e-08 0)
(2 2.26713e-06 0)
(1.99994 7.0522e-05 0)
(1.99878 0.00144293 0)
(1.98714 0.0153423 0)
(1.93938 0.0671857 0)
(1.79765 0.212637 0)
(1.68171 0.320437 0)
(1.629 0.35802 0)
(1.60017 0.371785 0)
(1.59452 0.375816 0)
(1.59665 0.373897 0)
(1.60231 0.370637 0)
(1.60891 0.367032 0)
(1.6153 0.361561 0)
(1.62193 0.354931 0)
(1.62844 0.348824 0)
(1.63417 0.343622 0)
(1.63953 0.339703 0)
(1.64417 0.337418 0)
(1.6486 0.334853 0)
(1.65314 0.331268 0)
(1.65766 0.327418 0)
(1.66301 0.322634 0)
(1.66789 0.318888 0)
(1.67209 0.316419 0)
(1.677 0.31312 0)
(1.68156 0.310781 0)
(1.6867 0.307684 0)
(1.69277 0.302727 0)
(1.6973 0.29968 0)
(1.70147 0.297213 0)
(1.70696 0.29263 0)
(1.71107 0.289432 0)
(1.71495 0.286593 0)
(1.72143 0.281428 0)
(1.72723 0.275512 0)
(1.73132 0.273289 0)
(1.73646 0.269782 0)
(1.74221 0.264074 0)
(1.74618 0.261444 0)
(1.74988 0.259797 0)
(1.75553 0.25541 0)
(1.76024 0.252021 0)
(2 -2.09052e-15 0)
(2 -3.00976e-15 0)
(2 -3.76347e-15 0)
(2 -4.54583e-15 0)
(2 -4.60427e-15 0)
(2 -4.85626e-15 0)
(2 -4.99717e-15 0)
(2 -5.28582e-15 0)
(2 -5.01551e-15 0)
(2 -3.7211e-15 0)
(2 -2.85398e-15 0)
(2 -2.29842e-15 0)
(2 -2.70507e-15 0)
(2 -2.88948e-15 0)
(2 -2.20301e-15 0)
(2 -1.93175e-15 0)
(2 -2.4531e-15 0)
(2 -2.47831e-15 0)
(2 -2.00408e-15 0)
(2 -1.59824e-15 0)
(2 -2.27089e-15 0)
(2 -3.02473e-15 0)
(2 -2.98009e-15 0)
(2 -2.7785e-15 0)
(2 -1.45511e-15 0)
(2 -1.85741e-15 0)
(2 -2.47491e-15 0)
(2 -2.09689e-15 0)
(2 -1.33283e-15 0)
(2 -3.82856e-16 0)
(2 -4.00249e-16 0)
(2 -2.67134e-16 0)
(2 -5.67456e-16 0)
(2 -1.27258e-15 0)
(2 -7.76857e-16 0)
(2 -2.14477e-15 0)
(2 -1.04826e-15 0)
(2 -1.0022e-15 0)
(2 -1.24617e-15 0)
(2 -1.69764e-15 0)
(2 -3.0673e-15 0)
(2 -3.0411e-15 0)
(2 -1.83417e-15 0)
(2 1.84238e-13 0)
(2 6.04832e-11 0)
(2 7.11802e-09 0)
(2 6.04915e-07 0)
(1.99998 2.69847e-05 0)
(1.99951 0.000561702 0)
(1.99301 0.00866467 0)
(1.95809 0.0465996 0)
(1.85878 0.15146 0)
(1.69716 0.310577 0)
(1.63151 0.357049 0)
(1.60619 0.366261 0)
(1.59984 0.375023 0)
(1.59969 0.375186 0)
(1.60369 0.370983 0)
(1.60869 0.365752 0)
(1.61374 0.361957 0)
(1.61929 0.357791 0)
(1.62551 0.352975 0)
(1.63165 0.348932 0)
(1.6371 0.34621 0)
(1.64297 0.342539 0)
(1.64901 0.337329 0)
(1.65431 0.332116 0)
(1.6595 0.327281 0)
(1.66404 0.32399 0)
(1.66775 0.322453 0)
(1.67186 0.31998 0)
(1.67642 0.316874 0)
(1.68204 0.312691 0)
(1.6887 0.307101 0)
(1.69374 0.303606 0)
(1.69855 0.300508 0)
(1.7039 0.295786 0)
(1.70774 0.292743 0)
(1.71175 0.289318 0)
(1.71842 0.283812 0)
(1.7238 0.278764 0)
(1.72799 0.276568 0)
(1.73369 0.272424 0)
(1.73911 0.266858 0)
(1.74296 0.264812 0)
(1.74679 0.262807 0)
(1.75217 0.258155 0)
(1.7565 0.255367 0)
(2 -2.37715e-15 0)
(2 -3.30496e-15 0)
(2 -4.89729e-15 0)
(2 -5.58227e-15 0)
(2 -5.96146e-15 0)
(2 -6.04049e-15 0)
(2 -5.36235e-15 0)
(2 -4.20197e-15 0)
(2 -2.86978e-15 0)
(2 -1.51684e-15 0)
(2 -6.54438e-16 0)
(2 -1.0164e-15 0)
(2 -2.00607e-15 0)
(2 -2.67848e-15 0)
(2 -2.26179e-15 0)
(2 -2.37835e-15 0)
(2 -4.42883e-15 0)
(2 -3.63503e-15 0)
(2 -3.32347e-15 0)
(2 -3.25728e-15 0)
(2 -3.55141e-15 0)
(2 -4.19861e-15 0)
(2 -4.07265e-15 0)
(2 -4.10934e-15 0)
(2 -2.61474e-15 0)
(2 -2.22963e-15 0)
(2 -4.91961e-16 0)
(2 1.4175e-15 0)
(2 3.22848e-15 0)
(2 3.07229e-15 0)
(2 2.70742e-15 0)
(2 1.17888e-15 0)
(2 -1.3448e-16 0)
(2 2.63033e-16 0)
(2 8.95096e-16 0)
(2 -5.07846e-16 0)
(2 -1.15814e-15 0)
(2 -1.55162e-15 0)
(2 -1.71031e-15 0)
(2 -2.89085e-15 0)
(2 -2.75393e-15 0)
(2 -2.6851e-15 0)
(2 -2.36307e-15 0)
(2 -2.3351e-15 0)
(2 2.72343e-14 0)
(2 8.42002e-12 0)
(2 1.68288e-09 0)
(2 1.57865e-07 0)
(1.99999 8.37752e-06 0)
(1.99976 0.000275384 0)
(1.99714 0.00341875 0)
(1.97066 0.0345318 0)
(1.90087 0.109476 0)
(1.75944 0.247852 0)
(1.62932 0.369552 0)
(1.60627 0.37277 0)
(1.59972 0.375751 0)
(1.59865 0.376382 0)
(1.6014 0.375464 0)
(1.60906 0.36906 0)
(1.61616 0.361367 0)
(1.6218 0.356513 0)
(1.62643 0.354852 0)
(1.63057 0.354088 0)
(1.63521 0.351378 0)
(1.64098 0.346167 0)
(1.64716 0.340275 0)
(1.65346 0.334926 0)
(1.65881 0.331553 0)
(1.66354 0.329489 0)
(1.66865 0.326104 0)
(1.67323 0.322324 0)
(1.67834 0.317895 0)
(1.68478 0.312336 0)
(1.68986 0.308964 0)
(1.69464 0.306254 0)
(1.69993 0.301853 0)
(1.70393 0.298128 0)
(1.70886 0.293147 0)
(1.71583 0.286759 0)
(1.72078 0.28252 0)
(1.72514 0.280018 0)
(1.73114 0.275349 0)
(1.73609 0.270422 0)
(1.73976 0.269154 0)
(1.74383 0.266608 0)
(1.74894 0.261566 0)
(1.75289 0.259441 0)
(2 -1.78745e-15 0)
(2 -1.42316e-15 0)
(2 -1.8717e-15 0)
(2 -1.04584e-15 0)
(2 -1.66098e-15 0)
(2 -2.03785e-15 0)
(2 -1.80875e-15 0)
(2 -1.42385e-15 0)
(2 8.51458e-17 0)
(2 8.16234e-16 0)
(2 1.2085e-15 0)
(2 1.86374e-15 0)
(2 1.59572e-15 0)
(2 4.46047e-16 0)
(2 -1.03253e-15 0)
(2 -1.64916e-15 0)
(2 -1.65173e-15 0)
(2 -2.51737e-15 0)
(2 -2.8007e-15 0)
(2 -3.96964e-15 0)
(2 -4.85888e-15 0)
(2 -5.03901e-15 0)
(2 -3.81868e-15 0)
(2 -2.54183e-15 0)
(2 -3.0166e-15 0)
(2 -2.06964e-15 0)
(2 -8.05318e-16 0)
(2 2.86649e-16 0)
(2 1.39052e-15 0)
(2 3.04914e-15 0)
(2 4.28133e-15 0)
(2 3.32008e-15 0)
(2 2.94349e-15 0)
(2 2.4824e-15 0)
(2 8.71248e-16 0)
(2 1.55821e-15 0)
(2 1.36468e-15 0)
(2 7.04902e-16 0)
(2 1.41191e-15 0)
(2 -6.60849e-17 0)
(2 -1.60547e-15 0)
(2 -2.27862e-15 0)
(2 -2.08797e-15 0)
(2 -3.92829e-15 0)
(2 -5.53417e-15 0)
(2 -3.5542e-15 0)
(2 1.57382e-12 0)
(2 3.23972e-10 0)
(2 4.13242e-08 0)
(2 2.92335e-06 0)
(1.99992 8.76566e-05 0)
(1.99828 0.00205193 0)
(1.98748 0.0153299 0)
(1.91646 0.0928584 0)
(1.80344 0.208898 0)
(1.69231 0.304634 0)
(1.61513 0.384414 0)
(1.59353 0.385887 0)
(1.59427 0.382275 0)
(1.59985 0.376454 0)
(1.60661 0.371121 0)
(1.61558 0.36616 0)
(1.62268 0.362534 0)
(1.62799 0.36022 0)
(1.63289 0.35558 0)
(1.63766 0.349575 0)
(1.64211 0.345524 0)
(1.64697 0.342659 0)
(1.65231 0.340361 0)
(1.65786 0.338364 0)
(1.66366 0.334862 0)
(1.66891 0.330003 0)
(1.6746 0.324215 0)
(1.68124 0.318342 0)
(1.68633 0.314941 0)
(1.69153 0.311867 0)
(1.69684 0.307535 0)
(1.7007 0.303995 0)
(1.7051 0.299332 0)
(1.71102 0.293524 0)
(1.71541 0.289957 0)
(1.72046 0.28652 0)
(1.72712 0.281102 0)
(1.73231 0.276378 0)
(1.7364 0.274834 0)
(1.74115 0.271247 0)
(1.74582 0.266251 0)
(1.74935 0.2647 0)
(2 7.39949e-16 0)
(2 1.00836e-15 0)
(2 2.64969e-15 0)
(2 2.78943e-15 0)
(2 2.71159e-15 0)
(2 2.70244e-15 0)
(2 3.28205e-15 0)
(2 4.08501e-15 0)
(2 4.74657e-15 0)
(2 5.67964e-15 0)
(2 6.43785e-15 0)
(2 6.2901e-15 0)
(2 5.39323e-15 0)
(2 4.42359e-15 0)
(2 1.98797e-15 0)
(2 8.61734e-16 0)
(2 4.64201e-16 0)
(2 -9.41915e-17 0)
(2 -1.53268e-16 0)
(2 4.57569e-16 0)
(2 3.27894e-16 0)
(2 1.6745e-16 0)
(2 -2.14527e-16 0)
(2 8.66246e-16 0)
(2 1.41181e-15 0)
(2 1.89843e-15 0)
(2 2.55354e-15 0)
(2 1.71222e-15 0)
(2 5.55837e-16 0)
(2 2.92119e-16 0)
(2 3.0015e-16 0)
(2 1.35233e-15 0)
(2 2.10355e-15 0)
(2 2.41727e-15 0)
(2 1.91367e-15 0)
(2 2.79894e-15 0)
(2 3.79346e-15 0)
(2 4.53778e-15 0)
(2 4.5074e-15 0)
(2 3.6365e-15 0)
(2 3.33218e-15 0)
(2 2.02352e-15 0)
(2 -6.87343e-16 0)
(2 -1.88955e-15 0)
(2 -2.29841e-15 0)
(2 -1.97698e-15 0)
(2 -2.06597e-15 0)
(2 2.13061e-13 0)
(2 8.22708e-11 0)
(2 9.26173e-09 0)
(2 8.24097e-07 0)
(1.99997 3.81387e-05 0)
(1.99939 0.000700766 0)
(1.99081 0.0108654 0)
(1.95759 0.0496536 0)
(1.83176 0.178833 0)
(1.70272 0.306952 0)
(1.64707 0.348871 0)
(1.60833 0.369866 0)
(1.60269 0.378792 0)
)
;

boundaryField
{
    inlet
    {
        type            fixedValue;
        value           nonuniform 0();
    }
    outlet
    {
        type            inletOutlet;
        inletValue      nonuniform 0();
        value           nonuniform 0();
    }
    bottom
    {
        type            symmetryPlane;
    }
    top
    {
        type            symmetryPlane;
    }
    obstacle
    {
        type            slip;
    }
    front
    {
        type            empty;
    }
    back
    {
        type            empty;
    }
    procBoundary27to10
    {
        type            processor;
        value           nonuniform List<vector> 
14
(
(2 -3.0324e-15 0)
(2 -1.0601e-15 0)
(2 -1.97771e-15 0)
(2 -3.97151e-16 0)
(2 1.96069e-15 0)
(2 -1.71304e-16 0)
(2 1.20766e-15 0)
(2 2.67983e-15 0)
(2 1.90153e-15 0)
(2 -3.26669e-18 0)
(2 9.41362e-16 0)
(2 1.55968e-15 0)
(2 -9.74203e-16 0)
(2 -3.45822e-15 0)
)
;
    }
    procBoundary27to18
    {
        type            processor;
        value           nonuniform List<vector> 
13
(
(2 -1.30986e-15 0)
(2 2.53951e-15 0)
(2 1.45932e-15 0)
(2 1.03216e-15 0)
(2 4.75201e-15 0)
(2 4.81975e-15 0)
(2 1.48994e-15 0)
(2 3.57403e-16 0)
(2 -1.01545e-15 0)
(2 -1.80232e-15 0)
(2 -2.42307e-15 0)
(2 -2.66129e-15 0)
(2 2.57801e-17 0)
)
;
    }
    procBoundary27to19
    {
        type            processor;
        value           nonuniform List<vector> 
89
(
(1.63556 0.321112 0)
(1.63711 0.318639 0)
(1.63953 0.31513 0)
(1.64195 0.310778 0)
(1.64382 0.305705 0)
(1.64436 0.302336 0)
(1.64475 0.302446 0)
(1.64528 0.303482 0)
(1.64523 0.304636 0)
(1.6452 0.304446 0)
(1.64392 0.304132 0)
(1.64264 0.304747 0)
(1.64085 0.306763 0)
(1.63971 0.310108 0)
(1.63837 0.314064 0)
(1.63728 0.31784 0)
(1.6384 0.321375 0)
(1.63886 0.324302 0)
(1.64084 0.326524 0)
(1.64258 0.327554 0)
(1.64579 0.327611 0)
(1.64995 0.326775 0)
(1.65466 0.325003 0)
(1.66072 0.321859 0)
(1.66648 0.319103 0)
(1.6739 0.315317 0)
(1.68317 0.310607 0)
(1.69099 0.307779 0)
(1.70191 0.302462 0)
(1.71306 0.295964 0)
(1.72121 0.292688 0)
(1.73193 0.285999 0)
(1.74257 0.277738 0)
(1.74915 0.273558 0)
(1.75766 0.266355 0)
(1.76745 0.256306 0)
(1.77284 0.250079 0)
(1.77723 0.244293 0)
(1.78451 0.234416 0)
(1.78829 0.226126 0)
(1.79196 0.218863 0)
(1.79618 0.208458 0)
(1.79701 0.202475 0)
(1.79871 0.196598 0)
(1.80217 0.186938 0)
(1.80325 0.180836 0)
(1.80497 0.175467 0)
(1.80746 0.167402 0)
(1.80801 0.16304 0)
(1.80888 0.161139 0)
(1.81154 0.155949 0)
(1.81353 0.151638 0)
(1.81522 0.151667 0)
(1.81763 0.149361 0)
(1.82077 0.144718 0)
(1.8236 0.144148 0)
(1.8267 0.143326 0)
(1.82997 0.139841 0)
(1.83238 0.13808 0)
(1.83445 0.138123 0)
(1.83752 0.135909 0)
(1.84091 0.132837 0)
(1.84425 0.131988 0)
(1.84768 0.131895 0)
(1.85106 0.132202 0)
(2 -1.5371e-15 0)
(2 -2.5939e-15 0)
(2 -3.92978e-15 0)
(2 -3.88895e-15 0)
(2 -3.47708e-15 0)
(2 -1.80054e-15 0)
(2 -1.88457e-15 0)
(2 -1.33724e-15 0)
(2 -2.25922e-15 0)
(2 -1.98293e-15 0)
(2 6.44826e-15 0)
(2 2.31114e-12 0)
(2 2.07818e-10 0)
(2 2.26431e-08 0)
(2 1.10831e-06 0)
(1.99998 2.57237e-05 0)
(1.99948 0.000591143 0)
(1.99568 0.00487323 0)
(1.96648 0.0361435 0)
(1.8835 0.120981 0)
(1.78393 0.216732 0)
(1.66392 0.319957 0)
(1.63321 0.332591 0)
(1.63321 0.332591 0)
)
;
    }
    procBoundary27to20
    {
        type            processor;
        value           uniform (1.8551 0.132934 0);
    }
    procBoundary27to28
    {
        type            processor;
        value           nonuniform List<vector> 
26
(
(1.85499 0.133963 0)
(1.85583 0.135461 0)
(1.85542 0.13856 0)
(1.8529 0.143689 0)
(1.84818 0.151397 0)
(1.84306 0.160359 0)
(1.83743 0.170764 0)
(1.83179 0.181885 0)
(1.82652 0.192279 0)
(1.82061 0.201391 0)
(1.81546 0.207042 0)
(1.81047 0.210405 0)
(1.8064 0.211995 0)
(1.80191 0.21388 0)
(1.79709 0.216827 0)
(1.79279 0.220262 0)
(1.78883 0.224338 0)
(1.7849 0.229296 0)
(1.78027 0.235008 0)
(1.77634 0.239319 0)
(1.77229 0.243595 0)
(1.76814 0.247397 0)
(1.76416 0.250836 0)
(1.76056 0.254065 0)
(1.75678 0.258087 0)
(1.75341 0.26277 0)
)
;
    }
    procBoundary27to35
    {
        type            processor;
        value           nonuniform List<vector> 
89
(
(1.60455 0.377634 0)
(1.60872 0.374785 0)
(1.61434 0.371488 0)
(1.62005 0.36815 0)
(1.62484 0.362894 0)
(1.63053 0.356716 0)
(1.63663 0.352498 0)
(1.64305 0.349463 0)
(1.64915 0.346641 0)
(1.65493 0.344225 0)
(1.66082 0.340402 0)
(1.66546 0.335997 0)
(1.66918 0.332072 0)
(1.67414 0.327784 0)
(1.67941 0.324448 0)
(1.68572 0.320682 0)
(1.69206 0.315722 0)
(1.69675 0.31123 0)
(1.70179 0.305646 0)
(1.70723 0.300123 0)
(1.7115 0.296718 0)
(1.71708 0.292707 0)
(1.72357 0.287185 0)
(1.72856 0.283423 0)
(1.73286 0.281836 0)
(1.73774 0.277836 0)
(1.74203 0.273245 0)
(1.74538 0.271639 0)
(2 1.49436e-15 0)
(2 1.69846e-15 0)
(2 2.02684e-15 0)
(2 1.45066e-15 0)
(2 1.02111e-15 0)
(2 9.23778e-16 0)
(2 1.34762e-15 0)
(2 2.07841e-15 0)
(2 2.82085e-15 0)
(2 5.06735e-15 0)
(2 6.23766e-15 0)
(2 6.89515e-15 0)
(2 7.14372e-15 0)
(2 6.60776e-15 0)
(2 6.28531e-15 0)
(2 5.34747e-15 0)
(2 4.71298e-15 0)
(2 3.35918e-15 0)
(2 2.29831e-15 0)
(2 2.15586e-15 0)
(2 2.66934e-15 0)
(2 2.60647e-15 0)
(2 2.15645e-15 0)
(2 2.93404e-15 0)
(2 4.13068e-15 0)
(2 3.93969e-15 0)
(2 3.56063e-15 0)
(2 3.42562e-15 0)
(2 3.2754e-15 0)
(2 2.30623e-15 0)
(2 5.29492e-16 0)
(2 4.39171e-16 0)
(2 1.31503e-15 0)
(2 2.08496e-15 0)
(2 2.70706e-15 0)
(2 1.27553e-15 0)
(2 1.48932e-15 0)
(2 1.82074e-15 0)
(2 1.16349e-15 0)
(2 2.59017e-15 0)
(2 3.72561e-15 0)
(2 2.78524e-15 0)
(2 5.26612e-16 0)
(2 8.91512e-17 0)
(2 -1.41137e-16 0)
(2 3.08879e-16 0)
(2 3.74432e-16 0)
(2 7.69798e-16 0)
(2 5.42953e-14 0)
(2 9.97444e-12 0)
(2 3.07869e-09 0)
(2 2.01643e-07 0)
(1.99999 1.17678e-05 0)
(1.99969 0.000370648 0)
(1.9966 0.00412094 0)
(1.96565 0.0390151 0)
(1.89277 0.117765 0)
(1.74575 0.266812 0)
(1.63323 0.371716 0)
(1.60455 0.377634 0)
(1.61282 0.367605 0)
)
;
    }
}


// ************************************************************************* //
